"","start_year","end_year","prism_precip","daymet_precip","nldas_precip","daymet_ndays_with_data","prism_ndays_with_data","nldas2_ndays_with_data","daymet_missing","prism_missing","nldas2_missing","var","CV","nldas2_dif_from_mean","prism_dif_from_mean","daymet_dif_from_mean","hydrocode"
"1",1988,1993,245.386753427992,266.193741503764,247.08901081832,2190,2192,2192,0,0,0,133.469861261926,0.0456835906136753,-5.80082443170537,-7.50308182203307,13.3039062537384,"usgs_ws_02019500"
"2",1988,1993,226.569033554709,252.330043830456,212.410713783088,2190,2192,2192,0,0,0,409.606763435541,0.0878278206483283,-18.0258832729959,-3.86756350137563,21.8934467743715,"usgs_ws_01622000"
"3",1988,1993,240.285729731548,276.963996458392,245.687925978495,2190,2192,2192,0,0,0,392.111926506584,0.0778640935586597,-8.62462474431649,-14.0268209912637,22.6514457355802,"usgs_ws_02011400"
"4",1988,1993,243.629501563429,269.637429029643,NA,2190,2192,0,0,0,2192,NA,NA,NA,NA,NA,"usgs_ws_03473500"
"5",1988,1993,256.442090373226,259.602873338016,259.52665195534,2190,2192,2192,0,0,0,3.2518131339231,0.00697528791949101,1.0027800664796,-2.08178151563476,1.0790014491551,"usgs_ws_01670400"
"6",1988,1993,245.983387716418,252.5169459297,253.78792838399,2190,2192,2192,0,0,0,17.5356057262053,0.01669926494861,3.0251743739538,-4.77936629361776,1.75419191966395,"usgs_ws_02036500"
"7",1988,1993,253.377105361327,258.286317079238,252.54778204502,2190,2192,2192,0,0,0,9.61982019886552,0.0121756268963642,-2.18928611684152,-1.35996280053484,3.54924891737639,"usgs_ws_01656000"
"8",1988,1993,251.680921134137,259.792655694577,254.057375379885,2190,2192,2192,0,0,0,17.3902021082077,0.0163422110358647,-1.11960868964803,-3.4960629353956,4.61567162504366,"usgs_ws_01671100"
"9",1988,1993,264.608184552101,272.847763187379,269.98735839152,2190,2192,2192,0,0,0,17.5013471462991,0.0155433617911726,0.839589681186737,-4.5395841582324,3.69999447704566,"usgs_ws_02065500"
"10",1988,1993,240.254430001185,278.924798926355,250.000522795485,2190,2192,2192,0,0,0,404.499584543107,0.0784426851626404,-6.39272777885674,-16.1388205731565,22.5315483520132,"usgs_ws_02011800"
"11",1988,1993,241.853814520286,277.0178442343,248.1976087173,2190,2192,2192,0,0,0,351.226447632912,0.0732960004620328,-7.49214710666197,-13.835941303676,21.328088410338,"usgs_ws_02012500"
"12",1988,1993,258.589985670432,289.637127938999,258.192099069327,2190,2192,2192,0,0,0,325.478866234415,0.0671153386403027,-10.6143051569253,-10.2164185558211,20.8307237127464,"usgs_ws_02047500"
"13",1988,1993,267.177938973515,280.003356992961,267.47910900557,2190,2192,2192,0,0,0,53.5731397352332,0.0269536879278186,-4.0743593184452,-4.37552935050041,8.44988866894556,"usgs_ws_02038850"
"14",1988,1993,253.942145058133,264.42524917246,257.958914100888,2190,2192,2192,0,0,0,27.9738991120821,0.0204387086522387,-0.816522009605535,-4.83329105236064,5.64981306196626,"usgs_ws_02044500"
"15",1988,1993,269.623736311404,271.498685133003,270.83009113006,2190,2192,2192,0,0,0,0.902957162147304,0.00351094639086986,0.179253605237648,-1.02710121341852,0.847847608180928,"usgs_ws_02056650"
"16",1988,1993,257.361123216994,273.67311459821,257.698428527155,2190,2192,2192,0,0,0,86.8975721269846,0.0354564497839548,-5.21246025363132,-5.54976556379256,10.7622258174239,"usgs_ws_01669520"
"17",1988,1993,265.125171290146,271.453292795141,NA,2190,2192,0,0,0,2192,NA,NA,NA,NA,NA,"usgs_ws_03177710"
"18",1988,1993,223.82642013218,238.759074292599,216.25168370498,2190,2192,2192,0,0,0,131.157237213312,0.0506117978987296,-10.0273756716064,-2.45263924440627,12.4800149160127,"usgs_ws_01613900"
"19",1988,1993,254.275958730999,265.13143766031,256.942322247581,2190,2192,2192,0,0,0,32.0020880717133,0.0218601437156759,-1.84091729871585,-4.50728081529772,6.34819811401348,"usgs_ws_02041650"
"20",1988,1993,238.373804595217,268.201438252532,226.197346787539,2190,2192,2192,0,0,0,467.049592356116,0.0884776415922515,-18.0601830908905,-5.8837252832123,23.9439083741028,"usgs_ws_01628500"
"21",1988,1993,264.880119823536,281.547104422411,261.79333484414,2190,2192,2192,0,0,0,112.921338279934,0.0394438564313148,-7.61351818588901,-4.52673320649313,12.1402513923822,"usgs_ws_02021500"
"22",1988,1993,298.124316971784,300.428712812248,309.932971825657,2190,2192,2192,0,0,0,39.1809181735672,0.0206699925170573,7.10430462242721,-4.70435023144552,-2.39995439098169,"usgs_ws_02072000"
"23",1988,1993,214.204716484747,231.54158583737,204.441149276114,2190,2192,2192,0,0,0,188.387990899687,0.0633299694435079,-12.28800125663,-2.52443404799669,14.8124353046267,"usgs_ws_01633000"
"24",1988,1993,235.293719831267,260.014301734722,230.458370510445,2190,2192,2192,0,0,0,251.340140539006,0.0655322875104904,-11.4637601816997,-6.62841086087798,18.0921710425776,"usgs_ws_03167000"
"25",1988,1993,303.149443638639,337.702497529661,277.91067763074,2190,2192,2192,0,0,0,900.99509493707,0.0980119773692888,-28.3435286356067,-3.10476262770788,31.4482912633146,"usgs_ws_03208800"
"26",1988,1993,261.892111206472,274.574876407267,241.43813037652,2190,2192,2192,0,0,0,279.543633739462,0.064479168600616,-17.863575620233,2.59040520971905,15.273170410514,"usgs_ws_03475000"
"27",1988,1993,296.751781158595,280.212739982361,321.33929557037,2190,2192,2192,0,0,0,428.246553752004,0.0691106453142127,21.9046899999282,-2.68282441184709,-19.221865588081,"usgs_ws_02032250"
"28",1988,1993,235.096356495034,263.075560033687,260.00982938161,2190,2192,2192,0,0,0,235.485944393095,0.060719813050411,7.28258074483298,-17.6308921417427,10.3483113969097,"usgs_ws_02054530"
"29",1988,1993,258.469685982853,260.714260459637,240.289564795665,2190,2192,2192,0,0,0,125.453852321427,0.0442436170230928,-12.8682722837201,5.3118489034679,7.5564233802522,"usgs_ws_02014000"
"30",1988,1993,280.81473693195,251.296522219894,263.731830079153,2190,2192,2192,0,0,0,219.63126464715,0.0558651393562466,-1.54919966451229,15.533707188284,-13.9845075237717,"usgs_ws_01663500"
"31",1988,1993,239.092996952869,266.279493015595,227.213758428397,2190,2192,2192,0,0,0,401.058915821221,0.0820099562699374,-16.9816577038901,-5.10241917941795,22.084076883308,"usgs_ws_01629500"
"32",1988,1993,279.150553089268,295.402542968487,257.396585033914,2190,2192,2192,0,0,0,363.635856618686,0.0687634321793449,-19.9199753299756,1.83399272537827,18.0859826045973,"usgs_ws_03527000"
"33",1988,1993,237.080509164973,257.304480512044,NA,2190,2192,0,0,0,2192,NA,NA,NA,NA,NA,"usgs_ws_01636690"
"34",1988,1993,276.306462785082,292.149781275253,278.897472126863,2190,2192,2192,0,0,0,72.2246279924479,0.0300884054754274,-3.5537666022027,-6.1447759439842,9.6985425461869,"usgs_ws_02059485"
"35",1988,1993,256.126666342358,258.258008702811,257.213769097835,2190,2192,2192,0,0,0,1.13580816850483,0.00414364370678175,0.0142877168335644,-1.0728150386434,1.05852732180983,"usgs_ws_02052000"
"36",1988,1993,280.044399807596,294.087387243084,247.801557697283,2190,2192,2192,0,0,0,563.197396701117,0.0866193607865283,-26.176223885371,6.06661822494164,20.1096056604294,"usgs_ws_01627500"
"37",1988,1993,261.521612144236,274.109986635966,263.374170252125,2190,2192,2192,0,0,0,46.1928162191168,0.0255187007988977,-2.96108609198416,-4.81364419987301,7.77473029185711,"usgs_ws_02037500"
"38",1988,1993,302.254651377287,342.629156223667,NA,2190,2192,0,0,0,2192,NA,NA,NA,NA,NA,"usgs_ws_03208700"
"39",1988,1993,236.11535580986,277.022646576399,266.47408877782,2190,2192,2192,0,0,0,451.055196151335,0.0817254901193994,6.60339172312712,-23.755341244833,17.1519495217058,"usgs_ws_02053800"
"40",1988,1993,264.955418666572,269.851778463605,NA,2190,2192,0,0,0,2192,NA,NA,NA,NA,NA,"usgs_ws_01652500"
"41",1988,1993,240.191642115513,255.725469955529,230.714812249973,2190,2192,2192,0,0,0,159.440518421357,0.0521322091687901,-11.4958291903653,-2.01899932482547,13.5148285151908,"usgs_ws_02013000"
"42",1988,1993,263.523566043162,280.877531036061,275.33564903908,2190,2192,2192,0,0,0,78.5663102909463,0.0324388186753615,2.09006699964544,-9.7220159962722,7.63194899662682,"usgs_ws_02060500"
"43",1988,1993,246.872004762917,264.104810270365,261.530999986506,2190,2192,2192,0,0,0,86.4133710000104,0.0361001367272288,4.02839497991027,-10.6306002436793,6.60220526376901,"usgs_ws_02056000"
"44",1988,1993,290.947395492529,302.959066481055,292.477337187329,2190,2192,2192,0,0,0,42.7479350855029,0.0221287567923801,-2.98392919964164,-4.51387089444199,7.49780009408369,"usgs_ws_02075045"
"45",1988,1993,233.413591146275,270.714684618517,244.67412031293,2190,2192,2192,0,0,0,366.047013448567,0.076651818610485,-4.92667837964419,-16.1872075462987,21.1138859259429,"usgs_ws_02016000"
"46",1988,1993,262.191725849388,257.094015566064,262.323397705885,2190,2192,2192,0,0,0,8.89173752912996,0.0114452410315013,1.7870179987728,1.6553461422755,-3.44236414104836,"usgs_ws_01668000"
"47",1988,1993,261.427995098005,286.169723804497,NA,2190,2192,0,0,0,2192,NA,NA,NA,NA,NA,"usgs_ws_01661800"
"48",1988,1993,254.7012595288,267.885676173521,NA,2190,2192,0,0,0,2192,NA,NA,NA,NA,NA,"usgs_ws_01669000"
"49",1988,1993,295.230277513198,297.611227517522,302.717871341578,2190,2192,2192,0,0,0,14.6351325679425,0.012815194436423,4.19807921747872,-3.28951461090128,-0.9085646065775,"usgs_ws_02073000"
"50",1988,1993,292.342101811082,307.744002522019,309.10158817461,2190,2192,2192,0,0,0,86.656994580494,0.0307163436671187,6.03902400537288,-10.720462358155,4.6814383527821,"usgs_ws_02070000"
"51",1988,1993,265.84226052993,279.008383629569,274.618275127199,2190,2192,2192,0,0,0,44.9397137248184,0.0245416590980926,1.46196869829976,-7.31404589896943,5.85207720066961,"usgs_ws_02066000"
"52",1988,1993,238.292097467459,254.574417995521,251.49794683244,2190,2192,2192,0,0,0,74.8288490077371,0.0348634335398276,3.37645940063339,-9.82938996434805,6.45293056371463,"usgs_ws_01638420"
"53",1988,1993,209.547869145198,231.738960208388,199.28852887559,2190,2192,2192,0,0,0,275.121513171165,0.0776807307400588,-14.2365905341351,-3.97725026452738,18.2138407986625,"usgs_ws_01632082"
"54",1988,1993,240.7754854655,267.447753973609,243.316210815537,2190,2192,2192,0,0,0,216.699427977146,0.0587622415957475,-7.19693926934468,-9.73766461938229,16.934603888727,"usgs_ws_02016500"
"55",1988,1993,308.530835953696,293.971183333524,281.06007696921,2190,2192,2192,0,0,0,188.887125192409,0.0466643645520399,-13.4606217829336,14.0101372015527,-0.549515418619137,"usgs_ws_02028500"
"56",1988,1993,228.27369391843,242.448475713789,216.159788642233,2190,2192,2192,0,0,0,173.127701322146,0.0574675161859367,-12.8008641159175,-0.686958839720461,13.487822955638,"usgs_ws_01635500"
"57",1988,1993,260.840705158874,276.19589427895,261.863533263104,2190,2192,2192,0,0,0,73.7074304221043,0.0322392104325709,-4.43651097053868,-5.45933907476848,9.8958500453071,"usgs_ws_02029000"
"58",1988,1993,260.39935363927,293.884821812968,NA,2190,2192,0,0,0,2192,NA,NA,NA,NA,NA,"usgs_ws_01620500"
"59",1988,1993,345.149290788713,317.414453599359,NA,2190,2192,0,0,0,2192,NA,NA,NA,NA,NA,"usgs_ws_02071530"
"60",1988,1993,259.986999610541,290.035572102032,252.27810079703,2190,2192,2192,0,0,0,397.995078173571,0.0745972725887497,-15.1554567061712,-7.44655789266,22.6020145988311,"usgs_ws_02011460"
"61",1988,1993,253.868328972488,259.794903083554,256.663702979983,2190,2192,2192,0,0,0,8.79046843738917,0.0115465484076129,-0.111942032025411,-2.90731603952014,3.01925807154561,"usgs_ws_01673000"
"62",1988,1993,251.710118557113,277.059655530648,253.16429025195,2190,2192,2192,0,0,0,202.617020315507,0.0546121260123507,-7.48039786128706,-8.93456955612365,16.4149674174107,"usgs_ws_01646000"
"63",1988,1993,240.340365758346,249.68553327157,242.56206405431,2190,2192,2192,0,0,0,23.8353188096236,0.0199927234524798,-1.63392364043202,-3.85562193639572,5.48954557682771,"usgs_ws_01643880"
"64",1988,1993,290.487067393682,319.627536140169,287.115814327233,2190,2192,2192,0,0,0,319.590720207461,0.0597742790011037,-11.9609916264616,-8.58973856001279,20.5507301864743,"usgs_ws_03165500"
"65",1988,1993,247.832498239012,286.867431366987,253.824988771457,2190,2192,2192,0,0,0,441.906493294316,0.0799780892291029,-9.01665068769543,-15.0091412201399,24.0257919078354,"usgs_ws_02011500"
"66",1988,1993,338.820296997127,361.430511595084,302.67858470619,2190,2192,2192,0,0,0,878.20568077407,0.0886439328724243,-31.6312130599436,4.51049923099367,27.12071382895,"usgs_ws_03531500"
"67",1988,1993,258.63989337446,270.966509405579,238.2317821884,2190,2192,2192,0,0,0,273.333138490719,0.0645948200593284,-17.7142794677463,2.6938317183139,15.0204477494323,"usgs_ws_03175500"
"68",1988,1993,268.880887924188,260.148064729768,272.434656957155,2190,2192,2192,0,0,0,39.9753039744634,0.0236664617737789,5.28012042011801,1.72635138715134,-7.00647180726935,"usgs_ws_01667500"
"69",1988,1993,253.566668395294,271.600390336409,255.94644529762,2190,2192,2192,0,0,0,95.9874100719592,0.0376282694734624,-4.42472271215431,-6.80449961448065,11.229222326635,"usgs_ws_01673800"
"70",1988,1993,269.0370576361,272.117094445805,NA,2190,2192,0,0,0,2192,NA,NA,NA,NA,NA,"usgs_ws_02018500"
"71",1988,1993,316.93418371313,325.573007022525,276.96226373277,2190,2192,2192,0,0,0,672.56466971162,0.0846157042546626,-29.5275544233716,10.4443655569879,19.0831888663838,"usgs_ws_03524500"
"72",1988,1993,261.340042667066,258.733551403238,NA,2190,2192,0,0,0,2192,NA,NA,NA,NA,NA,"usgs_ws_02079640"
"73",1988,1993,321.26195034723,304.839817287963,291.4748030656,2190,2192,2192,0,0,0,222.597367092951,0.0487796803949736,-14.3840538346643,15.4030934469653,-1.01903961230101,"usgs_ws_02027000"
"74",1988,1993,264.429504206003,277.178753734429,278.863180113595,2190,2192,2192,0,0,0,62.2852759950483,0.0288569538013964,5.37270076225275,-9.06097514533917,3.68827438308637,"usgs_ws_02056900"
"75",1988,1993,307.192674265905,337.586232180889,284.22205111762,2190,2192,2192,0,0,0,716.525618517551,0.0864412332748312,-25.4449347371844,-2.47431158889975,27.9192463260841,"usgs_ws_03165000"
"76",1988,1993,267.541667127576,285.150169594581,252.244470201442,2190,2192,2192,0,0,0,271.14144091318,0.0613702210706209,-16.0676321064247,-0.770435180289837,16.8380672867144,"usgs_ws_03208500"
"77",1988,1993,NA,275.084006985092,NA,2190,0,0,0,2192,2192,NA,NA,NA,NA,NA,"usgs_ws_01654500"
"78",1988,1993,265.883977137384,278.130729472403,266.412972603085,2190,2192,2192,0,0,0,47.9281008344114,0.0256272555391264,-3.72958713453875,-4.25858260024012,7.98816973477892,"usgs_ws_02030500"
"79",1988,1993,270.707109425004,298.457527793177,265.241148613399,2190,2192,2192,0,0,0,317.215048836242,0.0640355050251442,-12.8941133304611,-7.42815251885611,20.3222658493171,"usgs_ws_03171000"
"80",1988,1993,295.58382114275,309.070844701602,NA,2190,2192,0,0,0,2192,NA,NA,NA,NA,NA,"usgs_ws_02024915"
"81",1988,1993,274.532841251151,284.504836978432,243.54753084068,2190,2192,2192,0,0,0,456.171847679942,0.0798351862311873,-23.9808721827409,7.00443822773036,16.9764339550106,"usgs_ws_03524000"
"82",1988,1993,255.552582271741,253.597711101548,257.2853178889,2190,2192,2192,0,0,0,3.40372297152482,0.00722142129308471,1.80678080150369,0.0740451843447261,-1.88082598584842,"usgs_ws_02051500"
"83",1988,1993,263.941408232147,250.67325859813,257.2326979607,2190,2192,2192,0,0,0,44.012805494687,0.0257857255084406,-0.0497569696258893,6.6589533018215,-6.60919633219564,"usgs_ws_01664000"
"84",1988,1993,278.594585386216,297.872118629533,291.569029494435,2190,2192,2192,0,0,0,96.6147367515753,0.0339707658962537,2.22378499104013,-10.7506591171784,8.52687412613818,"usgs_ws_02074500"
"85",1988,1993,261.419038968477,273.188730160839,270.12115767637,2190,2192,2192,0,0,0,37.2770836195495,0.0227610664084458,1.87818207447452,-6.82393663341833,4.94575455894375,"usgs_ws_02055100"
"86",1988,1993,263.42653847751,277.793138717196,266.669662111776,2190,2192,2192,0,0,0,56.77479752424,0.0279799654846152,-2.62678432371803,-5.86990795798437,8.49669228170239,"usgs_ws_02077500"
"87",1988,1993,269.551993119384,282.195214848615,288.99852613786,2190,2192,2192,0,0,0,97.3839577719211,0.0352127783205863,8.74994810257374,-10.6965849159021,1.94663681332827,"usgs_ws_02031000"
"88",1988,1993,250.02290662724,274.14098823196,NA,2190,2192,0,0,0,2192,NA,NA,NA,NA,NA,"usgs_ws_01660400"
"89",1988,1993,258.844175274968,265.987658389856,261.06392443901,2190,2192,2192,0,0,0,13.366632230442,0.0139562040193956,-0.90132826226801,-3.12107742630957,4.02240568857763,"usgs_ws_01653000"
"90",1988,1993,234.020005973637,268.766744075204,236.440011535805,2190,2192,2192,0,0,0,376.368312048953,0.0787317852993944,-9.96890899241029,-12.3889145545787,22.357823546989,"usgs_ws_02015700"
"91",1988,1993,212.832634285247,233.890112162379,202.90843634215,2190,2192,2192,0,0,0,250.29521933157,0.0730601683870796,-13.6352912544421,-3.71109331134471,17.3463845657868,"usgs_ws_01621050"
"92",1988,1993,271.487415931534,275.756798922354,272.012234813037,2190,2192,2192,0,0,0,5.42080439158058,0.00852576295659185,-1.07324840927157,-1.59806729077468,2.67131570004619,"usgs_ws_02064000"
"93",1988,1993,265.765920099754,256.554570673588,273.62953358664,2190,2192,2192,0,0,0,73.0399556340316,0.0322118527188288,8.31285879997938,0.449245313093627,-8.76210411307306,"usgs_ws_01666500"
"94",1988,1993,246.27474424213,242.771812092102,259.86103008866,2190,2192,2192,0,0,0,81.4831780808696,0.036159881986526,10.2251679476961,-3.36111789883375,-6.86405004886234,"usgs_ws_02051000"
"95",1988,1993,254.989729598935,260.989188495469,258.08328109718,2190,2192,2192,0,0,0,9.00131095515266,0.0116278193963078,0.0625480333185351,-3.03100346492599,2.96845543160748,"usgs_ws_01671025"
"96",1988,1993,265.638620336642,281.465591532547,275.708084109132,2190,2192,2192,0,0,0,64.1726682720345,0.0292075770029305,1.43731878302481,-8.6321449894653,7.19482620644044,"usgs_ws_02062500"
"97",1988,1993,341.067421582246,308.225547664843,NA,2190,2192,0,0,0,2192,NA,NA,NA,NA,NA,"usgs_ws_02027500"
"98",1988,1993,287.125928816285,299.617501498944,288.331757965245,2190,2192,2192,0,0,0,47.4769031885099,0.023622022355671,-3.35997146157933,-4.56580061053995,7.92577207211923,"usgs_ws_02075500"
"99",1988,1993,NA,304.84379370565,NA,2190,0,0,0,2192,2192,NA,NA,NA,NA,NA,"usgs_ws_02011490"
"100",1988,1993,213.117184571869,231.097836703528,206.478960983739,2190,2192,2192,0,0,0,162.243150865355,0.0587256253872731,-10.4190331026397,-3.78080951450943,14.1998426171491,"usgs_ws_01634000"
"101",1988,1993,249.749688012539,260.739699350154,249.178298926287,2190,2192,2192,0,0,0,42.4621357416314,0.0257334798609402,-4.0442631700395,-3.47287408378787,7.51713725382737,"usgs_ws_02042500"
"102",1988,1993,262.524637898917,275.7155339206,264.321965126896,2190,2192,2192,0,0,0,51.1739221460294,0.0267403409199533,-3.19874718857483,-4.99607441655445,8.19482160512928,"usgs_ws_02035000"
"103",1988,1993,271.699506720123,290.47094962378,275.189446502483,2190,2192,2192,0,0,0,99.678514335997,0.0357692531356878,-3.93052111297885,-7.42046089533932,11.3509820083181,"usgs_ws_02077000"
"104",1988,1993,240.846227266853,269.78505042264,242.952769777102,2190,2192,2192,0,0,0,260.310715271709,0.0642296537946677,-8.24191271176306,-10.3484552220116,18.5903679337746,"usgs_ws_02013100"
"105",1988,1993,296.415065914081,270.495039966948,281.65800642595,2190,2192,2192,0,0,0,169.038395000185,0.0459649960622421,-1.19803100970961,13.5590284784215,-12.3609974687118,"usgs_ws_01665500"
"106",1988,1993,235.893769212384,249.663102148456,251.49794683244,2190,2192,2192,0,0,0,72.7419239528319,0.0347147352056403,5.81300743467989,-9.79117018537593,3.97816275069604,"usgs_ws_01638480"
"107",1988,1993,280.97208840312,301.242622508527,NA,2190,2192,0,0,0,2192,NA,NA,NA,NA,NA,"usgs_ws_01626000"
"108",1988,1993,273.48605829737,290.725393545713,288.076724458985,2190,2192,2192,0,0,0,86.1829444625798,0.032677246562481,3.9806656916291,-10.6100004699863,6.62933477835719,"usgs_ws_02061500"
"109",1988,1993,252.626817521871,273.622612811807,254.378802015772,2190,2192,2192,0,0,0,135.70285391289,0.0447683915609361,-5.8306087673777,-7.5825932612791,13.4132020286568,"usgs_ws_02025500"
"110",1988,1993,271.948894610484,284.477202937918,251.825875840533,2190,2192,2192,0,0,0,271.333925863911,0.0611401542918899,-17.5914486224452,2.53157014750548,15.0598784749397,"usgs_ws_03490000"
"111",1988,1993,292.601782265943,290.437008451078,262.234514309973,2190,2192,2192,0,0,0,287.039647426368,0.0601305318471059,-19.523254032358,10.8440139236113,8.67924010874668,"usgs_ws_03473000"
"112",1988,1993,258.4621114096,275.012206371492,263.674136084744,2190,2192,2192,0,0,0,71.6037803815296,0.0318456430255607,-2.04201520386806,-7.25403987901183,9.29605508287989,"usgs_ws_02039500"
"113",1988,1993,299.745763654312,275.526787830946,NA,2190,2192,0,0,0,2192,NA,NA,NA,NA,NA,"usgs_ws_03471500"
"114",1988,1993,220.221313827176,230.906683266912,206.845333481197,2190,2192,2192,0,0,0,145.340420631697,0.0549675234356255,-12.4791100438979,0.89687030208097,11.5822397418169,"usgs_ws_01632000"
"115",1988,1993,259.010420643152,251.51109211931,252.91199484012,2190,2192,2192,0,0,0,15.8988756694642,0.0156687100423181,-1.56584102740729,4.532584775625,-2.96674374821774,"usgs_ws_02017500"
"116",1988,1993,278.290327453482,299.495365361872,235.28894989061,2190,2192,2192,0,0,0,1070.20598211155,0.120704795573197,-35.7359310113781,7.26544655149377,28.4704844598843,"usgs_ws_01626850"
"117",1988,1993,274.7616008061,297.242149316281,258.650689277596,2190,2192,2192,0,0,0,375.706219919213,0.070004354715655,-18.2341238557296,-2.12321232722547,20.3573361829551,"usgs_ws_03209200"
"118",1988,1993,272.084891333571,283.884634283644,276.296371714909,2190,2192,2192,0,0,0,35.7587049170405,0.0215551001962646,-1.12559406246578,-5.33707444380343,6.46266850626915,"usgs_ws_02079500"
"119",1988,1993,234.536097438925,263.345598590173,260.00982938161,2190,2192,2192,0,0,0,248.337621980723,0.0623785769430957,7.37932091137415,-18.0944110313111,10.7150901199369,"usgs_ws_02054500"
"120",1988,1993,258.603597453534,281.106712052987,NA,2190,2192,0,0,0,2192,NA,NA,NA,NA,NA,"usgs_ws_02022500"
"121",1988,1993,281.662045388255,303.359633992698,267.00954575988,2190,2192,2192,0,0,0,334.46833519014,0.0643936804254435,-17.0008626203977,-2.3483629920226,19.3492256124204,"usgs_ws_03208950"
"122",1988,1993,239.96066004092,245.203493170607,240.73608275332,2190,2192,2192,0,0,0,8.00772257418827,0.0116949623091002,-1.23066256829566,-2.00608528069554,3.2367478489912,"usgs_ws_01643700"
"123",1988,1993,261.840331680871,256.546384602366,252.01431212815,2190,2192,2192,0,0,0,24.1860361386688,0.0191507924513378,-4.78603067564575,5.03998887707525,-0.253958201429555,"usgs_ws_02018000"
"124",1988,1993,263.459132582931,294.927533984397,265.543844673126,2190,2192,2192,0,0,0,309.667918134002,0.0640735484487572,-9.09965907369178,-11.1843711638867,20.2840302375786,"usgs_ws_02049500"
"125",1988,1993,297.258174824183,298.495596218024,309.932971825657,2190,2192,2192,0,0,0,48.8325419207599,0.0231471704538849,8.03739086970194,-4.63740613177146,-3.39998473793048,"usgs_ws_02072500"
"126",1988,1993,237.643955197871,253.855128457017,NA,2190,2192,0,0,0,2192,NA,NA,NA,NA,NA,"usgs_ws_01638350"
"127",1988,1993,251.867703861801,272.9448809872,255.070045218065,2190,2192,2192,0,0,0,129.002023251836,0.0436908272683425,-4.8908314709567,-8.09317282722111,12.9840042981779,"usgs_ws_01674000"
"128",1988,1993,229.37730254763,273.807832763333,234.88839849321,2190,2192,2192,0,0,0,586.527759612717,0.0984387086883249,-11.1361127748476,-16.6472087204277,27.7833214952753,"usgs_ws_01625000"
"129",1988,1993,285.728126245998,298.602511772097,286.227724744333,2190,2192,2192,0,0,0,53.189125886115,0.0251324478173862,-3.9583961764767,-4.45799467481112,8.41639085128776,"usgs_ws_02076000"
"130",1988,1993,271.309158552489,285.62588240863,237.192374146805,2190,2192,2192,0,0,0,619.121380450869,0.0939980764890672,-27.5167642225032,6.6000201831813,20.9167440393219,"usgs_ws_03521500"
"131",1988,1993,258.10149792795,274.008980010262,NA,2190,2192,0,0,0,2192,NA,NA,NA,NA,NA,"usgs_ws_01654000"
"132",1988,1993,254.989729598935,261.165233679329,258.08328109718,2190,2192,2192,0,0,0,9.53422387297776,0.0119643554606012,0.00386630536513621,-3.08968519287939,3.08581888751434,"usgs_ws_01671020"
"133",1988,1993,255.013966959956,260.301890578877,257.872754211842,2190,2192,2192,0,0,0,7.00591737345722,0.0102699495818118,0.143216961616929,-2.71557029026906,2.57235332865213,"usgs_ws_01672500"
"134",1988,1993,284.597243619598,313.457044222726,268.260017891827,2190,2192,2192,0,0,0,523.760704081406,0.0792523638041971,-20.5114173528899,-4.17419162511914,24.6856089780091,"usgs_ws_03209000"
"135",1988,1993,260.224097633972,251.623330549086,NA,2190,2192,0,0,0,2192,NA,NA,NA,NA,NA,"usgs_ws_01636210"
"136",1988,1993,250.381416580814,268.347163214032,249.84724121665,2190,2192,2192,0,0,0,110.88341821965,0.0411024623141751,-6.34469912051566,-5.81052375635119,12.1552228768668,"usgs_ws_01644280"
"137",1988,1993,239.48213185001,262.797444291568,228.854416809665,2190,2192,2192,0,0,0,301.446872643913,0.0712409446940961,-14.8569141740827,-4.22919913373772,19.0861133078204,"usgs_ws_01631000"
"138",1988,1993,262.846676557096,291.742163364974,251.890512398756,2190,2192,2192,0,0,0,423.85679594367,0.0765839173458716,-16.9359383748528,-5.97977421651257,22.9157125913653,"usgs_ws_03170000"
"139",1988,1993,279.37525704484,280.844222371845,247.936786641698,2190,2192,2192,0,0,0,345.572434459153,0.0690073668896011,-21.4486353777629,9.98983502537925,11.4588003523837,"usgs_ws_03488000"
"140",1988,1993,242.247401114842,257.197363116423,NA,2190,2192,0,0,0,2192,NA,NA,NA,NA,NA,"usgs_ws_01643805"
"141",1988,1993,263.01352409331,286.687476262205,256.68885443152,2190,2192,2192,0,0,0,250.062461561051,0.0588302170157521,-12.1077638308251,-5.78309416903465,17.8908579998597,"usgs_ws_03176500"
"142",1988,1993,243.166594450316,269.161551577177,260.11927825961,2190,2192,2192,0,0,0,174.148998519135,0.0512522358509876,2.63680349724228,-14.3158803120515,11.6790768148093,"usgs_ws_02039000"
"143",1988,1993,277.251940126281,304.592270937522,273.781830498553,2190,2192,2192,0,0,0,284.803098289963,0.0591710962385923,-11.4268500222324,-7.9567403945041,19.3835904167365,"usgs_ws_03168000"
"144",1988,1993,284.479484331509,267.074398699554,280.035161061425,2190,2192,2192,0,0,0,81.7783960309265,0.0326235929586156,2.8388130305957,7.28313630067936,-10.1219493312751,"usgs_ws_02032640"
"145",1988,1993,217.959868310771,228.499504339561,NA,2190,2192,0,0,0,2192,NA,NA,NA,NA,NA,"usgs_ws_01615000"
"146",1988,1993,253.999978963463,273.846072134446,256.641848060339,2190,2192,2192,0,0,0,116.13870207808,0.0412119809030497,-4.85411832574363,-7.49598742261998,12.3501057483635,"usgs_ws_02026000"
"147",1988,1993,293.118911817624,322.164068800221,291.360076035143,2190,2192,2192,0,0,0,299.266769620735,0.0572419160830165,-10.8542761825194,-9.09544040003885,19.9497165825583,"usgs_ws_03164000"
"148",1988,1993,262.110255260348,282.482743614476,262.679258745572,2190,2192,2192,0,0,0,134.59000994302,0.0431129399669086,-6.41149379455982,-6.98049727978361,13.3919910743434,"usgs_ws_02024000"
"149",1988,1993,251.085188687698,272.623146355714,253.010522823796,2190,2192,2192,0,0,0,142.040922308279,0.0460324560372887,-5.89576313194002,-7.82109726803844,13.7168603999784,"usgs_ws_02024752"
"150",1988,1993,278.392910764325,292.895722975178,288.85572347357,2190,2192,2192,0,0,0,56.0206012975024,0.0261050057457185,2.14093773587905,-8.32187497336622,6.18093723748711,"usgs_ws_02058400"
"151",1988,1993,346.106584677695,355.82132914363,282.789351525065,2190,2192,2192,0,0,0,1572.85300483694,0.120824156051253,-45.4497369237319,17.8674962288984,27.5822406948336,"usgs_ws_03529500"
"152",1988,1993,256.92257536071,269.569176485216,260.48130458252,2190,2192,2192,0,0,0,42.5317482327228,0.0248609664930186,-1.84304756029525,-5.40177678210546,7.2448243424007,"usgs_ws_02040000"
"153",1988,1993,274.062154312559,276.331416348012,281.87945643816,2190,2192,2192,0,0,0,16.173418591726,0.0144962726325649,4.45511407191611,-3.36218805368463,-1.09292601823154,"usgs_ws_02034000"
"154",1988,1993,218.289642693779,240.469327613631,205.839935956655,2190,2192,2192,0,0,0,307.688064586096,0.0791802662023264,-15.6930327980334,-3.2433260609094,18.9363588589429,"usgs_ws_01632900"
"155",1988,1993,243.286529982857,257.518460538207,233.64723246865,2190,2192,2192,0,0,0,144.216572241411,0.0490529679554246,-11.170175194588,-1.53087768038063,12.7010528749686,"usgs_ws_03173000"
"156",1988,1993,248.875081979274,255.481898467031,NA,2190,2192,0,0,0,2192,NA,NA,NA,NA,NA,"usgs_ws_01673550"
"157",1988,1993,NA,279.332697181417,NA,2190,0,0,0,2192,2192,NA,NA,NA,NA,NA,"usgs_ws_01645784"
"158",1988,1993,255.050541125604,279.352143221653,251.06013163539,2190,2192,2192,0,0,0,234.488191988586,0.058486564746658,-10.7608070254925,-6.77039753527816,17.5312045607706,"usgs_ws_03478400"
"159",1988,1993,290.464057124482,303.812353799183,304.29211707356,2190,2192,2192,0,0,0,61.603739811758,0.0262043619870167,4.76927440781827,-9.0587855412594,4.28951113344112,"usgs_ws_02061000"
"160",1988,1993,253.098461215669,266.923732935825,253.909828056115,2190,2192,2192,0,0,0,60.1930290840093,0.0300740237059643,-4.06751267975486,-4.8788795202004,8.94639219995531,"usgs_ws_02046000"
"161",1988,1993,256.95259784748,273.450400278035,259.015168687013,2190,2192,2192,0,0,0,80.8012657653582,0.0341604214594822,-4.12422025049597,-6.1867910900296,10.3110113405255,"usgs_ws_02047000"
"162",1988,1993,270.214973377213,289.269619688854,278.299967211035,2190,2192,2192,0,0,0,91.4633244731354,0.0342462004040216,-0.961552881332409,-9.04654671515448,10.0080995964868,"usgs_ws_02059500"
"163",1988,1993,254.769720883305,263.879062173497,256.782491680843,2190,2192,2192,0,0,0,22.8987762969701,0.0185133102378327,-1.69459989837202,-3.70737069590987,5.40197059428192,"usgs_ws_02041000"
"164",1988,1993,220.767126759256,231.056347748487,221.78853708858,2190,2192,2192,0,0,0,32.1339436756587,0.0252460504673106,-2.74880011019431,-3.77021043951811,6.51901054971242,"usgs_ws_01616100"
"165",1988,1993,251.273301575435,269.340790059852,253.36684977436,2190,2192,2192,0,0,0,97.663975406705,0.038305239947099,-4.62679736218917,-6.72034556111385,11.3471429233031,"usgs_ws_01674500"
"166",1988,1993,248.313520419044,273.918070739685,NA,2190,2192,0,0,0,2192,NA,NA,NA,NA,NA,"usgs_ws_01658500"
"167",1988,1993,258.075302220356,286.81736953131,251.421256502313,2190,2192,2192,0,0,0,353.877929214459,0.0708702037495728,-14.0167195823466,-7.36267386430376,21.3793934466504,"usgs_ws_03207800"
"168",1988,1993,234.300598864041,256.892907220165,NA,2190,2192,0,0,0,2192,NA,NA,NA,NA,NA,"usgs_ws_01643590"
"169",1988,1993,240.633856990257,261.545347810164,260.34803822566,2190,2192,2192,0,0,0,137.89549005576,0.0461998878757643,6.17229055029966,-13.5418906851037,7.36960013480402,"usgs_ws_02055000"
"170",1988,1993,257.483394733604,277.971737142818,253.92898357827,2190,2192,2192,0,0,0,168.410002050653,0.0493192895974792,-9.19905490662728,-5.64464375129319,14.8436986579204,"usgs_ws_02020500"
"171",1988,1993,273.399293700666,286.7051771464,294.396779052915,2190,2192,2192,0,0,0,112.850277546283,0.0372957949254895,9.56302908625497,-11.4344562659944,1.87142717973944,"usgs_ws_02030000"
"172",1988,1993,239.776231867466,244.56337529777,251.3345845395,2190,2192,2192,0,0,0,33.726922218117,0.0236823115147495,6.1098539712545,-5.44849870077937,-0.661355270475099,"usgs_ws_01662800"
"173",1988,1993,258.731792881768,261.599668826721,NA,2190,2192,0,0,0,2192,NA,NA,NA,NA,NA,"usgs_ws_01670300"
"174",1988,1993,255.342889749443,267.512427773917,256.610996345454,2190,2192,2192,0,0,0,44.7578262095745,0.025748883154624,-3.21110827748419,-4.47921487349481,7.69032315097905,"usgs_ws_02045500"
"175",1988,1993,258.299219774446,289.765934619901,252.27810079703,2190,2192,2192,0,0,0,405.290950272766,0.0754620186529511,-14.5029842667626,-8.48186528934627,22.9848495561088,"usgs_ws_02011470"
"176",1988,1993,219.334790352369,229.5211394164,224.80877493998,2190,2192,2192,0,0,0,25.98876557972,0.0227023223870411,0.253873370397031,-5.22011121721411,4.96623784681711,"usgs_ws_01636316"
"177",1988,1993,226.533020063145,242.235064826345,211.40696061639,2190,2192,2192,0,0,0,237.62064888535,0.0679896255192296,-15.3180545522365,-0.191995105481453,15.510049657718,"usgs_ws_01634500"
"178",1988,1993,262.236706639572,275.01182368339,240.690946902175,2190,2192,2192,0,0,0,300.890993529377,0.0668929021421012,-18.6222121728707,2.92354756452607,15.6986646083446,"usgs_ws_03474000"
"179",1988,1993,318.92883356501,323.859450619559,316.656724144145,2190,2192,2192,0,0,0,13.5587890731029,0.0115136127791567,-3.15827863209284,-0.886169211228037,4.04444784332088,"usgs_ws_02069700"
"180",1988,1993,241.057093255753,251.842139710672,246.259132192458,2190,2192,2192,0,0,0,29.0914015136981,0.0218910241805936,-0.126989527169741,-5.32902846387461,5.45601799104435,"usgs_ws_01644000"
"181",1988,1993,246.225936016097,250.862272150714,249.48898511768,2190,2192,2192,0,0,0,5.67150324459911,0.00956964061649725,0.629920689516382,-2.63312841206661,2.00320772255026,"usgs_ws_02038000"
"182",1988,1993,227.287925847135,247.120080466707,221.524376808742,2190,2192,2192,0,0,0,180.278816686492,0.0578797382661638,-10.4530842321192,-4.68953519372667,15.1426194258459,"usgs_ws_01638500"
"183",1988,1993,264.257703141124,279.682305823399,265.561408494947,2190,2192,2192,0,0,0,73.1696261527271,0.031700715109754,-4.27239732487664,-5.57610267869961,9.84850000357619,"usgs_ws_02077303"
"184",1988,1993,324.271924662796,330.281257256007,303.762072167913,2190,2192,2192,0,0,0,193.338884219039,0.0435283753153141,-15.6763458609921,4.83350663389069,10.8428392271014,"usgs_ws_02068500"
"185",1988,1993,291.686909674997,296.697690950999,296.988558503656,2190,2192,2192,0,0,0,8.88333553859125,0.0100991061292103,1.86417212710529,-3.43747670155386,1.57330457444851,"usgs_ws_02074000"
"186",1988,1993,332.546160301564,356.946494383843,325.093500353545,2190,2192,2192,0,0,0,277.588612053633,0.0492643940951898,-13.1018846594391,-5.64922471141972,18.7511093708587,"usgs_ws_03161000"
"187",1988,1993,259.530602692272,275.449394540113,258.41477733918,2190,2192,2192,0,0,0,90.8051972159729,0.0360319089908791,-6.05014751800826,-4.93432216491669,10.9844696829249,"usgs_ws_02052500"
