"","start_year","end_year","prism_precip","daymet_precip","nldas_precip","CV","var","hydrocode","gage","area"
"1",1988,1993,245.386753427992,266.193741503764,247.08901081832,0.0456835906136753,133.469861261926,"usgs_ws_02019500","02019500",5365784522.49612
"2",1988,1993,226.569033554709,252.330043830456,212.410713783088,0.0878278206483283,409.606763435541,"usgs_ws_01622000","01622000",971856267.58662
"3",1988,1993,240.285729731548,276.963996458392,245.687925978495,0.0778640935586597,392.111926506584,"usgs_ws_02011400","02011400",407332735.234042
"4",1988,1993,243.629501563429,269.637429029643,NA,NA,NA,"usgs_ws_03473500","03473500",19156091.5240318
"5",1988,1993,256.442090373226,259.602873338016,259.52665195534,0.00697528791949101,3.2518131339231,"usgs_ws_01670400","01670400",886099663.319639
"6",1988,1993,245.983387716418,252.5169459297,253.78792838399,0.01669926494861,17.5356057262053,"usgs_ws_02036500","02036500",57886589.7215646
"7",1988,1993,253.377105361327,258.286317079238,252.54778204502,0.0121756268963642,9.61982019886552,"usgs_ws_01656000","01656000",241631463.662678
"8",1988,1993,251.680921134137,259.792655694577,254.057375379885,0.0163422110358647,17.3902021082077,"usgs_ws_01671100","01671100",276332504.781457
"9",1988,1993,264.608184552101,272.847763187379,269.98735839152,0.0155433617911726,17.5013471462991,"usgs_ws_02065500","02065500",252647034.169526
"10",1988,1993,240.254430001185,278.924798926355,250.000522795485,0.0784426851626404,404.499584543107,"usgs_ws_02011800","02011800",893169520.411534
"11",1988,1993,241.853814520286,277.0178442343,248.1976087173,0.0732960004620328,351.226447632912,"usgs_ws_02012500","02012500",1061345672.12231
"12",1988,1993,258.589985670432,289.637127938999,258.192099069327,0.0671153386403027,325.478866234415,"usgs_ws_02047500","02047500",749848252.778392
"13",1988,1993,267.177938973515,280.003356992961,267.47910900557,0.0269536879278186,53.5731397352332,"usgs_ws_02038850","02038850",22096843.5505302
"14",1988,1993,253.942145058133,264.42524917246,257.958914100888,0.0204387086522387,27.9738991120821,"usgs_ws_02044500","02044500",820524386.158795
"15",1988,1993,269.623736311404,271.498685133003,270.83009113006,0.00351094639086986,0.902957162147304,"usgs_ws_02056650","02056650",144486541.602307
"16",1988,1993,257.361123216994,273.67311459821,257.698428527155,0.0354564497839548,86.8975721269846,"usgs_ws_01669520","01669520",282985893.809692
"17",1988,1993,265.125171290146,271.453292795141,NA,NA,NA,"usgs_ws_03177710","03177710",114620314.0111
"18",1988,1993,223.82642013218,238.759074292599,216.25168370498,0.0506117978987296,131.157237213312,"usgs_ws_01613900","01613900",41272610.2911715
"19",1988,1993,254.275958730999,265.13143766031,256.942322247581,0.0218601437156759,32.0020880717133,"usgs_ws_02041650","02041650",3475473272.4327
"20",1988,1993,238.373804595217,268.201438252532,226.197346787539,0.0884776415922515,467.049592356116,"usgs_ws_01628500","01628500",2793593902.13781
"21",1988,1993,264.880119823536,281.547104422411,261.79333484414,0.0394438564313148,112.921338279934,"usgs_ws_02021500","02021500",851391440.152936
"22",1988,1993,298.124316971784,300.428712812248,309.932971825657,0.0206699925170573,39.1809181735672,"usgs_ws_02072000","02072000",556864395.508404
"23",1988,1993,214.204716484747,231.54158583737,204.441149276114,0.0633299694435079,188.387990899687,"usgs_ws_01633000","01633000",1315748433.86932
"24",1988,1993,235.293719831267,260.014301734722,230.458370510445,0.0655322875104904,251.340140539006,"usgs_ws_03167000","03167000",667477710.26182
"25",1988,1993,303.149443638639,337.702497529661,277.91067763074,0.0980119773692888,900.99509493707,"usgs_ws_03208800","03208800",95043793.8748591
"26",1988,1993,261.892111206472,274.574876407267,241.43813037652,0.064479168600616,279.543633739462,"usgs_ws_03475000","03475000",534069647.552109
"27",1988,1993,296.751781158595,280.212739982361,321.33929557037,0.0691106453142127,428.246553752004,"usgs_ws_02032250","02032250",199283814.488085
"28",1988,1993,235.096356495034,263.075560033687,260.00982938161,0.060719813050411,235.485944393095,"usgs_ws_02054530","02054530",727631546.04281
"29",1988,1993,258.469685982853,260.714260459637,240.289564795665,0.0442436170230928,125.453852321427,"usgs_ws_02014000","02014000",396744127.706971
"30",1988,1993,280.81473693195,251.296522219894,263.731830079153,0.0558651393562466,219.63126464715,"usgs_ws_01663500","01663500",738284290.783199
"31",1988,1993,239.092996952869,266.279493015595,227.213758428397,0.0820099562699374,401.058915821221,"usgs_ws_01629500","01629500",3551793889.98061
"32",1988,1993,279.150553089268,295.402542968487,257.396585033914,0.0687634321793449,363.635856618686,"usgs_ws_03527000","03527000",2907445818.5179
"33",1988,1993,237.080509164973,257.304480512044,NA,NA,NA,"usgs_ws_01636690","01636690",34994960.5588756
"34",1988,1993,276.306462785082,292.149781275253,278.897472126863,0.0300884054754274,72.2246279924479,"usgs_ws_02059485","02059485",322836034.276773
"35",1988,1993,256.126666342358,258.258008702811,257.213769097835,0.00414364370678175,1.13580816850483,"usgs_ws_02052000","02052000",1927152204.95598
"36",1988,1993,280.044399807596,294.087387243084,247.801557697283,0.0866193607865283,563.197396701117,"usgs_ws_01627500","01627500",547846787.671377
"37",1988,1993,261.521612144236,274.109986635966,263.374170252125,0.0255187007988977,46.1928162191168,"usgs_ws_02037500","02037500",17481116130.8158
"38",1988,1993,302.254651377287,342.629156223667,NA,NA,NA,"usgs_ws_03208700","03208700",48019209.6942083
"39",1988,1993,236.11535580986,277.022646576399,266.47408877782,0.0817254901193994,451.055196151335,"usgs_ws_02053800","02053800",283413786.56914
"40",1988,1993,264.955418666572,269.851778463605,NA,NA,NA,"usgs_ws_01652500","01652500",32594846.5125465
"41",1988,1993,240.191642115513,255.725469955529,230.714812249973,0.0521322091687901,159.440518421357,"usgs_ws_02013000","02013000",419461445.677496
"42",1988,1993,263.523566043162,280.877531036061,275.33564903908,0.0324388186753615,78.5663102909463,"usgs_ws_02060500","02060500",4613442943.13841
"43",1988,1993,246.872004762917,264.104810270365,261.530999986506,0.0361001367272288,86.4133710000104,"usgs_ws_02056000","02056000",1318896498.48103
"44",1988,1993,290.947395492529,302.959066481055,292.477337187329,0.0221287567923801,42.7479350855029,"usgs_ws_02075045","02075045",5478165059.84464
"45",1988,1993,233.413591146275,270.714684618517,244.67412031293,0.076651818610485,366.047013448567,"usgs_ws_02016000","02016000",1193758746.06934
"46",1988,1993,262.191725849388,257.094015566064,262.323397705885,0.0114452410315013,8.89173752912996,"usgs_ws_01668000","01668000",4127911829.04237
"47",1988,1993,261.427995098005,286.169723804497,NA,NA,NA,"usgs_ws_01661800","01661800",17521831.4954999
"48",1988,1993,254.7012595288,267.885676173521,NA,NA,NA,"usgs_ws_01669000","01669000",72345930.9029209
"49",1988,1993,295.230277513198,297.611227517522,302.717871341578,0.012815194436423,14.6351325679425,"usgs_ws_02073000","02073000",981525405.804484
"50",1988,1993,292.342101811082,307.744002522019,309.10158817461,0.0307163436671187,86.656994580494,"usgs_ws_02070000","02070000",278486436.590555
"51",1988,1993,265.84226052993,279.008383629569,274.618275127199,0.0245416590980926,44.9397137248184,"usgs_ws_02066000","02066000",7678558027.17106
"52",1988,1993,238.292097467459,254.574417995521,251.49794683244,0.0348634335398276,74.8288490077371,"usgs_ws_01638420","01638420",59861189.5381482
"53",1988,1993,209.547869145198,231.738960208388,199.28852887559,0.0776807307400588,275.121513171165,"usgs_ws_01632082","01632082",118181776.223707
"54",1988,1993,240.7754854655,267.447753973609,243.316210815537,0.0587622415957475,216.699427977146,"usgs_ws_02016500","02016500",3549379261.86498
"55",1988,1993,308.530835953696,293.971183333524,281.06007696921,0.0466643645520399,188.887125192409,"usgs_ws_02028500","02028500",245393985.112639
"56",1988,1993,228.27369391843,242.448475713789,216.159788642233,0.0574675161859367,173.127701322146,"usgs_ws_01635500","01635500",223978841.944323
"57",1988,1993,260.840705158874,276.19589427895,261.863533263104,0.0322392104325709,73.7074304221043,"usgs_ws_02029000","02029000",11857653436.5887
"58",1988,1993,260.39935363927,293.884821812968,NA,NA,NA,"usgs_ws_01620500","01620500",44659598.0088622
"59",1988,1993,345.149290788713,317.414453599359,NA,NA,NA,"usgs_ws_02071530","02071530",68186938.410185
"60",1988,1993,259.986999610541,290.035572102032,252.27810079703,0.0745972725887497,397.995078173571,"usgs_ws_02011460","02011460",157590657.587209
"61",1988,1993,253.868328972488,259.794903083554,256.663702979983,0.0115465484076129,8.79046843738917,"usgs_ws_01673000","01673000",2791506385.69128
"62",1988,1993,251.710118557113,277.059655530648,253.16429025195,0.0546121260123507,202.617020315507,"usgs_ws_01646000","01646000",149646365.087063
"63",1988,1993,240.340365758346,249.68553327157,242.56206405431,0.0199927234524798,23.8353188096236,"usgs_ws_01643880","01643880",122168130.457453
"64",1988,1993,290.487067393682,319.627536140169,287.115814327233,0.0597742790011037,319.590720207461,"usgs_ws_03165500","03165500",3496114159.10409
"65",1988,1993,247.832498239012,286.867431366987,253.824988771457,0.0799780892291029,441.906493294316,"usgs_ws_02011500","02011500",346648774.053348
"66",1988,1993,338.820296997127,361.430511595084,302.67858470619,0.0886439328724243,878.20568077407,"usgs_ws_03531500","03531500",826493815.399906
"67",1988,1993,258.63989337446,270.966509405579,238.2317821884,0.0645948200593284,273.333138490719,"usgs_ws_03175500","03175500",578022259.33723
"68",1988,1993,268.880887924188,260.148064729768,272.434656957155,0.0236664617737789,39.9753039744634,"usgs_ws_01667500","01667500",1210019740.46022
"69",1988,1993,253.566668395294,271.600390336409,255.94644529762,0.0376282694734624,95.9874100719592,"usgs_ws_01673800","01673800",200730882.143942
"70",1988,1993,269.0370576361,272.117094445805,NA,NA,NA,"usgs_ws_02018500","02018500",88676820.5584542
"71",1988,1993,316.93418371313,325.573007022525,276.96226373277,0.0846157042546626,672.56466971162,"usgs_ws_03524500","03524500",225654466.800083
"72",1988,1993,261.340042667066,258.733551403238,NA,NA,NA,"usgs_ws_02079640","02079640",138607271.447473
"73",1988,1993,321.26195034723,304.839817287963,291.4748030656,0.0487796803949736,222.597367092951,"usgs_ws_02027000","02027000",240729505.758264
"74",1988,1993,264.429504206003,277.178753734429,278.863180113595,0.0288569538013964,62.2852759950483,"usgs_ws_02056900","02056900",297708998.721141
"75",1988,1993,307.192674265905,337.586232180889,284.22205111762,0.0864412332748312,716.525618517551,"usgs_ws_03165000","03165000",102072840.922244
"76",1988,1993,267.541667127576,285.150169594581,252.244470201442,0.0613702210706209,271.14144091318,"usgs_ws_03208500","03208500",740436166.079864
"77",1988,1993,NA,275.084006985092,NA,NA,NA,"usgs_ws_01654500","01654500",9615198.40411969
"78",1988,1993,265.883977137384,278.130729472403,266.412972603085,0.0256272555391264,47.9281008344114,"usgs_ws_02030500","02030500",586227939.031891
"79",1988,1993,270.707109425004,298.457527793177,265.241148613399,0.0640355050251442,317.215048836242,"usgs_ws_03171000","03171000",7164832865.49279
"80",1988,1993,295.58382114275,309.070844701602,NA,NA,NA,"usgs_ws_02024915","02024915",70184162.7172679
"81",1988,1993,274.532841251151,284.504836978432,243.54753084068,0.0798351862311873,456.171847679942,"usgs_ws_03524000","03524000",1380470168.15182
"82",1988,1993,255.552582271741,253.597711101548,257.2853178889,0.00722142129308471,3.40372297152482,"usgs_ws_02051500","02051500",1429637356.96726
"83",1988,1993,263.941408232147,250.67325859813,257.2326979607,0.0257857255084406,44.012805494687,"usgs_ws_01664000","01664000",1603218330.32013
"84",1988,1993,278.594585386216,297.872118629533,291.569029494435,0.0339707658962537,96.6147367515753,"usgs_ws_02074500","02074500",288622122.537259
"85",1988,1993,261.419038968477,273.188730160839,270.12115767637,0.0227610664084458,37.2770836195495,"usgs_ws_02055100","02055100",30260425.2791649
"86",1988,1993,263.42653847751,277.793138717196,266.669662111776,0.0279799654846152,56.77479752424,"usgs_ws_02077500","02077500",746336122.351962
"87",1988,1993,269.551993119384,282.195214848615,288.99852613786,0.0352127783205863,97.3839577719211,"usgs_ws_02031000","02031000",246607887.90553
"88",1988,1993,250.02290662724,274.14098823196,NA,NA,NA,"usgs_ws_01660400","01660400",90667126.4938592
"89",1988,1993,258.844175274968,265.987658389856,261.06392443901,0.0139562040193956,13.366632230442,"usgs_ws_01653000","01653000",87625394.9855376
"90",1988,1993,234.020005973637,268.766744075204,236.440011535805,0.0787317852993944,376.368312048953,"usgs_ws_02015700","02015700",283788240.656139
"91",1988,1993,212.832634285247,233.890112162379,202.90843634215,0.0730601683870796,250.29521933157,"usgs_ws_01621050","01621050",37059064.7025727
"92",1988,1993,271.487415931534,275.756798922354,272.012234813037,0.00852576295659185,5.42080439158058,"usgs_ws_02064000","02064000",427385214.956092
"93",1988,1993,265.765920099754,256.554570673588,273.62953358664,0.0322118527188288,73.0399556340316,"usgs_ws_01666500","01666500",464293046.257376
"94",1988,1993,246.27474424213,242.771812092102,259.86103008866,0.036159881986526,81.4831780808696,"usgs_ws_02051000","02051000",144937406.448347
"95",1988,1993,254.989729598935,260.989188495469,258.08328109718,0.0116278193963078,9.00131095515266,"usgs_ws_01671025","01671025",1207710904.84417
"96",1988,1993,265.638620336642,281.465591532547,275.708084109132,0.0292075770029305,64.1726682720345,"usgs_ws_02062500","02062500",6223099594.926
"97",1988,1993,341.067421582246,308.225547664843,NA,NA,NA,"usgs_ws_02027500","02027500",123527986.977875
"98",1988,1993,287.125928816285,299.617501498944,288.331757965245,0.023622022355671,47.4769031885099,"usgs_ws_02075500","02075500",6698712228.55323
"99",1988,1993,NA,304.84379370565,NA,NA,NA,"usgs_ws_02011490","02011490",12689912.2379998
"100",1988,1993,213.117184571869,231.097836703528,206.478960983739,0.0587256253872731,162.243150865355,"usgs_ws_01634000","01634000",1994017493.52069
"101",1988,1993,249.749688012539,260.739699350154,249.178298926287,0.0257334798609402,42.4621357416314,"usgs_ws_02042500","02042500",651065126.134058
"102",1988,1993,262.524637898917,275.7155339206,264.321965126896,0.0267403409199533,51.1739221460294,"usgs_ws_02035000","02035000",16184361368.2907
"103",1988,1993,271.699506720123,290.47094962378,275.189446502483,0.0357692531356878,99.678514335997,"usgs_ws_02077000","02077000",1416008028.38206
"104",1988,1993,240.846227266853,269.78505042264,242.952769777102,0.0642296537946677,260.310715271709,"usgs_ws_02013100","02013100",1583226778.02646
"105",1988,1993,296.415065914081,270.495039966948,281.65800642595,0.0459649960622421,169.038395000185,"usgs_ws_01665500","01665500",296487823.971996
"106",1988,1993,235.893769212384,249.663102148456,251.49794683244,0.0347147352056403,72.7419239528319,"usgs_ws_01638480","01638480",231530033.229766
"107",1988,1993,280.97208840312,301.242622508527,NA,NA,NA,"usgs_ws_01626000","01626000",328514897.362503
"108",1988,1993,273.48605829737,290.725393545713,288.076724458985,0.032677246562481,86.1829444625798,"usgs_ws_02061500","02061500",814828423.80029
"109",1988,1993,252.626817521871,273.622612811807,254.378802015772,0.0447683915609361,135.70285391289,"usgs_ws_02025500","02025500",8428090228.51836
"110",1988,1993,271.948894610484,284.477202937918,251.825875840533,0.0611401542918899,271.333925863911,"usgs_ws_03490000","03490000",1738263722.03573
"111",1988,1993,292.601782265943,290.437008451078,262.234514309973,0.0601305318471059,287.039647426368,"usgs_ws_03473000","03473000",785212583.985672
"112",1988,1993,258.4621114096,275.012206371492,263.674136084744,0.0318456430255607,71.6037803815296,"usgs_ws_02039500","02039500",782176002.350829
"113",1988,1993,299.745763654312,275.526787830946,NA,NA,NA,"usgs_ws_03471500","03471500",198287155.934274
"114",1988,1993,220.221313827176,230.906683266912,206.845333481197,0.0549675234356255,145.340420631697,"usgs_ws_01632000","01632000",542767682.476967
"115",1988,1993,259.010420643152,251.51109211931,252.91199484012,0.0156687100423181,15.8988756694642,"usgs_ws_02017500","02017500",271938885.682366
"116",1988,1993,278.290327453482,299.495365361872,235.28894989061,0.120704795573197,1070.20598211155,"usgs_ws_01626850","01626850",382484766.219302
"117",1988,1993,274.7616008061,297.242149316281,258.650689277596,0.070004354715655,375.706219919213,"usgs_ws_03209200","03209200",1362554358.44218
"118",1988,1993,272.084891333571,283.884634283644,276.296371714909,0.0215551001962646,35.7587049170405,"usgs_ws_02079500","02079500",20366675573.7567
"119",1988,1993,234.536097438925,263.345598590173,260.00982938161,0.0623785769430957,248.337621980723,"usgs_ws_02054500","02054500",658458238.142593
"120",1988,1993,258.603597453534,281.106712052987,NA,NA,NA,"usgs_ws_02022500","02022500",90906193.368695
"121",1988,1993,281.662045388255,303.359633992698,267.00954575988,0.0643936804254435,334.46833519014,"usgs_ws_03208950","03208950",172188912.950058
"122",1988,1993,239.96066004092,245.203493170607,240.73608275332,0.0116949623091002,8.00772257418827,"usgs_ws_01643700","01643700",315311574.332072
"123",1988,1993,261.840331680871,256.546384602366,252.01431212815,0.0191507924513378,24.1860361386688,"usgs_ws_02018000","02018000",851865579.038167
"124",1988,1993,263.459132582931,294.927533984397,265.543844673126,0.0640735484487572,309.667918134002,"usgs_ws_02049500","02049500",1587615689.12163
"125",1988,1993,297.258174824183,298.495596218024,309.932971825657,0.0231471704538849,48.8325419207599,"usgs_ws_02072500","02072500",669886699.671033
"126",1988,1993,237.643955197871,253.855128457017,NA,NA,NA,"usgs_ws_01638350","01638350",81829833.9597626
"127",1988,1993,251.867703861801,272.9448809872,255.070045218065,0.0436908272683425,129.002023251836,"usgs_ws_01674000","01674000",663316340.43919
"128",1988,1993,229.37730254763,273.807832763333,234.88839849321,0.0984387086883249,586.527759612717,"usgs_ws_01625000","01625000",964748478.119823
"129",1988,1993,285.728126245998,298.602511772097,286.227724744333,0.0251324478173862,53.189125886115,"usgs_ws_02076000","02076000",7150792121.92409
"130",1988,1993,271.309158552489,285.62588240863,237.192374146805,0.0939980764890672,619.121380450869,"usgs_ws_03521500","03521500",355023859.517368
"131",1988,1993,258.10149792795,274.008980010262,NA,NA,NA,"usgs_ws_01654000","01654000",61781349.3063163
"132",1988,1993,254.989729598935,261.165233679329,258.08328109718,0.0119643554606012,9.53422387297776,"usgs_ws_01671020","01671020",1195019430.59464
"133",1988,1993,255.013966959956,260.301890578877,257.872754211842,0.0102699495818118,7.00591737345722,"usgs_ws_01672500","01672500",1022231010.17991
"134",1988,1993,284.597243619598,313.457044222726,268.260017891827,0.0792523638041971,523.760704081406,"usgs_ws_03209000","03209000",572746327.341673
"135",1988,1993,260.224097633972,251.623330549086,NA,NA,NA,"usgs_ws_01636210","01636210",36245223.4625335
"136",1988,1993,250.381416580814,268.347163214032,249.84724121665,0.0411024623141751,110.88341821965,"usgs_ws_01644280","01644280",197014722.305778
"137",1988,1993,239.48213185001,262.797444291568,228.854416809665,0.0712409446940961,301.446872643913,"usgs_ws_01631000","01631000",4230045448.71749
"138",1988,1993,262.846676557096,291.742163364974,251.890512398756,0.0765839173458716,423.85679594367,"usgs_ws_03170000","03170000",800468899.861655
"139",1988,1993,279.37525704484,280.844222371845,247.936786641698,0.0690073668896011,345.572434459153,"usgs_ws_03488000","03488000",572312493.930823
"140",1988,1993,242.247401114842,257.197363116423,NA,NA,NA,"usgs_ws_01643805","01643805",98653506.585549
"141",1988,1993,263.01352409331,286.687476262205,256.68885443152,0.0588302170157521,250.062461561051,"usgs_ws_03176500","03176500",9794840721.79541
"142",1988,1993,243.166594450316,269.161551577177,260.11927825961,0.0512522358509876,174.148998519135,"usgs_ws_02039000","02039000",180131274.456192
"143",1988,1993,277.251940126281,304.592270937522,273.781830498553,0.0591710962385923,284.803098289963,"usgs_ws_03168000","03168000",5726801560.68145
"144",1988,1993,284.479484331509,267.074398699554,280.035161061425,0.0326235929586156,81.7783960309265,"usgs_ws_02032640","02032640",280429242.505543
"145",1988,1993,217.959868310771,228.499504339561,NA,NA,NA,"usgs_ws_01615000","01615000",150507297.201678
"146",1988,1993,253.999978963463,273.846072134446,256.641848060339,0.0412119809030497,116.13870207808,"usgs_ws_02026000","02026000",9444441426.31322
"147",1988,1993,293.118911817624,322.164068800221,291.360076035143,0.0572419160830165,299.266769620735,"usgs_ws_03164000","03164000",2954905986.34597
"148",1988,1993,262.110255260348,282.482743614476,262.679258745572,0.0431129399669086,134.59000994302,"usgs_ws_02024000","02024000",1673771710.86912
"149",1988,1993,251.085188687698,272.623146355714,253.010522823796,0.0460324560372887,142.040922308279,"usgs_ws_02024752","02024752",7961404152.46684
"150",1988,1993,278.392910764325,292.895722975178,288.85572347357,0.0261050057457185,56.0206012975024,"usgs_ws_02058400","02058400",909415393.031254
"151",1988,1993,346.106584677695,355.82132914363,282.789351525065,0.120824156051253,1572.85300483694,"usgs_ws_03529500","03529500",290185382.705737
"152",1988,1993,256.92257536071,269.569176485216,260.48130458252,0.0248609664930186,42.5317482327228,"usgs_ws_02040000","02040000",1877236920.11687
"153",1988,1993,274.062154312559,276.331416348012,281.87945643816,0.0144962726325649,16.173418591726,"usgs_ws_02034000","02034000",1715497565.62336
"154",1988,1993,218.289642693779,240.469327613631,205.839935956655,0.0791802662023264,307.688064586096,"usgs_ws_01632900","01632900",242136650.317969
"155",1988,1993,243.286529982857,257.518460538207,233.64723246865,0.0490529679554246,144.216572241411,"usgs_ws_03173000","03173000",773227016.28835
"156",1988,1993,248.875081979274,255.481898467031,NA,NA,NA,"usgs_ws_01673550","01673550",66078662.1987425
"157",1988,1993,NA,279.332697181417,NA,NA,NA,"usgs_ws_01645784","01645784",2042210.76794874
"158",1988,1993,255.050541125604,279.352143221653,251.06013163539,0.058486564746658,234.488191988586,"usgs_ws_03478400","03478400",69749571.750196
"159",1988,1993,290.464057124482,303.812353799183,304.29211707356,0.0262043619870167,61.603739811758,"usgs_ws_02061000","02061000",294024722.017034
"160",1988,1993,253.098461215669,266.923732935825,253.909828056115,0.0300740237059643,60.1930290840093,"usgs_ws_02046000","02046000",291446814.970076
"161",1988,1993,256.95259784748,273.450400278035,259.015168687013,0.0341604214594822,80.8012657653582,"usgs_ws_02047000","02047000",3730477372.58245
"162",1988,1993,270.214973377213,289.269619688854,278.299967211035,0.0342462004040216,91.4633244731354,"usgs_ws_02059500","02059500",485703761.838651
"163",1988,1993,254.769720883305,263.879062173497,256.782491680843,0.0185133102378327,22.8987762969701,"usgs_ws_02041000","02041000",408541002.191427
"164",1988,1993,220.767126759256,231.056347748487,221.78853708858,0.0252460504673106,32.1339436756587,"usgs_ws_01616100","01616100",28446307.5602715
"165",1988,1993,251.273301575435,269.340790059852,253.36684977436,0.038305239947099,97.663975406705,"usgs_ws_01674500","01674500",1559335859.90549
"166",1988,1993,248.313520419044,273.918070739685,NA,NA,NA,"usgs_ws_01658500","01658500",19725900.3190089
"167",1988,1993,258.075302220356,286.81736953131,251.421256502313,0.0708702037495728,353.877929214459,"usgs_ws_03207800","03207800",768290208.766574
"168",1988,1993,234.300598864041,256.892907220165,NA,NA,NA,"usgs_ws_01643590","01643590",20399448.1462486
"169",1988,1993,240.633856990257,261.545347810164,260.34803822566,0.0461998878757643,137.89549005576,"usgs_ws_02055000","02055000",993928750.789965
"170",1988,1993,257.483394733604,277.971737142818,253.92898357827,0.0493192895974792,168.410002050653,"usgs_ws_02020500","02020500",364961358.476462
"171",1988,1993,273.399293700666,286.7051771464,294.396779052915,0.0372957949254895,112.850277546283,"usgs_ws_02030000","02030000",299384470.642828
"172",1988,1993,239.776231867466,244.56337529777,251.3345845395,0.0236823115147495,33.726922218117,"usgs_ws_01662800","01662800",66665826.823936
"173",1988,1993,258.731792881768,261.599668826721,NA,NA,NA,"usgs_ws_01670300","01670300",14451379.0095834
"174",1988,1993,255.342889749443,267.512427773917,256.610996345454,0.025748883154624,44.7578262095745,"usgs_ws_02045500","02045500",1493310197.58654
"175",1988,1993,258.299219774446,289.765934619901,252.27810079703,0.0754620186529511,405.290950272766,"usgs_ws_02011470","02011470",195632586.421466
"176",1988,1993,219.334790352369,229.5211394164,224.80877493998,0.0227023223870411,25.98876557972,"usgs_ws_01636316","01636316",55343159.3744726
"177",1988,1993,226.533020063145,242.235064826345,211.40696061639,0.0679896255192296,237.62064888535,"usgs_ws_01634500","01634500",264227056.477521
"178",1988,1993,262.236706639572,275.01182368339,240.690946902175,0.0668929021421012,300.890993529377,"usgs_ws_03474000","03474000",341053098.204821
"179",1988,1993,318.92883356501,323.859450619559,316.656724144145,0.0115136127791567,13.5587890731029,"usgs_ws_02069700","02069700",221502850.269753
"180",1988,1993,241.057093255753,251.842139710672,246.259132192458,0.0218910241805936,29.0914015136981,"usgs_ws_01644000","01644000",858758018.70125
"181",1988,1993,246.225936016097,250.862272150714,249.48898511768,0.00956964061649725,5.67150324459911,"usgs_ws_02038000","02038000",85695863.4688673
"182",1988,1993,227.287925847135,247.120080466707,221.524376808742,0.0578797382661638,180.278816686492,"usgs_ws_01638500","01638500",24734568589.6518
"183",1988,1993,264.257703141124,279.682305823399,265.561408494947,0.031700715109754,73.1696261527271,"usgs_ws_02077303","02077303",526773223.247774
"184",1988,1993,324.271924662796,330.281257256007,303.762072167913,0.0435283753153141,193.338884219039,"usgs_ws_02068500","02068500",321904888.090359
"185",1988,1993,291.686909674997,296.697690950999,296.988558503656,0.0100991061292103,8.88333553859125,"usgs_ws_02074000","02074000",1408838904.68747
"186",1988,1993,332.546160301564,356.946494383843,325.093500353545,0.0492643940951898,277.588612053633,"usgs_ws_03161000","03161000",533712043.008783
"187",1988,1993,259.530602692272,275.449394540113,258.41477733918,0.0360319089908791,90.8051972159729,"usgs_ws_02052500","02052500",179871003.549627
