"","start_year","end_year","prism_precip","daymet_precip","nldas_precip","CV","var","hydrocode","gage","area"
"1",1994,1998,214.724051872874,235.338113974407,207.662520349174,0.0655907278997564,206.79054438251,"usgs_ws_02019500","02019500",5365784522.49612
"2",1994,1998,220.513295111026,229.881937027938,219.396432778472,0.0257925233564072,33.1607720337937,"usgs_ws_01622000","01622000",971856267.58662
"3",1994,1998,216.338105967849,248.913269017317,209.69126677653,0.0933004621393801,440.614529785152,"usgs_ws_02011400","02011400",407332735.234042
"4",1994,1998,200.933887926389,231.842940216382,NA,NA,NA,"usgs_ws_03473500","03473500",19156091.5240318
"5",1994,1998,230.244701160227,246.11956887133,225.05458215933,0.0469398764183775,120.447070877539,"usgs_ws_01670400","01670400",886099663.319639
"6",1994,1998,213.320036297451,229.451072983306,221.29699745307,0.0364375896770105,65.0552002652402,"usgs_ws_02036500","02036500",57886589.7215646
"7",1994,1998,235.940956501301,248.274451463978,224.96107817183,0.0493384981921299,136.031033397237,"usgs_ws_01656000","01656000",241631463.662678
"8",1994,1998,222.54424960128,240.889436016525,217.820328252835,0.0536644127995207,148.507505088184,"usgs_ws_01671100","01671100",276332504.781457
"9",1994,1998,230.899285008805,235.970355211128,243.82540331919,0.0274921054474157,42.417011391823,"usgs_ws_02065500","02065500",252647034.169526
"10",1994,1998,214.440968644676,248.098762847718,206.285940134505,0.0994195206871127,491.277290643767,"usgs_ws_02011800","02011800",893169520.411534
"11",1994,1998,214.861015354613,246.17775507699,203.64880063396,0.0994854482334482,485.8606519664,"usgs_ws_02012500","02012500",1061345672.12231
"12",1994,1998,230.679200300261,252.973025821401,221.2699620054,0.0692930055318248,265.105446162995,"usgs_ws_02047500","02047500",749848252.778392
"13",1994,1998,227.596382283053,241.81066692232,239.0175306442,0.031891627536423,56.7150213269294,"usgs_ws_02038850","02038850",22096843.5505302
"14",1994,1998,228.648257724205,240.626839978464,225.602587179662,0.0342897942253707,63.0817856750419,"usgs_ws_02044500","02044500",820524386.158795
"15",1994,1998,231.961373145026,227.101745559524,227.38604404824,0.0119193574767852,7.438407040728,"usgs_ws_02056650","02056650",144486541.602307
"16",1994,1998,224.929202726092,237.241165801955,225.171372576727,0.0307246649961996,49.5538315862844,"usgs_ws_01669520","01669520",282985893.809692
"17",1994,1998,227.316090077322,237.598322114943,NA,NA,NA,"usgs_ws_03177710","03177710",114620314.0111
"18",1994,1998,209.704128960659,220.223686027917,204.88557126807,0.037067521204586,61.5228905857197,"usgs_ws_01613900","01613900",41272610.2911715
"19",1994,1998,225.406193546263,235.129731824256,226.819874108821,0.0229294395649422,27.5999041045565,"usgs_ws_02041650","02041650",3475473272.4327
"20",1994,1998,223.384223369832,241.948579790363,212.951150195041,0.0649617146206223,215.722544719116,"usgs_ws_01628500","01628500",2793593902.13781
"21",1994,1998,232.068521989029,250.482103134745,233.68068580505,0.0427135886908331,103.991111177682,"usgs_ws_02021500","02021500",851391440.152936
"22",1994,1998,255.197581314471,256.385299668484,241.325774672803,0.0333619868162746,70.1044979146373,"usgs_ws_02072000","02072000",556864395.508404
"23",1994,1998,214.245175230355,222.127191362473,204.646034229271,0.0409720983079806,76.6434234968917,"usgs_ws_01633000","01633000",1315748433.86932
"24",1994,1998,194.169919103356,216.762347969636,179.217917643765,0.0960840617965765,357.260739703277,"usgs_ws_03167000","03167000",667477710.26182
"25",1994,1998,260.150894020622,290.721960335492,217.52827888253,0.143525929597542,1351.43207024595,"usgs_ws_03208800","03208800",95043793.8748591
"26",1994,1998,227.670591499674,243.178132371267,198.19617395501,0.102457311525444,522.100282740536,"usgs_ws_03475000","03475000",534069647.552109
"27",1994,1998,265.015005349122,263.402424526126,272.5965645249,0.0183869075881343,24.1021111272639,"usgs_ws_02032250","02032250",199283814.488085
"28",1994,1998,199.785808538406,223.526788625752,224.510161392902,0.0648296474658725,195.982463596753,"usgs_ws_02054530","02054530",727631546.04281
"29",1994,1998,222.477504537154,230.755917035354,201.64426636816,0.0687162447793642,225.007355110858,"usgs_ws_02014000","02014000",396744127.706971
"30",1994,1998,259.970569750362,250.282937400922,260.915072652593,0.022893014737621,34.6307677133479,"usgs_ws_01663500","01663500",738284290.783199
"31",1994,1998,225.07117999144,243.048256283927,212.49736615459,0.0676807010553038,235.772159020741,"usgs_ws_01629500","01629500",3551793889.98061
"32",1994,1998,246.981970907782,260.66384974443,207.961930039076,0.1146464771407,747.874956420968,"usgs_ws_03527000","03527000",2907445818.5179
"33",1994,1998,211.342043456878,230.106292230988,NA,NA,NA,"usgs_ws_01636690","01636690",34994960.5588756
"34",1994,1998,239.04105543284,243.982043682079,227.840251642593,0.0349042595998595,68.404803445451,"usgs_ws_02059485","02059485",322836034.276773
"35",1994,1998,225.752755858864,239.6735470792,227.640288561235,0.0326873163412582,57.0250864104797,"usgs_ws_02052000","02052000",1927152204.95598
"36",1994,1998,252.203150813649,261.616876439853,209.08646330033,0.116236021897886,784.518546149266,"usgs_ws_01627500","01627500",547846787.671377
"37",1994,1998,227.405588737811,240.086284506633,223.75254898433,0.0372050250717155,73.4892767890798,"usgs_ws_02037500","02037500",17481116130.8158
"38",1994,1998,260.098933000951,295.397395122538,NA,NA,NA,"usgs_ws_03208700","03208700",48019209.6942083
"39",1994,1998,201.414087752041,233.461163715438,224.93633012697,0.0754675041768905,275.497291976623,"usgs_ws_02053800","02053800",283413786.56914
"40",1994,1998,224.642129595464,238.341536757358,NA,NA,NA,"usgs_ws_01652500","01652500",32594846.5125465
"41",1994,1998,207.468146817259,226.933292551448,187.374509318663,0.0954373857962978,391.257249539435,"usgs_ws_02013000","02013000",419461445.677496
"42",1994,1998,224.719937998493,232.611401686137,228.824496268573,0.0172561261992215,15.577208394577,"usgs_ws_02060500","02060500",4613442943.13841
"43",1994,1998,210.595239965278,223.923411131344,219.910393849974,0.031344569187839,46.7527577046784,"usgs_ws_02056000","02056000",1318896498.48103
"44",1994,1998,245.247309808008,252.639441496967,238.412322003353,0.0289911176758895,50.6285997137105,"usgs_ws_02075045","02075045",5478165059.84464
"45",1994,1998,207.722319691082,243.362690065115,214.442145326255,0.0853649888663127,358.631660826299,"usgs_ws_02016000","02016000",1193758746.06934
"46",1994,1998,241.838342722608,248.157851390989,245.049348424564,0.0128967228487005,9.98492301999988,"usgs_ws_01668000","01668000",4127911829.04237
"47",1994,1998,225.864176833655,246.219169389595,NA,NA,NA,"usgs_ws_01661800","01661800",17521831.4954999
"48",1994,1998,218.476003477084,229.581330277225,NA,NA,NA,"usgs_ws_01669000","01669000",72345930.9029209
"49",1994,1998,256.224138599243,255.136201913404,242.418838780118,0.0305489972611825,58.9168723987012,"usgs_ws_02073000","02073000",981525405.804484
"50",1994,1998,252.483288410054,258.425146068359,240.843372181335,0.0356904477881696,79.9853492096018,"usgs_ws_02070000","02070000",278486436.590555
"51",1994,1998,226.921841227697,234.799838059034,230.420971115539,0.017108510596611,15.5802032925621,"usgs_ws_02066000","02066000",7678558027.17106
"52",1994,1998,212.626512558076,229.128965748748,238.1795380657,0.0571657994701315,167.866822194668,"usgs_ws_01638420","01638420",59861189.5381482
"53",1994,1998,209.190320924915,218.090234984904,200.34556094245,0.0424090923027197,78.7186177159211,"usgs_ws_01632082","01632082",118181776.223707
"54",1994,1998,211.773055900094,238.324977660138,204.745649247973,0.0811359293346888,313.660048336297,"usgs_ws_02016500","02016500",3549379261.86498
"55",1994,1998,272.497076283849,257.315182793322,237.234023775595,0.0691802785928393,312.870951608799,"usgs_ws_02028500","02028500",245393985.112639
"56",1994,1998,217.989175645504,236.704557796485,223.37359699963,0.0426274649006983,92.8286730238844,"usgs_ws_01635500","01635500",223978841.944323
"57",1994,1998,226.65883753134,240.458717433848,221.738465796715,0.0422646946799789,94.1824274480134,"usgs_ws_02029000","02029000",11857653436.5887
"58",1994,1998,240.342984137554,256.937951634017,NA,NA,NA,"usgs_ws_01620500","01620500",44659598.0088622
"59",1994,1998,290.583178644354,270.079842905051,NA,NA,NA,"usgs_ws_02071530","02071530",68186938.410185
"60",1994,1998,233.271162788358,258.727488142009,219.1885829287,0.0845357353593008,401.611430246929,"usgs_ws_02011460","02011460",157590657.587209
"61",1994,1998,225.933990424037,242.280112370802,222.471358902417,0.0459527684537144,111.928705620715,"usgs_ws_01673000","01673000",2791506385.69128
"62",1994,1998,222.425723708895,239.128418705377,230.04195886826,0.0362731586483857,69.9251350866261,"usgs_ws_01646000","01646000",149646365.087063
"63",1994,1998,214.704525473136,225.692906185407,233.10993690292,0.0412479843583799,85.7526708736653,"usgs_ws_01643880","01643880",122168130.457453
"64",1994,1998,249.868406256861,276.506454391005,239.895684825752,0.0741004817635342,358.231538216581,"usgs_ws_03165500","03165500",3496114159.10409
"65",1994,1998,221.606622330167,253.635602862956,211.20781877657,0.0966439581078581,489.017928632835,"usgs_ws_02011500","02011500",346648774.053348
"66",1994,1998,277.544865959135,302.389662829555,231.609289110943,0.132747281565794,1289.53374260915,"usgs_ws_03531500","03531500",826493815.399906
"67",1994,1998,218.072276316876,232.208653746804,203.177796723825,0.0666472612194074,210.745558112971,"usgs_ws_03175500","03175500",578022259.33723
"68",1994,1998,249.023492040701,252.340442336783,252.174717375061,0.00744104841917083,3.49330752292208,"usgs_ws_01667500","01667500",1210019740.46022
"69",1994,1998,228.568284799433,256.838834399183,217.94225548403,0.0857506830106429,404.180054164402,"usgs_ws_01673800","01673800",200730882.143942
"70",1994,1998,231.957521271566,231.318578553945,NA,NA,NA,"usgs_ws_02018500","02018500",88676820.5584542
"71",1994,1998,270.5725117626,284.581027115686,220.69839870463,0.12983435791041,1127.44264473697,"usgs_ws_03524500","03524500",225654466.800083
"72",1994,1998,217.604802631411,230.465029300709,NA,NA,NA,"usgs_ws_02079640","02079640",138607271.447473
"73",1994,1998,284.512366214022,250.308706759533,243.03542257764,0.0854182579473319,490.521306047471,"usgs_ws_02027000","02027000",240729505.758264
"74",1994,1998,225.714957674681,234.130909839851,238.441965372765,0.0278089957243498,41.898362600232,"usgs_ws_02056900","02056900",297708998.721141
"75",1994,1998,256.192022288039,274.045943150687,237.90679776094,0.0705726414055321,326.524959279571,"usgs_ws_03165000","03165000",102072840.922244
"76",1994,1998,240.004913020862,265.477165861761,201.846105715998,0.135830668674559,1025.64034249901,"usgs_ws_03208500","03208500",740436166.079864
"77",1994,1998,NA,242.538083650709,NA,NA,NA,"usgs_ws_01654500","01654500",9615198.40411969
"78",1994,1998,219.280376022364,235.478563999253,226.699434425502,0.0356966991896436,65.7494728994193,"usgs_ws_02030500","02030500",586227939.031891
"79",1994,1998,229.842240922135,254.305663980767,218.083901149463,0.0789419575944132,341.455620760417,"usgs_ws_03171000","03171000",7164832865.49279
"80",1994,1998,263.616874559284,270.110570372377,NA,NA,NA,"usgs_ws_02024915","02024915",70184162.7172679
"81",1994,1998,247.525351664607,251.387138421023,195.05542647723,0.13603348250991,990.21136943992,"usgs_ws_03524000","03524000",1380470168.15182
"82",1994,1998,224.603419392812,238.720060330629,225.97304758014,0.03388257580202,60.6069611333213,"usgs_ws_02051500","02051500",1429637356.96726
"83",1994,1998,245.118815073958,243.580214779268,250.01489055557,0.0136459708375523,11.2906497224309,"usgs_ws_01664000","01664000",1603218330.32013
"84",1994,1998,235.617838982628,249.406637623796,236.854070814515,0.0317055203094937,58.204361768385,"usgs_ws_02074500","02074500",288622122.537259
"85",1994,1998,223.489018322451,232.19805186305,218.92525207784,0.0299879876704866,45.4737402808349,"usgs_ws_02055100","02055100",30260425.2791649
"86",1994,1998,235.667290545351,247.732337121675,237.930972577144,0.0266713773582159,41.1260586941223,"usgs_ws_02077500","02077500",746336122.351962
"87",1994,1998,237.432909548981,254.395465069482,241.04014984665,0.036579256485946,79.8508195087377,"usgs_ws_02031000","02031000",246607887.90553
"88",1994,1998,225.310058586562,258.215900008764,NA,NA,NA,"usgs_ws_01660400","01660400",90667126.4938592
"89",1994,1998,223.808139381586,236.328220666165,237.1688682286,0.0321937667882158,55.9946998366862,"usgs_ws_01653000","01653000",87625394.9855376
"90",1994,1998,212.638780953526,250.887563242828,213.162554084095,0.0972380723105646,481.070000155527,"usgs_ws_02015700","02015700",283788240.656139
"91",1994,1998,211.53066543355,218.383592716212,209.12661292831,0.0225495559912651,23.0722925971716,"usgs_ws_01621050","01621050",37059064.7025727
"92",1994,1998,228.381000622711,234.228039145579,233.54707887126,0.0137787755579118,10.2233218088715,"usgs_ws_02064000","02064000",427385214.956092
"93",1994,1998,247.762687257226,251.723314458089,263.26987838613,0.0316886794787099,64.9137805128214,"usgs_ws_01666500","01666500",464293046.257376
"94",1994,1998,227.306909272411,243.613834037333,224.34550697328,0.0447708479356564,107.65902111891,"usgs_ws_02051000","02051000",144937406.448347
"95",1994,1998,228.475459432472,245.55074567949,223.86633348618,0.0491071106782275,130.503862429297,"usgs_ws_01671025","01671025",1207710904.84417
"96",1994,1998,226.468876655529,234.462638812165,229.865022139793,0.0174229364482558,16.0953527722054,"usgs_ws_02062500","02062500",6223099594.926
"97",1994,1998,306.085152223978,257.631525776394,NA,NA,NA,"usgs_ws_02027500","02027500",123527986.977875
"98",1994,1998,243.758513433419,251.723864555849,237.239656436597,0.0297007534113214,52.6224333150689,"usgs_ws_02075500","02075500",6698712228.55323
"99",1994,1998,NA,270.631749633955,NA,NA,NA,"usgs_ws_02011490","02011490",12689912.2379998
"100",1994,1998,211.186860776491,221.008173568392,207.929898775119,0.0319070790017098,46.351209667184,"usgs_ws_01634000","01634000",1994017493.52069
"101",1994,1998,222.139464448622,233.523252712996,219.251957962922,0.0335393416863793,56.9330304660896,"usgs_ws_02042500","02042500",651065126.134058
"102",1994,1998,228.272509462814,240.766820852129,223.921504831007,0.0378573673994875,76.4672883751068,"usgs_ws_02035000","02035000",16184361368.2907
"103",1994,1998,230.955666785324,243.07204982624,227.058679479512,0.0357339454561995,69.736879652887,"usgs_ws_02077000","02077000",1416008028.38206
"104",1994,1998,211.957308955452,239.352602948907,198.766513239371,0.0955419036140911,428.621650420282,"usgs_ws_02013100","02013100",1583226778.02646
"105",1994,1998,272.266231946719,264.858139401485,258.86532088956,0.02530020047862,45.0630210062519,"usgs_ws_01665500","01665500",296487823.971996
"106",1994,1998,210.298381217295,225.981317017981,238.1795380657,0.0621690319406598,195.351663210472,"usgs_ws_01638480","01638480",231530033.229766
"107",1994,1998,253.148402514919,260.908304474984,NA,NA,NA,"usgs_ws_01626000","01626000",328514897.362503
"108",1994,1998,235.859862872686,245.611364610369,243.544284072897,0.0212616221613985,26.4024895451138,"usgs_ws_02061500","02061500",814828423.80029
"109",1994,1998,221.295937357017,241.474469749162,216.944542276536,0.0577668156474363,171.304191743262,"usgs_ws_02025500","02025500",8428090228.51836
"110",1994,1998,242.782706247439,252.949783648199,206.80076521566,0.103545399877103,587.966907595707,"usgs_ws_03490000","03490000",1738263722.03573
"111",1994,1998,260.228761724452,263.741888083252,224.582265631313,0.086831497230989,469.415128518244,"usgs_ws_03473000","03473000",785212583.985672
"112",1994,1998,228.774834516759,236.086942563699,235.740327299708,0.017664364940459,17.0175259901101,"usgs_ws_02039500","02039500",782176002.350829
"113",1994,1998,260.103726007898,255.892439620116,NA,NA,NA,"usgs_ws_03471500","03471500",198287155.934274
"114",1994,1998,221.698641048366,224.838607105745,214.75228919452,0.0234155037743759,26.6408333208723,"usgs_ws_01632000","01632000",542767682.476967
"115",1994,1998,223.246086476744,224.384806368655,215.20458865136,0.0226480537814443,25.0397946008051,"usgs_ws_02017500","02017500",271938885.682366
"116",1994,1998,250.468924623391,260.94193176833,203.27685780094,0.128948299355613,943.672634216192,"usgs_ws_01626850","01626850",382484766.219302
"117",1994,1998,244.220843854455,270.726166013728,205.875878102048,0.135698142180275,1063.07139059132,"usgs_ws_03209200","03209200",1362554358.44218
"118",1994,1998,232.557587683293,242.261945885025,231.948605626343,0.0245623486089713,33.4850690907576,"usgs_ws_02079500","02079500",20366675573.7567
"119",1994,1998,199.132071556651,224.002873256973,224.510161392902,0.0672026522897506,210.476927034407,"usgs_ws_02054500","02054500",658458238.142593
"120",1994,1998,226.276467344068,252.223497251601,NA,NA,NA,"usgs_ws_02022500","02022500",90906193.368695
"121",1994,1998,246.095526797395,271.237116441031,207.40330884812,0.133106632688084,1033.99037524199,"usgs_ws_03208950","03208950",172188912.950058
"122",1994,1998,219.692584425873,233.03556262061,236.782805028,0.0390836904444507,80.692088832388,"usgs_ws_01643700","01643700",315311574.332072
"123",1994,1998,225.775187559241,225.526312929524,212.84215374235,0.0334088573057778,54.7021994292905,"usgs_ws_02018000","02018000",851865579.038167
"124",1994,1998,233.698812581211,253.877046967149,224.531700479336,0.0632475949021026,225.391074618664,"usgs_ws_02049500","02049500",1587615689.12163
"125",1994,1998,257.408941812668,255.803422559171,241.325774672803,0.0352212618593448,78.4747076073008,"usgs_ws_02072500","02072500",669886699.671033
"126",1994,1998,211.395885668966,226.109045961604,NA,NA,NA,"usgs_ws_01638350","01638350",81829833.9597626
"127",1994,1998,227.882543384102,254.803057278524,216.154288967347,0.0850657958933516,392.665551995802,"usgs_ws_01674000","01674000",663316340.43919
"128",1994,1998,212.16519857595,243.036892444991,216.417486287952,0.0747382329597006,279.956036213814,"usgs_ws_01625000","01625000",964748478.119823
"129",1994,1998,242.973331403405,251.663957801892,236.44412254453,0.0313321627900028,58.3001567970224,"usgs_ws_02076000","02076000",7150792121.92409
"130",1994,1998,239.34777267599,245.974959651068,184.7887218331,0.150318390075837,1127.39422239943,"usgs_ws_03521500","03521500",355023859.517368
"131",1994,1998,229.550350190839,241.020189205685,NA,NA,NA,"usgs_ws_01654000","01654000",61781349.3063163
"132",1994,1998,228.475459432472,245.773545874825,223.86633348618,0.0496329746769978,133.398965199511,"usgs_ws_01671020","01671020",1195019430.59464
"133",1994,1998,225.234587032642,241.907416823969,222.410441361416,0.0458400564178684,111.015184035043,"usgs_ws_01672500","01672500",1022231010.17991
"134",1994,1998,249.473589202251,277.681399787234,211.920536681122,0.133914256671648,1088.40057468561,"usgs_ws_03209000","03209000",572746327.341673
"135",1994,1998,247.412141307934,246.395757439696,NA,NA,NA,"usgs_ws_01636210","01636210",36245223.4625335
"136",1994,1998,215.774579450569,233.034387438775,231.5223297464,0.0421489100960199,91.3631549391071,"usgs_ws_01644280","01644280",197014722.305778
"137",1994,1998,226.060058636407,242.715731069791,216.635179502619,0.0578030420828896,174.405823490433,"usgs_ws_01631000","01631000",4230045448.71749
"138",1994,1998,219.813699669829,245.450600166541,207.8586161806,0.0856001508260181,368.888658052,"usgs_ws_03170000","03170000",800468899.861655
"139",1994,1998,245.112905083729,240.926147242816,197.611753166982,0.11540819850822,691.670851465497,"usgs_ws_03488000","03488000",572312493.930823
"140",1994,1998,215.153521669034,225.832564470834,NA,NA,NA,"usgs_ws_01643805","01643805",98653506.585549
"141",1994,1998,222.884407217433,245.81524479115,211.347132619397,0.0773995187641841,307.830462277873,"usgs_ws_03176500","03176500",9794840721.79541
"142",1994,1998,227.036234834843,237.932823469756,228.21757599333,0.0258777524474114,35.7528740565774,"usgs_ws_02039000","02039000",180131274.456192
"143",1994,1998,235.663403614404,260.152959919829,225.171887547996,0.0746943795626857,322.247616948606,"usgs_ws_03168000","03168000",5726801560.68145
"144",1994,1998,257.621261223446,254.575538157879,242.97426900131,0.0307032565886186,59.7333760317647,"usgs_ws_02032640","02032640",280429242.505543
"145",1994,1998,204.014629096964,213.849530115424,NA,NA,NA,"usgs_ws_01615000","01615000",150507297.201678
"146",1994,1998,221.727570883743,240.903560194727,218.687313941604,0.053037822959159,145.087220984769,"usgs_ws_02026000","02026000",9444441426.31322
"147",1994,1998,253.537010798846,281.716901279617,244.19384465988,0.0751826504953958,381.563459849416,"usgs_ws_03164000","03164000",2954905986.34597
"148",1994,1998,231.211492875732,249.755730922399,232.699738922479,0.043313505470057,106.16841735474,"usgs_ws_02024000","02024000",1673771710.86912
"149",1994,1998,219.900158824444,240.849840731947,215.477891502851,0.0601283234471156,183.696904662177,"usgs_ws_02024752","02024752",7961404152.46684
"150",1994,1998,238.233088291412,242.337602100658,242.70947189544,0.0103033112686091,6.17055515416093,"usgs_ws_02058400","02058400",909415393.031254
"151",1994,1998,286.302765421998,297.036580511157,226.406065172595,0.141008236405721,1448.58319735432,"usgs_ws_03529500","03529500",290185382.705737
"152",1994,1998,226.453708534217,234.997251908173,229.24541799432,0.0189217764255206,18.9782280774758,"usgs_ws_02040000","02040000",1877236920.11687
"153",1994,1998,242.48198709088,250.764788408845,240.63728885602,0.0220499647416497,29.0956594071763,"usgs_ws_02034000","02034000",1715497565.62336
"154",1994,1998,215.237969215721,229.85877587157,192.835019485185,0.0876944549722997,347.736446809178,"usgs_ws_01632900","01632900",242136650.317969
"155",1994,1998,202.027091754119,223.273043127627,190.961350363168,0.0799382503561433,269.647761933621,"usgs_ws_03173000","03173000",773227016.28835
"156",1994,1998,220.30556516491,227.363138396951,NA,NA,NA,"usgs_ws_01673550","01673550",66078662.1987425
"157",1994,1998,NA,242.186351468253,NA,NA,NA,"usgs_ws_01645784","01645784",2042210.76794874
"158",1994,1998,222.694283601459,249.830300771432,210.24670802135,0.088935676776733,409.694396779334,"usgs_ws_03478400","03478400",69749571.750196
"159",1994,1998,252.481913027082,258.293001314087,257.01689863157,0.011933112396747,9.32721326143447,"usgs_ws_02061000","02061000",294024722.017034
"160",1994,1998,226.718311501314,245.141271397288,228.08265466063,0.0439979468695375,105.377214758866,"usgs_ws_02046000","02046000",291446814.970076
"161",1994,1998,225.765720379305,243.836628336021,225.992335421622,0.0447176127953557,107.504643062059,"usgs_ws_02047000","02047000",3730477372.58245
"162",1994,1998,232.404894813481,241.18912970093,227.684021571353,0.0293193728783262,46.972895386281,"usgs_ws_02059500","02059500",485703761.838651
"163",1994,1998,224.334159777454,235.110047837057,224.147966184193,0.0275423071410812,39.3869442818832,"usgs_ws_02041000","02041000",408541002.191427
"164",1994,1998,205.231705458859,213.341060154249,210.87406269083,0.0198126356546519,17.2806508655568,"usgs_ws_01616100","01616100",28446307.5602715
"165",1994,1998,225.104379880809,245.271495082817,221.31687899566,0.0558493398418563,165.813555068186,"usgs_ws_01674500","01674500",1559335859.90549
"166",1994,1998,221.384726400606,250.909378059969,NA,NA,NA,"usgs_ws_01658500","01658500",19725900.3190089
"167",1994,1998,236.315069425488,260.854421664069,206.891102534783,0.115125657660095,729.998241220585,"usgs_ws_03207800","03207800",768290208.766574
"168",1994,1998,208.923065558677,227.193802646936,NA,NA,NA,"usgs_ws_01643590","01643590",20399448.1462486
"169",1994,1998,205.038140837878,222.185618481246,221.724642040953,0.0451642115073079,95.4479685347609,"usgs_ws_02055000","02055000",993928750.789965
"170",1994,1998,230.139747732295,249.536098847059,233.703483155193,0.0434186249029892,106.598394396323,"usgs_ws_02020500","02020500",364961358.476462
"171",1994,1998,237.789946342459,250.176494693018,237.29412026474,0.0301907549174756,53.2713324084013,"usgs_ws_02030000","02030000",299384470.642828
"172",1994,1998,222.475644787394,232.929522217534,245.72357757255,0.0498207232454723,135.572964089118,"usgs_ws_01662800","01662800",66665826.823936
"173",1994,1998,229.510950965812,253.101370272775,NA,NA,NA,"usgs_ws_01670300","01670300",14451379.0095834
"174",1994,1998,227.816041049585,242.102152618301,228.09619010101,0.0351070963284742,66.7230755467658,"usgs_ws_02045500","02045500",1493310197.58654
"175",1994,1998,231.075604434361,258.235500233671,219.1885829287,0.0847498892548653,400.603828521109,"usgs_ws_02011470","02011470",195632586.421466
"176",1994,1998,203.110240956523,216.30305598957,220.7224813948,0.0429428479980551,83.9621171107062,"usgs_ws_01636316","01636316",55343159.3744726
"177",1994,1998,216.216158755484,223.729443526383,212.88672519499,0.025523848059025,30.8498527827153,"usgs_ws_01634500","01634500",264227056.477521
"178",1994,1998,226.550344831387,241.138856920963,197.30052386506,0.100711503913745,498.362692778363,"usgs_ws_03474000","03474000",341053098.204821
"179",1994,1998,261.59726152088,270.071888674371,257.21343023376,0.0248583897743616,42.7295392689237,"usgs_ws_02069700","02069700",221502850.269753
"180",1994,1998,219.72346435793,230.437294150772,236.160973196148,0.0364728794393515,69.6230579084968,"usgs_ws_01644000","01644000",858758018.70125
"181",1994,1998,223.909939762155,240.722843188994,221.60494643826,0.0456233759029877,108.913448672521,"usgs_ws_02038000","02038000",85695863.4688673
"182",1994,1998,215.974223606732,231.888192450232,207.428068438322,0.0568311038133445,154.0981398654,"usgs_ws_01638500","01638500",24734568589.6518
"183",1994,1998,236.329598002034,249.041910188622,236.97136812195,0.0297423288459564,51.2854559665636,"usgs_ws_02077303","02077303",526773223.247774
"184",1994,1998,273.807884166317,276.309296901488,249.880421024593,0.0547138942406265,212.877673031081,"usgs_ws_02068500","02068500",321904888.090359
"185",1994,1998,250.478069133776,253.906480935289,242.066891542823,0.0244840085496258,37.1129654882541,"usgs_ws_02074000","02074000",1408838904.68747
"186",1994,1998,297.025994265499,322.378671082534,273.346168276142,0.0824003947062236,601.279785355682,"usgs_ws_03161000","03161000",533712043.008783
"187",1994,1998,228.271967073569,244.471977986556,236.56423798084,0.0342619734185203,65.6224103964114,"usgs_ws_02052500","02052500",179871003.549627
