"","start_year","end_year","prism_precip","daymet_precip","nldas_precip","daymet_ndays_with_data","prism_ndays_with_data","nldas2_ndays_with_data","daymet_missing","prism_missing","nldas2_missing","var","CV","nldas2_dif_from_mean","prism_dif_from_mean","daymet_dif_from_mean","hydrocode"
"1",1994,1998,214.724051872874,235.338113974407,207.662520349174,1825,1826,1826,0,0,0,206.79054438251,0.0655907278997564,-11.579041716311,-4.51751019261064,16.0965519089216,"usgs_ws_02019500"
"2",1994,1998,220.513295111026,229.881937027938,219.396432778472,1825,1826,1826,0,0,0,33.1607720337937,0.0257925233564072,-3.86745552734007,-2.75059319478584,6.61804872212588,"usgs_ws_01622000"
"3",1994,1998,216.338105967849,248.913269017317,209.69126677653,1825,1826,1826,0,0,0,440.614529785152,0.0933004621393801,-15.2896138107019,-8.64277461938281,23.9323884300847,"usgs_ws_02011400"
"4",1994,1998,200.933887926389,231.842940216382,NA,1825,1826,0,0,0,1826,NA,NA,NA,NA,NA,"usgs_ws_03473500"
"5",1994,1998,230.244701160227,246.11956887133,225.05458215933,1825,1826,1826,0,0,0,120.447070877539,0.0469398764183775,-8.75170190429918,-3.56158290340181,12.313284807701,"usgs_ws_01670400"
"6",1994,1998,213.320036297451,229.451072983306,221.29699745307,1825,1826,1826,0,0,0,65.0552002652402,0.0364375896770105,-0.0590381248725009,-8.03599928049118,8.09503740536368,"usgs_ws_02036500"
"7",1994,1998,235.940956501301,248.274451463978,224.96107817183,1825,1826,1826,0,0,0,136.031033397237,0.0493384981921299,-11.4310838738729,-0.451205544402399,11.8822894182753,"usgs_ws_01656000"
"8",1994,1998,222.54424960128,240.889436016525,217.820328252835,1825,1826,1826,0,0,0,148.507505088184,0.0536644127995207,-9.26434303737847,-4.54042168893301,13.8047647263114,"usgs_ws_01671100"
"9",1994,1998,230.899285008805,235.970355211128,243.82540331919,1825,1826,1826,0,0,0,42.417011391823,0.0274921054474157,6.9270554728158,-5.99906283756948,-0.927992635246341,"usgs_ws_02065500"
"10",1994,1998,214.440968644676,248.098762847718,206.285940134505,1825,1826,1826,0,0,0,491.277290643767,0.0994195206871127,-16.6559504077946,-8.50092189762367,25.1568723054183,"usgs_ws_02011800"
"11",1994,1998,214.861015354613,246.17775507699,203.64880063396,1825,1826,1826,0,0,0,485.8606519664,0.0994854482334482,-17.913723054561,-6.70150833390767,24.6152313884687,"usgs_ws_02012500"
"12",1994,1998,230.679200300261,252.973025821401,221.2699620054,1825,1826,1826,0,0,0,265.105446162995,0.0692930055318248,-13.7041007036207,-4.2948624087598,17.9989631123805,"usgs_ws_02047500"
"13",1994,1998,227.596382283053,241.81066692232,239.0175306442,1825,1826,1826,0,0,0,56.7150213269294,0.031891627536423,2.87600402767569,-8.54514433347126,5.66914030579559,"usgs_ws_02038850"
"14",1994,1998,228.648257724205,240.626839978464,225.602587179662,1825,1826,1826,0,0,0,63.0817856750419,0.0342897942253707,-6.02330778111488,-2.97763723657209,9.00094501768697,"usgs_ws_02044500"
"15",1994,1998,231.961373145026,227.101745559524,227.38604404824,1825,1826,1826,0,0,0,7.438407040728,0.0119193574767852,-1.43034353602337,3.14498556076313,-1.71464202473973,"usgs_ws_02056650"
"16",1994,1998,224.929202726092,237.241165801955,225.171372576727,1825,1826,1826,0,0,0,49.5538315862844,0.0307246649961996,-3.94254112486385,-4.18471097549948,8.12725210036334,"usgs_ws_01669520"
"17",1994,1998,227.316090077322,237.598322114943,NA,1825,1826,0,0,0,1826,NA,NA,NA,NA,NA,"usgs_ws_03177710"
"18",1994,1998,209.704128960659,220.223686027917,204.88557126807,1825,1826,1826,0,0,0,61.5228905857197,0.037067521204586,-6.7188908174785,-1.9003331248895,8.61922394236802,"usgs_ws_01613900"
"19",1994,1998,225.406193546263,235.129731824256,226.819874108821,1825,1826,1826,0,0,0,27.5999041045565,0.0229294395649422,-2.29872571762542,-3.71240628018415,6.01113199780954,"usgs_ws_02041650"
"20",1994,1998,223.384223369832,241.948579790363,212.951150195041,1825,1826,1826,0,0,0,215.722544719116,0.0649617146206223,-13.143500923371,-2.71042774857986,15.8539286719509,"usgs_ws_01628500"
"21",1994,1998,232.068521989029,250.482103134745,233.68068580505,1825,1826,1826,0,0,0,103.991111177682,0.0427135886908331,-5.06308450455805,-6.67524832057865,11.7383328251367,"usgs_ws_02021500"
"22",1994,1998,255.197581314471,256.385299668484,241.325774672803,1825,1826,1826,0,0,0,70.1044979146373,0.0333619868162746,-9.64377721244963,4.2280294292182,5.41574778323147,"usgs_ws_02072000"
"23",1994,1998,214.245175230355,222.127191362473,204.646034229271,1825,1826,1826,0,0,0,76.6434234968917,0.0409720983079806,-9.02676604476176,0.572374956321624,8.4543910884401,"usgs_ws_01633000"
"24",1994,1998,194.169919103356,216.762347969636,179.217917643765,1825,1826,1826,0,0,0,357.260739703277,0.0960840617965765,-17.4988105951538,-2.54680913556297,20.0456197307167,"usgs_ws_03167000"
"25",1994,1998,260.150894020622,290.721960335492,217.52827888253,1825,1826,1826,0,0,0,1351.43207024595,0.143525929597542,-38.605432197018,4.01718294107428,34.5882492559438,"usgs_ws_03208800"
"26",1994,1998,227.670591499674,243.178132371267,198.19617395501,1825,1826,1826,0,0,0,522.100282740536,0.102457311525444,-24.8187919869738,4.65562555769051,20.1631664292833,"usgs_ws_03475000"
"27",1994,1998,265.015005349122,263.402424526126,272.5965645249,1825,1826,1826,0,0,0,24.1021111272639,0.0183869075881343,5.59189972485086,-1.9896594509276,-3.60224027392331,"usgs_ws_02032250"
"28",1994,1998,199.785808538406,223.526788625752,224.510161392902,1825,1826,1826,0,0,0,195.982463596753,0.0648296474658725,8.56924187388194,-16.1551109806138,7.58586910673179,"usgs_ws_02054530"
"29",1994,1998,222.477504537154,230.755917035354,201.64426636816,1825,1826,1826,0,0,0,225.007355110858,0.0687162447793642,-16.6482962787294,4.1849418902643,12.4633543884651,"usgs_ws_02014000"
"30",1994,1998,259.970569750362,250.282937400922,260.915072652593,1825,1826,1826,0,0,0,34.6307677133479,0.022893014737621,3.85887938463418,2.91437648240316,-6.77325586703739,"usgs_ws_01663500"
"31",1994,1998,225.07117999144,243.048256283927,212.49736615459,1825,1826,1826,0,0,0,235.772159020741,0.0676807010553038,-14.3749013220623,-1.80108748521207,16.1759888072744,"usgs_ws_01629500"
"32",1994,1998,246.981970907782,260.66384974443,207.961930039076,1825,1826,1826,0,0,0,747.874956420968,0.1146464771407,-30.5739868580201,8.446054010686,22.1279328473341,"usgs_ws_03527000"
"33",1994,1998,211.342043456878,230.106292230988,NA,1825,1826,0,0,0,1826,NA,NA,NA,NA,NA,"usgs_ws_01636690"
"34",1994,1998,239.04105543284,243.982043682079,227.840251642593,1825,1826,1826,0,0,0,68.404803445451,0.0349042595998595,-9.11419860991055,2.08660518033579,7.02759342957478,"usgs_ws_02059485"
"35",1994,1998,225.752755858864,239.6735470792,227.640288561235,1825,1826,1826,0,0,0,57.0250864104797,0.0326873163412582,-3.38190860519776,-5.26944130756917,8.65134991276693,"usgs_ws_02052000"
"36",1994,1998,252.203150813649,261.616876439853,209.08646330033,1825,1826,1826,0,0,0,784.518546149266,0.116236021897886,-31.8823668842807,11.2343206290386,20.648046255242,"usgs_ws_01627500"
"37",1994,1998,227.405588737811,240.086284506633,223.75254898433,1825,1826,1826,0,0,0,73.4892767890798,0.0372050250717155,-6.66225842526148,-3.00921867178016,9.67147709704167,"usgs_ws_02037500"
"38",1994,1998,260.098933000951,295.397395122538,NA,1825,1826,0,0,0,1826,NA,NA,NA,NA,NA,"usgs_ws_03208700"
"39",1994,1998,201.414087752041,233.461163715438,224.93633012697,1825,1826,1826,0,0,0,275.497291976623,0.0754675041768905,4.99913626215357,-18.5231061127755,13.5239698506219,"usgs_ws_02053800"
"40",1994,1998,224.642129595464,238.341536757358,NA,1825,1826,0,0,0,1826,NA,NA,NA,NA,NA,"usgs_ws_01652500"
"41",1994,1998,207.468146817259,226.933292551448,187.374509318663,1825,1826,1826,0,0,0,391.257249539435,0.0954373857962978,-19.8841402437934,0.209497254802329,19.6746429889911,"usgs_ws_02013000"
"42",1994,1998,224.719937998493,232.611401686137,228.824496268573,1825,1826,1826,0,0,0,15.577208394577,0.0172561261992215,0.105884284172049,-3.99867398590803,3.89278970173598,"usgs_ws_02060500"
"43",1994,1998,210.595239965278,223.923411131344,219.910393849974,1825,1826,1826,0,0,0,46.7527577046784,0.031344569187839,1.76737886777516,-7.54777501692033,5.78039614914513,"usgs_ws_02056000"
"44",1994,1998,245.247309808008,252.639441496967,238.412322003353,1825,1826,1826,0,0,0,50.6285997137105,0.0289911176758895,-7.02070243275611,-0.185714628101721,7.2064170608578,"usgs_ws_02075045"
"45",1994,1998,207.722319691082,243.362690065115,214.442145326255,1825,1826,1826,0,0,0,358.631660826299,0.0853649888663127,-7.40023970122928,-14.1200653364019,21.5203050376311,"usgs_ws_02016000"
"46",1994,1998,241.838342722608,248.157851390989,245.049348424564,1825,1826,1826,0,0,0,9.98492301999988,0.0128967228487005,0.0341675785107043,-3.17683812344558,3.14267054493487,"usgs_ws_01668000"
"47",1994,1998,225.864176833655,246.219169389595,NA,1825,1826,0,0,0,1826,NA,NA,NA,NA,NA,"usgs_ws_01661800"
"48",1994,1998,218.476003477084,229.581330277225,NA,1825,1826,0,0,0,1826,NA,NA,NA,NA,NA,"usgs_ws_01669000"
"49",1994,1998,256.224138599243,255.136201913404,242.418838780118,1825,1826,1826,0,0,0,58.9168723987012,0.0305489972611825,-8.84088765080389,4.96441216832142,3.8764754824825,"usgs_ws_02073000"
"50",1994,1998,252.483288410054,258.425146068359,240.843372181335,1825,1826,1826,0,0,0,79.9853492096018,0.0356904477881696,-9.74056337191445,1.89935285680454,7.84121051510994,"usgs_ws_02070000"
"51",1994,1998,226.921841227697,234.799838059034,230.420971115539,1825,1826,1826,0,0,0,15.5802032925621,0.017108510596611,-0.293245685218039,-3.79237557305936,4.08562125827737,"usgs_ws_02066000"
"52",1994,1998,212.626512558076,229.128965748748,238.1795380657,1825,1826,1826,0,0,0,167.866822194668,0.0571657994701315,11.5345326081922,-14.0184928994321,2.48396029123995,"usgs_ws_01638420"
"53",1994,1998,209.190320924915,218.090234984904,200.34556094245,1825,1826,1826,0,0,0,78.7186177159211,0.0424090923027197,-8.86314467497289,-0.0183846925078512,8.88152936748077,"usgs_ws_01632082"
"54",1994,1998,211.773055900094,238.324977660138,204.745649247973,1825,1826,1826,0,0,0,313.660048336297,0.0811359293346888,-13.5355783547622,-6.50817170264057,20.0437500574028,"usgs_ws_02016500"
"55",1994,1998,272.497076283849,257.315182793322,237.234023775595,1825,1826,1826,0,0,0,312.870951608799,0.0691802785928393,-18.4480705086603,16.8149819995934,1.63308850906682,"usgs_ws_02028500"
"56",1994,1998,217.989175645504,236.704557796485,223.37359699963,1825,1826,1826,0,0,0,92.8286730238844,0.0426274649006983,-2.6488464809099,-8.03326783503545,10.6821143159454,"usgs_ws_01635500"
"57",1994,1998,226.65883753134,240.458717433848,221.738465796715,1825,1826,1826,0,0,0,94.1824274480134,0.0422646946799789,-7.88020779058559,-2.95983605596106,10.8400438465466,"usgs_ws_02029000"
"58",1994,1998,240.342984137554,256.937951634017,NA,1825,1826,0,0,0,1826,NA,NA,NA,NA,NA,"usgs_ws_01620500"
"59",1994,1998,290.583178644354,270.079842905051,NA,1825,1826,0,0,0,1826,NA,NA,NA,NA,NA,"usgs_ws_02071530"
"60",1994,1998,233.271162788358,258.727488142009,219.1885829287,1825,1826,1826,0,0,0,401.611430246929,0.0845357353593008,-17.8738283576557,-3.79124849799743,21.6650768556531,"usgs_ws_02011460"
"61",1994,1998,225.933990424037,242.280112370802,222.471358902417,1825,1826,1826,0,0,0,111.928705620715,0.0459527684537144,-7.75712833000151,-4.29449680838192,12.0516251383834,"usgs_ws_01673000"
"62",1994,1998,222.425723708895,239.128418705377,230.04195886826,1825,1826,1826,0,0,0,69.9251350866261,0.0362731586483857,-0.490074892583976,-8.10631005194864,8.59638494453264,"usgs_ws_01646000"
"63",1994,1998,214.704525473136,225.692906185407,233.10993690292,1825,1826,1826,0,0,0,85.7526708736653,0.0412479843583799,8.60748071576592,-9.79793071401858,1.19044999825269,"usgs_ws_01643880"
"64",1994,1998,249.868406256861,276.506454391005,239.895684825752,1825,1826,1826,0,0,0,358.231538216581,0.0741004817635342,-15.5278303321207,-5.55510890101144,21.0829392331321,"usgs_ws_03165500"
"65",1994,1998,221.606622330167,253.635602862956,211.20781877657,1825,1826,1826,0,0,0,489.017928632835,0.0966439581078581,-17.6088625466609,-7.21005899306383,24.8189215397247,"usgs_ws_02011500"
"66",1994,1998,277.544865959135,302.389662829555,231.609289110943,1825,1826,1826,0,0,0,1289.53374260915,0.132747281565794,-38.9053168556011,7.03025999259035,31.8750568630107,"usgs_ws_03531500"
"67",1994,1998,218.072276316876,232.208653746804,203.177796723825,1825,1826,1826,0,0,0,210.745558112971,0.0666472612194074,-14.64177887201,0.252700721041037,14.3890781509689,"usgs_ws_03175500"
"68",1994,1998,249.023492040701,252.340442336783,252.174717375061,1825,1826,1826,0,0,0,3.49330752292208,0.00744104841917083,0.99516679087975,-2.1560585434809,1.16089175260112,"usgs_ws_01667500"
"69",1994,1998,228.568284799433,256.838834399183,217.94225548403,1825,1826,1826,0,0,0,404.180054164402,0.0857506830106429,-16.507536076852,-5.88150676144878,22.3890428383008,"usgs_ws_01673800"
"70",1994,1998,231.957521271566,231.318578553945,NA,1825,1826,0,0,0,1826,NA,NA,NA,NA,NA,"usgs_ws_02018500"
"71",1994,1998,270.5725117626,284.581027115686,220.69839870463,1825,1826,1826,0,0,0,1127.44264473697,0.12983435791041,-37.9189138230086,11.9551992349615,25.9637145880471,"usgs_ws_03524500"
"72",1994,1998,217.604802631411,230.465029300709,NA,1825,1826,0,0,0,1826,NA,NA,NA,NA,NA,"usgs_ws_02079640"
"73",1994,1998,284.512366214022,250.308706759533,243.03542257764,1825,1826,1826,0,0,0,490.521306047471,0.0854182579473319,-16.250075939425,25.2268676969569,-8.97679175753191,"usgs_ws_02027000"
"74",1994,1998,225.714957674681,234.130909839851,238.441965372765,1825,1826,1826,0,0,0,41.898362600232,0.0278089957243498,5.67935441033279,-7.04765328775136,1.36829887741857,"usgs_ws_02056900"
"75",1994,1998,256.192022288039,274.045943150687,237.90679776094,1825,1826,1826,0,0,0,326.524959279571,0.0705726414055321,-18.1414566389489,0.143767888150535,17.9976887507984,"usgs_ws_03165000"
"76",1994,1998,240.004913020862,265.477165861761,201.846105715998,1825,1826,1826,0,0,0,1025.64034249901,0.135830668674559,-33.9299558168755,4.22885148798852,29.701104328887,"usgs_ws_03208500"
"77",1994,1998,NA,242.538083650709,NA,1825,0,0,0,1826,1826,NA,NA,NA,NA,NA,"usgs_ws_01654500"
"78",1994,1998,219.280376022364,235.478563999253,226.699434425502,1825,1826,1826,0,0,0,65.7494728994193,0.0356966991896436,-0.453357056870459,-7.87241546000934,8.32577251687977,"usgs_ws_02030500"
"79",1994,1998,229.842240922135,254.305663980767,218.083901149463,1825,1826,1826,0,0,0,341.455620760417,0.0789419575944132,-15.9933675346587,-4.235027761987,20.2283952966457,"usgs_ws_03171000"
"80",1994,1998,263.616874559284,270.110570372377,NA,1825,1826,0,0,0,1826,NA,NA,NA,NA,NA,"usgs_ws_02024915"
"81",1994,1998,247.525351664607,251.387138421023,195.05542647723,1825,1826,1826,0,0,0,990.21136943992,0.13603348250991,-36.2672123770569,16.2027128103203,20.0644995667366,"usgs_ws_03524000"
"82",1994,1998,224.603419392812,238.720060330629,225.97304758014,1825,1826,1826,0,0,0,60.6069611333213,0.03388257580202,-3.79246152105381,-5.16208970838184,8.95455122943562,"usgs_ws_02051500"
"83",1994,1998,245.118815073958,243.580214779268,250.01489055557,1825,1826,1826,0,0,0,11.2906497224309,0.0136459708375523,3.77691708597121,-1.11915839564062,-2.65775869033055,"usgs_ws_01664000"
"84",1994,1998,235.617838982628,249.406637623796,236.854070814515,1825,1826,1826,0,0,0,58.204361768385,0.0317055203094937,-3.77211165913121,-5.00834349101842,8.78045515014966,"usgs_ws_02074500"
"85",1994,1998,223.489018322451,232.19805186305,218.92525207784,1825,1826,1826,0,0,0,45.4737402808349,0.0299879876704866,-5.94552200994059,-1.3817557653291,7.32727777526972,"usgs_ws_02055100"
"86",1994,1998,235.667290545351,247.732337121675,237.930972577144,1825,1826,1826,0,0,0,41.1260586941223,0.0266713773582159,-2.51256083757934,-4.77624286937251,7.28880370695188,"usgs_ws_02077500"
"87",1994,1998,237.432909548981,254.395465069482,241.04014984665,1825,1826,1826,0,0,0,79.8508195087377,0.036579256485946,-3.24935830838766,-6.85659860605679,10.1059569144444,"usgs_ws_02031000"
"88",1994,1998,225.310058586562,258.215900008764,NA,1825,1826,0,0,0,1826,NA,NA,NA,NA,NA,"usgs_ws_01660400"
"89",1994,1998,223.808139381586,236.328220666165,237.1688682286,1825,1826,1826,0,0,0,55.9946998366862,0.0321937667882158,4.73379213648309,-8.62693671053088,3.8931445740478,"usgs_ws_01653000"
"90",1994,1998,212.638780953526,250.887563242828,213.162554084095,1825,1826,1826,0,0,0,481.070000155527,0.0972380723105646,-12.4004120093878,-12.9241851399569,25.3245971493448,"usgs_ws_02015700"
"91",1994,1998,211.53066543355,218.383592716212,209.12661292831,1825,1826,1826,0,0,0,23.0722925971716,0.0225495559912651,-3.88701076438073,-1.48295825914059,5.36996902352129,"usgs_ws_01621050"
"92",1994,1998,228.381000622711,234.228039145579,233.54707887126,1825,1826,1826,0,0,0,10.2233218088715,0.0137787755579118,1.49503932474352,-3.67103892380553,2.17599959906204,"usgs_ws_02064000"
"93",1994,1998,247.762687257226,251.723314458089,263.26987838613,1825,1826,1826,0,0,0,64.9137805128214,0.0316886794787099,9.01791835231509,-6.48927277658942,-2.52864557572565,"usgs_ws_01666500"
"94",1994,1998,227.306909272411,243.613834037333,224.34550697328,1825,1826,1826,0,0,0,107.65902111891,0.0447708479356564,-7.409909787728,-4.44850748859719,11.8584172763252,"usgs_ws_02051000"
"95",1994,1998,228.475459432472,245.55074567949,223.86633348618,1825,1826,1826,0,0,0,130.503862429297,0.0491071106782275,-8.76451271320096,-4.15538676690852,12.9198994801095,"usgs_ws_01671025"
"96",1994,1998,226.468876655529,234.462638812165,229.865022139793,1825,1826,1826,0,0,0,16.0953527722054,0.0174229364482558,-0.40049039603565,-3.79663588030036,4.19712627633598,"usgs_ws_02062500"
"97",1994,1998,306.085152223978,257.631525776394,NA,1825,1826,0,0,0,1826,NA,NA,NA,NA,NA,"usgs_ws_02027500"
"98",1994,1998,243.758513433419,251.723864555849,237.239656436597,1825,1826,1826,0,0,0,52.6224333150689,0.0297007534113214,-7.00102170535806,-0.482164708535805,7.48318641389386,"usgs_ws_02075500"
"99",1994,1998,NA,270.631749633955,NA,1825,0,0,0,1826,1826,NA,NA,NA,NA,NA,"usgs_ws_02011490"
"100",1994,1998,211.186860776491,221.008173568392,207.929898775119,1825,1826,1826,0,0,0,46.351209667184,0.0319070790017098,-5.44507893154827,-2.18811693017648,7.63319586172477,"usgs_ws_01634000"
"101",1994,1998,222.139464448622,233.523252712996,219.251957962922,1825,1826,1826,0,0,0,56.9330304660896,0.0335393416863793,-5.71960041192418,-2.8320939262251,8.5516943381493,"usgs_ws_02042500"
"102",1994,1998,228.272509462814,240.766820852129,223.921504831007,1825,1826,1826,0,0,0,76.4672883751068,0.0378573673994875,-7.06544021764304,-2.71443558583593,9.77987580347897,"usgs_ws_02035000"
"103",1994,1998,230.955666785324,243.07204982624,227.058679479512,1825,1826,1826,0,0,0,69.736879652887,0.0357339454561995,-6.63678588417969,-2.73979857836838,9.37658446254807,"usgs_ws_02077000"
"104",1994,1998,211.957308955452,239.352602948907,198.766513239371,1825,1826,1826,0,0,0,428.621650420282,0.0955419036140911,-17.9256284752058,-4.73483275912432,22.6604612343301,"usgs_ws_02013100"
"105",1994,1998,272.266231946719,264.858139401485,258.86532088956,1825,1826,1826,0,0,0,45.0630210062519,0.02530020047862,-6.46457652302809,6.93633453413099,-0.47175801110285,"usgs_ws_01665500"
"106",1994,1998,210.298381217295,225.981317017981,238.1795380657,1825,1826,1826,0,0,0,195.351663210472,0.0621690319406598,13.3597926320414,-14.5213642163638,1.16157158432239,"usgs_ws_01638480"
"107",1994,1998,253.148402514919,260.908304474984,NA,1825,1826,0,0,0,1826,NA,NA,NA,NA,NA,"usgs_ws_01626000"
"108",1994,1998,235.859862872686,245.611364610369,243.544284072897,1825,1826,1826,0,0,0,26.4024895451138,0.0212616221613985,1.87244688758017,-5.81197431263146,3.93952742505127,"usgs_ws_02061500"
"109",1994,1998,221.295937357017,241.474469749162,216.944542276536,1825,1826,1826,0,0,0,171.304191743262,0.0577668156474363,-9.62710751770237,-5.2757124372213,14.9028199549236,"usgs_ws_02025500"
"110",1994,1998,242.782706247439,252.949783648199,206.80076521566,1825,1826,1826,0,0,0,587.966907595707,0.103545399877103,-27.3769864881059,8.60495454367322,18.7720319444327,"usgs_ws_03490000"
"111",1994,1998,260.228761724452,263.741888083252,224.582265631313,1825,1826,1826,0,0,0,469.415128518244,0.086831497230989,-24.9353728483593,10.7111232447797,14.2242496035796,"usgs_ws_03473000"
"112",1994,1998,228.774834516759,236.086942563699,235.740327299708,1825,1826,1826,0,0,0,17.0175259901101,0.017664364940459,2.2062925063191,-4.75920027662943,2.5529077703103,"usgs_ws_02039500"
"113",1994,1998,260.103726007898,255.892439620116,NA,1825,1826,0,0,0,1826,NA,NA,NA,NA,NA,"usgs_ws_03471500"
"114",1994,1998,221.698641048366,224.838607105745,214.75228919452,1825,1826,1826,0,0,0,26.6408333208723,0.0234155037743759,-5.67755658835716,1.26879526548882,4.40876132286834,"usgs_ws_01632000"
"115",1994,1998,223.246086476744,224.384806368655,215.20458865136,1825,1826,1826,0,0,0,25.0397946008051,0.0226480537814443,-5.74057184755972,2.30092597782428,3.43964586973547,"usgs_ws_02017500"
"116",1994,1998,250.468924623391,260.94193176833,203.27685780094,1825,1826,1826,0,0,0,943.672634216192,0.128948299355613,-34.9523802632803,12.2396865591708,22.7126937041094,"usgs_ws_01626850"
"117",1994,1998,244.220843854455,270.726166013728,205.875878102048,1825,1826,1826,0,0,0,1063.07139059132,0.135698142180275,-34.398417888029,3.94654786437798,30.4518700236511,"usgs_ws_03209200"
"118",1994,1998,232.557587683293,242.261945885025,231.948605626343,1825,1826,1826,0,0,0,33.4850690907576,0.0245623486089713,-3.64077410521034,-3.03179204826077,6.67256615347108,"usgs_ws_02079500"
"119",1994,1998,199.132071556651,224.002873256973,224.510161392902,1825,1826,1826,0,0,0,210.476927034407,0.0672026522897506,8.62845932406,-16.7496305121911,8.12117118813111,"usgs_ws_02054500"
"120",1994,1998,226.276467344068,252.223497251601,NA,1825,1826,0,0,0,1826,NA,NA,NA,NA,NA,"usgs_ws_02022500"
"121",1994,1998,246.095526797395,271.237116441031,207.40330884812,1825,1826,1826,0,0,0,1033.99037524199,0.133106632688084,-34.1753418473952,4.51687610187949,29.6584657455157,"usgs_ws_03208950"
"122",1994,1998,219.692584425873,233.03556262061,236.782805028,1825,1826,1826,0,0,0,80.692088832388,0.0390836904444507,6.94582100317231,-10.1443995989546,3.19857859578229,"usgs_ws_01643700"
"123",1994,1998,225.775187559241,225.526312929524,212.84215374235,1825,1826,1826,0,0,0,54.7021994292905,0.0334088573057778,-8.53906433468845,4.39396948220286,4.14509485248561,"usgs_ws_02018000"
"124",1994,1998,233.698812581211,253.877046967149,224.531700479336,1825,1826,1826,0,0,0,225.391074618664,0.0632475949021026,-12.8374861965627,-3.67037409468753,16.5078602912502,"usgs_ws_02049500"
"125",1994,1998,257.408941812668,255.803422559171,241.325774672803,1825,1826,1826,0,0,0,78.4747076073008,0.0352212618593448,-10.1869383420773,5.89622879778688,4.29070954429045,"usgs_ws_02072500"
"126",1994,1998,211.395885668966,226.109045961604,NA,1825,1826,0,0,0,1826,NA,NA,NA,NA,NA,"usgs_ws_01638350"
"127",1994,1998,227.882543384102,254.803057278524,216.154288967347,1825,1826,1826,0,0,0,392.665551995802,0.0850657958933516,-16.7923409093103,-5.06408649255533,21.8564274018657,"usgs_ws_01674000"
"128",1994,1998,212.16519857595,243.036892444991,216.417486287952,1825,1826,1826,0,0,0,279.956036213814,0.0747382329597006,-7.45570614834591,-11.7079938603477,19.1637000086936,"usgs_ws_01625000"
"129",1994,1998,242.973331403405,251.663957801892,236.44412254453,1825,1826,1826,0,0,0,58.3001567970224,0.0313321627900028,-7.24968137207907,-0.72047251320393,7.97015388528303,"usgs_ws_02076000"
"130",1994,1998,239.34777267599,245.974959651068,184.7887218331,1825,1826,1826,0,0,0,1127.39422239943,0.150318390075837,-38.5817628869525,15.977287955937,22.6044749310155,"usgs_ws_03521500"
"131",1994,1998,229.550350190839,241.020189205685,NA,1825,1826,0,0,0,1826,NA,NA,NA,NA,NA,"usgs_ws_01654000"
"132",1994,1998,228.475459432472,245.773545874825,223.86633348618,1825,1826,1826,0,0,0,133.398965199511,0.0496329746769978,-8.83877944497905,-4.22965349868662,13.0684329436657,"usgs_ws_01671020"
"133",1994,1998,225.234587032642,241.907416823969,222.410441361416,1825,1826,1826,0,0,0,111.015184035043,0.0458400564178684,-7.44037371125964,-4.61622804003369,12.0566017512933,"usgs_ws_01672500"
"134",1994,1998,249.473589202251,277.681399787234,211.920536681122,1825,1826,1826,0,0,0,1088.40057468561,0.133914256671648,-34.4379718757465,3.11508064538151,31.322891230365,"usgs_ws_03209000"
"135",1994,1998,247.412141307934,246.395757439696,NA,1825,1826,0,0,0,1826,NA,NA,NA,NA,NA,"usgs_ws_01636210"
"136",1994,1998,215.774579450569,233.034387438775,231.5223297464,1825,1826,1826,0,0,0,91.3631549391071,0.0421489100960199,4.74523086781846,-11.0025194280122,6.25728856019373,"usgs_ws_01644280"
"137",1994,1998,226.060058636407,242.715731069791,216.635179502619,1825,1826,1826,0,0,0,174.405823490433,0.0578030420828896,-11.8351435669866,-2.41026443319848,14.2454080001851,"usgs_ws_01631000"
"138",1994,1998,219.813699669829,245.450600166541,207.8586161806,1825,1826,1826,0,0,0,368.888658052,0.0856001508260181,-16.5156891583901,-4.56060566916091,21.076294827551,"usgs_ws_03170000"
"139",1994,1998,245.112905083729,240.926147242816,197.611753166982,1825,1826,1826,0,0,0,691.670851465497,0.11540819850822,-30.2718486641937,17.2293032525537,13.04254541164,"usgs_ws_03488000"
"140",1994,1998,215.153521669034,225.832564470834,NA,1825,1826,0,0,0,1826,NA,NA,NA,NA,NA,"usgs_ws_01643805"
"141",1994,1998,222.884407217433,245.81524479115,211.347132619397,1825,1826,1826,0,0,0,307.830462277873,0.0773995187641841,-15.335128923263,-3.79785432522712,19.1329832484901,"usgs_ws_03176500"
"142",1994,1998,227.036234834843,237.932823469756,228.21757599333,1825,1826,1826,0,0,0,35.7528740565774,0.0258777524474114,-2.84463543931315,-4.02597659780005,6.8706120371132,"usgs_ws_02039000"
"143",1994,1998,235.663403614404,260.152959919829,225.171887547996,1825,1826,1826,0,0,0,322.247616948606,0.0746943795626857,-15.1575294794135,-4.66601341300546,19.823542892419,"usgs_ws_03168000"
"144",1994,1998,257.621261223446,254.575538157879,242.97426900131,1825,1826,1826,0,0,0,59.7333760317647,0.0307032565886186,-8.74942045956826,5.89757176256737,2.85184869700092,"usgs_ws_02032640"
"145",1994,1998,204.014629096964,213.849530115424,NA,1825,1826,0,0,0,1826,NA,NA,NA,NA,NA,"usgs_ws_01615000"
"146",1994,1998,221.727570883743,240.903560194727,218.687313941604,1825,1826,1826,0,0,0,145.087220984769,0.053037822959159,-8.41883439842033,-5.37857745628219,13.7974118547025,"usgs_ws_02026000"
"147",1994,1998,253.537010798846,281.716901279617,244.19384465988,1825,1826,1826,0,0,0,381.563459849416,0.0751826504953958,-15.6220742529008,-6.27890811393485,21.9009823668357,"usgs_ws_03164000"
"148",1994,1998,231.211492875732,249.755730922399,232.699738922479,1825,1826,1826,0,0,0,106.16841735474,0.043313505470057,-5.18924865105734,-6.67749469780492,11.8667433488622,"usgs_ws_02024000"
"149",1994,1998,219.900158824444,240.849840731947,215.477891502851,1825,1826,1826,0,0,0,183.696904662177,0.0601283234471156,-9.93140551689666,-5.50913819530336,15.4405437122,"usgs_ws_02024752"
"150",1994,1998,238.233088291412,242.337602100658,242.70947189544,1825,1826,1826,0,0,0,6.17055515416093,0.0103033112686091,1.61608446626983,-2.86029913775772,1.24421467148787,"usgs_ws_02058400"
"151",1994,1998,286.302765421998,297.036580511157,226.406065172595,1825,1826,1826,0,0,0,1448.58319735432,0.141008236405721,-43.509071862655,16.3876283867481,27.121443475907,"usgs_ws_03529500"
"152",1994,1998,226.453708534217,234.997251908173,229.24541799432,1825,1826,1826,0,0,0,18.9782280774758,0.0189217764255206,-0.986708151249843,-3.77841761135329,4.76512576260313,"usgs_ws_02040000"
"153",1994,1998,242.48198709088,250.764788408845,240.63728885602,1825,1826,1826,0,0,0,29.0956594071763,0.0220499647416497,-3.99073259589497,-2.14603436103522,6.13676695693019,"usgs_ws_02034000"
"154",1994,1998,215.237969215721,229.85877587157,192.835019485185,1825,1826,1826,0,0,0,347.736446809178,0.0876944549722997,-19.8089020389738,2.59404769156211,17.2148543474117,"usgs_ws_01632900"
"155",1994,1998,202.027091754119,223.273043127627,190.961350363168,1825,1826,1826,0,0,0,269.647761933621,0.0799382503561433,-14.45914471847,-3.39340332751942,17.8525480459895,"usgs_ws_03173000"
"156",1994,1998,220.30556516491,227.363138396951,NA,1825,1826,0,0,0,1826,NA,NA,NA,NA,NA,"usgs_ws_01673550"
"157",1994,1998,NA,242.186351468253,NA,1825,0,0,0,1826,1826,NA,NA,NA,NA,NA,"usgs_ws_01645784"
"158",1994,1998,222.694283601459,249.830300771432,210.24670802135,1825,1826,1826,0,0,0,409.694396779334,0.088935676776733,-17.3437227767304,-4.8961471966216,22.239869973352,"usgs_ws_03478400"
"159",1994,1998,252.481913027082,258.293001314087,257.01689863157,1825,1826,1826,0,0,0,9.32721326143447,0.011933112396747,1.08629430732356,-3.44869129716429,2.36239698984076,"usgs_ws_02061000"
"160",1994,1998,226.718311501314,245.141271397288,228.08265466063,1825,1826,1826,0,0,0,105.377214758866,0.0439979468695375,-5.23142452578057,-6.59576768509646,11.8271922108771,"usgs_ws_02046000"
"161",1994,1998,225.765720379305,243.836628336021,225.992335421622,1825,1826,1826,0,0,0,107.504643062059,0.0447176127953557,-5.87255929069414,-6.09917433301067,11.9717336237048,"usgs_ws_02047000"
"162",1994,1998,232.404894813481,241.18912970093,227.684021571353,1825,1826,1826,0,0,0,46.972895386281,0.0293193728783262,-6.07532712390184,-1.35445388177345,7.4297810056753,"usgs_ws_02059500"
"163",1994,1998,224.334159777454,235.110047837057,224.147966184193,1825,1826,1826,0,0,0,39.3869442818832,0.0275423071410812,-3.71609174870804,-3.52989815544726,7.2459899041553,"usgs_ws_02041000"
"164",1994,1998,205.231705458859,213.341060154249,210.87406269083,1825,1826,1826,0,0,0,17.2806508655568,0.0198126356546519,1.05845325618401,-4.58390397578711,3.52545071960313,"usgs_ws_01616100"
"165",1994,1998,225.104379880809,245.271495082817,221.31687899566,1825,1826,1826,0,0,0,165.813555068186,0.0558493398418563,-9.24737232410189,-5.45987143895286,14.7072437630548,"usgs_ws_01674500"
"166",1994,1998,221.384726400606,250.909378059969,NA,1825,1826,0,0,0,1826,NA,NA,NA,NA,NA,"usgs_ws_01658500"
"167",1994,1998,236.315069425488,260.854421664069,206.891102534783,1825,1826,1826,0,0,0,729.998241220585,0.115125657660095,-27.7957620066633,1.62820488404134,26.167557122622,"usgs_ws_03207800"
"168",1994,1998,208.923065558677,227.193802646936,NA,1825,1826,0,0,0,1826,NA,NA,NA,NA,NA,"usgs_ws_01643590"
"169",1994,1998,205.038140837878,222.185618481246,221.724642040953,1825,1826,1826,0,0,0,95.4479685347609,0.0451642115073079,5.40850825426088,-11.2779929488146,5.86948469455376,"usgs_ws_02055000"
"170",1994,1998,230.139747732295,249.536098847059,233.703483155193,1825,1826,1826,0,0,0,106.598394396323,0.0434186249029892,-4.08962675632273,-7.65336217922058,11.7429889355433,"usgs_ws_02020500"
"171",1994,1998,237.789946342459,250.176494693018,237.29412026474,1825,1826,1826,0,0,0,53.2713324084013,0.0301907549174756,-4.45940016866564,-3.96357409094634,8.422974259612,"usgs_ws_02030000"
"172",1994,1998,222.475644787394,232.929522217534,245.72357757255,1825,1826,1826,0,0,0,135.572964089118,0.0498207232454723,12.0139960467238,-11.2339367384319,-0.780059308291897,"usgs_ws_01662800"
"173",1994,1998,229.510950965812,253.101370272775,NA,1825,1826,0,0,0,1826,NA,NA,NA,NA,NA,"usgs_ws_01670300"
"174",1994,1998,227.816041049585,242.102152618301,228.09619010101,1825,1826,1826,0,0,0,66.7230755467658,0.0351070963284742,-4.57527115528859,-4.85542020671394,9.43069136200256,"usgs_ws_02045500"
"175",1994,1998,231.075604434361,258.235500233671,219.1885829287,1825,1826,1826,0,0,0,400.603828521109,0.0847498892548653,-16.9779796035439,-5.09095809788303,22.068937701427,"usgs_ws_02011470"
"176",1994,1998,203.110240956523,216.30305598957,220.7224813948,1825,1826,1826,0,0,0,83.9621171107062,0.0429428479980551,7.34388861450216,-10.2683518237744,2.92446320927226,"usgs_ws_01636316"
"177",1994,1998,216.216158755484,223.729443526383,212.88672519499,1825,1826,1826,0,0,0,30.8498527827153,0.025523848059025,-4.72405063062911,-1.39461707013481,6.11866770076395,"usgs_ws_01634500"
"178",1994,1998,226.550344831387,241.138856920963,197.30052386506,1825,1826,1826,0,0,0,498.362692778363,0.100711503913745,-24.3627180074099,4.88710295891661,19.4756150484933,"usgs_ws_03474000"
"179",1994,1998,261.59726152088,270.071888674371,257.21343023376,1825,1826,1826,0,0,0,42.7295392689237,0.0248583897743616,-5.74742990924381,-1.36359862212356,7.11102853136731,"usgs_ws_02069700"
"180",1994,1998,219.72346435793,230.437294150772,236.160973196148,1825,1826,1826,0,0,0,69.6230579084968,0.0364728794393515,7.38706262786474,-9.05044621035361,1.6633835824889,"usgs_ws_01644000"
"181",1994,1998,223.909939762155,240.722843188994,221.60494643826,1825,1826,1826,0,0,0,108.913448672521,0.0456233759029877,-7.14096335820958,-4.83597003431464,11.9769333925242,"usgs_ws_02038000"
"182",1994,1998,215.974223606732,231.888192450232,207.428068438322,1825,1826,1826,0,0,0,154.0981398654,0.0568311038133445,-11.0020930601064,-2.45593789169655,13.458030951803,"usgs_ws_01638500"
"183",1994,1998,236.329598002034,249.041910188622,236.97136812195,1825,1826,1826,0,0,0,51.2854559665636,0.0297423288459564,-3.80959064891866,-4.45136076883458,8.26095141775323,"usgs_ws_02077303"
"184",1994,1998,273.807884166317,276.309296901488,249.880421024593,1825,1826,1826,0,0,0,212.877673031081,0.0547138942406265,-16.7854463395392,7.14201680218406,9.64342953735513,"usgs_ws_02068500"
"185",1994,1998,250.478069133776,253.906480935289,242.066891542823,1825,1826,1826,0,0,0,37.1129654882541,0.0244840085496258,-6.75025566114005,1.66092192981333,5.08933373132675,"usgs_ws_02074000"
"186",1994,1998,297.025994265499,322.378671082534,273.346168276142,1825,1826,1826,0,0,0,601.279785355682,0.0824003947062236,-24.2374429319162,-0.557616942559662,24.7950598744758,"usgs_ws_03161000"
"187",1994,1998,228.271967073569,244.471977986556,236.56423798084,1825,1826,1826,0,0,0,65.6224103964114,0.0342619734185203,0.1281769671848,-8.16409394008585,8.03591697290108,"usgs_ws_02052500"
