"","start_year","end_year","prism_precip","daymet_precip","nldas_precip","daymet_ndays_with_data","prism_ndays_with_data","nldas2_ndays_with_data","daymet_missing","prism_missing","nldas2_missing","var","CV","nldas2_dif_from_mean","prism_dif_from_mean","daymet_dif_from_mean","hydrocode"
"1",1999,2003,208.51622482067,227.07882097534,208.602888123564,1825,1826,1826,0,0,0,114.322930212123,0.049793035280331,-6.1297565162939,-6.21641981918779,12.3461763354817,"usgs_ws_02019500"
"2",1999,2003,196.801854290768,211.379621585439,203.136964680778,1825,1826,1826,0,0,0,53.4310526331913,0.035871589681113,-0.635848838217044,-6.97095922822697,7.60680806644402,"usgs_ws_01622000"
"3",1999,2003,212.893815713582,237.199309905231,209.03268374373,1825,1826,1826,0,0,0,233.170702885101,0.069500819907484,-10.6759193771176,-6.81478740726544,17.4907067843831,"usgs_ws_02011400"
"4",1999,2003,204.28664541571,225.849649534125,NA,1825,1826,0,0,0,1826,NA,NA,NA,NA,NA,"usgs_ws_03473500"
"5",1999,2003,210.852108160722,220.744501164831,218.68916927319,1825,1826,1826,0,0,0,27.2505592355156,0.0240826740689767,1.92724307360896,-5.9098180388589,3.98257496524991,"usgs_ws_01670400"
"6",1999,2003,225.017430666163,224.487979808644,226.39856713705,1825,1826,1826,0,0,0,0.973033350201149,0.00437824555436599,1.0972412664309,-0.283895204455831,-0.813346061975096,"usgs_ws_02036500"
"7",1999,2003,210.968541684734,225.98890474765,223.06063620071,1825,1826,1826,0,0,0,63.4008021680162,0.0361920178090092,3.05460865634527,-9.03748585963055,5.98287720328528,"usgs_ws_01656000"
"8",1999,2003,213.381530329208,225.364506047639,221.831062702095,1825,1826,1826,0,0,0,37.91192104419,0.0279631206724936,1.63869634244756,-6.81083603043928,5.17213968799172,"usgs_ws_01671100"
"9",1999,2003,223.572254623117,226.685679396917,217.86612158465,1825,1826,1826,0,0,0,20.0063280131196,0.0200838902067627,-4.84189695024475,0.864236088222469,3.97766086202228,"usgs_ws_02065500"
"10",1999,2003,212.674306622919,235.668353204799,211.401736860288,1825,1826,1826,0,0,0,186.535713470356,0.0621049963566397,-8.51306203571403,-7.24049227308311,15.7535543087971,"usgs_ws_02011800"
"11",1999,2003,213.427550573382,235.617867905619,210.28306237169,1825,1826,1826,0,0,0,190.691726799668,0.0628326452990783,-9.49309791187372,-6.34860971018196,15.8417076220557,"usgs_ws_02012500"
"12",1999,2003,247.242782943489,264.604500899939,236.401711318273,1825,1826,1826,0,0,0,202.392570761693,0.0570390647363954,-13.0146204022942,-2.17354877707814,15.1881691793724,"usgs_ws_02047500"
"13",1999,2003,213.960312720768,224.094065586685,221.11589105606,1825,1826,1826,0,0,0,27.1274619991408,0.0237043595267753,1.39246793488917,-5.76311040040306,4.37064246551387,"usgs_ws_02038850"
"14",1999,2003,239.71610598116,242.711114096951,235.66561151133,1825,1826,1826,0,0,0,12.5026142912947,0.0147720605791226,-3.69866568515019,0.351828784679384,3.34683690047078,"usgs_ws_02044500"
"15",1999,2003,213.836670673288,220.177154001329,200.746958797,1825,1826,1826,0,0,0,98.1791285859563,0.0468296329449585,-10.8399690268724,2.24974284941575,8.59022617745669,"usgs_ws_02056650"
"16",1999,2003,230.600431783941,245.141634081626,229.646211607312,1825,1826,1826,0,0,0,75.4108696775253,0.0369326092628798,-5.48321421698063,-4.52899404035227,10.0122082573329,"usgs_ws_01669520"
"17",1999,2003,220.764461179227,232.970304705185,NA,1825,1826,0,0,0,1826,NA,NA,NA,NA,NA,"usgs_ws_03177710"
"18",1999,2003,199.504084093669,215.364921204533,213.32266637528,1825,1826,1826,0,0,0,74.4483624864425,0.0412056391728763,3.92544248411934,-9.89313979749201,5.9676973133727,"usgs_ws_01613900"
"19",1999,2003,220.693734104888,230.100051662918,225.960483367448,1825,1826,1826,0,0,0,22.2255805783423,0.0208985814360736,0.375726989030255,-4.89102227353035,4.5152952845001,"usgs_ws_02041650"
"20",1999,2003,201.646761458568,221.051290062904,203.376976196829,1825,1826,1826,0,0,0,115.318457338922,0.051456978976195,-5.31469970927125,-7.0449144475325,12.3596141568038,"usgs_ws_01628500"
"21",1999,2003,213.738279710556,226.015368426808,226.08309958762,1825,1826,1826,0,0,0,50.5210121090026,0.0320250278126271,4.13751701262541,-8.20730286443859,4.06978585181318,"usgs_ws_02021500"
"22",1999,2003,227.920061521655,229.015011456832,236.977684398327,1825,1826,1826,0,0,0,24.4406013182943,0.0213733366405039,5.6734319393889,-3.38419093728268,-2.28924100210622,"usgs_ws_02072000"
"23",1999,2003,193.387524199901,205.253046645767,195.967001491415,1825,1826,1826,0,0,0,38.9458267699125,0.0314862749071452,-2.23552262094611,-4.81499991246025,7.05052253340637,"usgs_ws_01633000"
"24",1999,2003,200.15107915524,220.97664834445,190.340896091115,1825,1826,1826,0,0,0,244.74888998899,0.0767551355904993,-13.4819784391533,-3.67179537502835,17.1537738141817,"usgs_ws_03167000"
"25",1999,2003,235.707827080633,273.149253100241,207.64339559194,1825,1826,1826,0,0,0,1080.08167751052,0.137604637631748,-31.1900963323314,-3.12566484363825,34.3157611759696,"usgs_ws_03208800"
"26",1999,2003,223.32008509705,232.993634972278,207.492940130117,1825,1826,1826,0,0,0,165.72692040431,0.0581803298747618,-13.7759466030315,2.0511983639019,11.7247482391296,"usgs_ws_03475000"
"27",1999,2003,244.347398900521,238.408024168868,266.28508473875,1825,1826,1826,0,0,0,215.611456359455,0.0588100930354858,16.6049154693705,-5.33277036885849,-11.272145100512,"usgs_ws_02032250"
"28",1999,2003,194.843449638835,213.600681053489,198.883274326044,1825,1826,1826,0,0,0,97.4593291045546,0.0487652084287631,-3.55919401341211,-7.59901870062106,11.1582127140332,"usgs_ws_02054530"
"29",1999,2003,219.092198127751,226.717810218908,205.047030016675,1825,1826,1826,0,0,0,120.83990360111,0.0506688251074453,-11.9053161044363,2.13985200663998,9.7654640977963,"usgs_ws_02014000"
"30",1999,2003,239.193466442725,231.135872941661,243.698154562812,1825,1826,1826,0,0,0,40.5046579361227,0.0267398400039148,5.68898991374584,1.18430179365893,-6.8732917074048,"usgs_ws_01663500"
"31",1999,2003,202.944641985037,220.652664563892,203.80639858183,1825,1826,1826,0,0,0,99.6855609372838,0.047740867260214,-5.32816979508951,-6.18992639188252,11.518096186972,"usgs_ws_01629500"
"32",1999,2003,232.351099636607,251.154909212147,204.554759834221,1825,1826,1826,0,0,0,549.632280501309,0.102218751958989,-24.7988297267704,2.99751007561503,21.8013196511554,"usgs_ws_03527000"
"33",1999,2003,204.557932045161,228.375670115894,NA,1825,1826,0,0,0,1826,NA,NA,NA,NA,NA,"usgs_ws_01636690"
"34",1999,2003,221.725675101962,230.0282098652,215.784086339617,1825,1826,1826,0,0,0,51.1882692546112,0.0321536665080587,-6.72857076264296,-0.786982000297144,7.51555276294013,"usgs_ws_02059485"
"35",1999,2003,236.586508882477,245.108306169227,232.840214316325,1825,1826,1826,0,0,0,39.5269716140157,0.0263963878612674,-5.33812880635134,-1.5918342401996,6.92996304655094,"usgs_ws_02052000"
"36",1999,2003,232.867490180144,240.758326634613,207.217236569163,1825,1826,1826,0,0,0,307.534255506228,0.0772717935792687,-19.7304478921432,5.91980571883724,13.810642173306,"usgs_ws_01627500"
"37",1999,2003,215.355786982488,226.82864748966,221.192376123272,1825,1826,1826,0,0,0,32.9099759884864,0.0259432721461858,0.0667725914653658,-5.76981654931879,5.70304395785345,"usgs_ws_02037500"
"38",1999,2003,234.259916646127,277.334615683027,NA,1825,1826,0,0,0,1826,NA,NA,NA,NA,NA,"usgs_ws_03208700"
"39",1999,2003,194.117141614428,225.107775589527,203.88034237879,1825,1826,1826,0,0,0,251.057234010021,0.0762862395740993,-3.82141081545853,-13.5846115798203,17.4060223952789,"usgs_ws_02053800"
"40",1999,2003,223.439844788665,238.613445105036,NA,1825,1826,0,0,0,1826,NA,NA,NA,NA,NA,"usgs_ws_01652500"
"41",1999,2003,209.450408367199,221.853243902232,204.00082669582,1825,1826,1826,0,0,0,83.7061783023133,0.0432034167713414,-7.76733295926363,-2.31775128788442,10.085084247148,"usgs_ws_02013000"
"42",1999,2003,213.223187338085,220.607561270413,208.56274648209,1825,1826,1826,0,0,0,36.8877084382782,0.0283635742886678,-5.56841854810588,-0.907977692111018,6.4763962402169,"usgs_ws_02060500"
"43",1999,2003,202.248625562301,214.366244588396,199.739187091386,1825,1826,1826,0,0,0,61.180797220289,0.0380713749333083,-5.7121653226414,-3.20272685172711,8.91489217436853,"usgs_ws_02056000"
"44",1999,2003,224.007590981313,227.892363621699,228.374528949784,1825,1826,1826,0,0,0,5.73234818192885,0.010558527470454,1.61636776551893,-2.75057020295233,1.13420243743337,"usgs_ws_02075045"
"45",1999,2003,195.777876935257,226.373393692738,209.811694499041,1825,1826,1826,0,0,0,234.553926875562,0.0727027738170727,-0.842627209970686,-14.8764447737551,15.7190719837259,"usgs_ws_02016000"
"46",1999,2003,220.054980256018,223.04591372032,231.192607637758,1825,1826,1826,0,0,0,33.2268414111323,0.0256458329915353,6.42810709972608,-4.70952028201415,-1.71858681771189,"usgs_ws_01668000"
"47",1999,2003,229.245792492941,246.942884633273,NA,1825,1826,0,0,0,1826,NA,NA,NA,NA,NA,"usgs_ws_01661800"
"48",1999,2003,218.982322771452,236.31040216907,NA,1825,1826,0,0,0,1826,NA,NA,NA,NA,NA,"usgs_ws_01669000"
"49",1999,2003,220.71811264813,224.152410779011,230.785473442986,1825,1826,1826,0,0,0,26.1906128883002,0.022723145519496,5.56680781961049,-4.50055297524565,-1.06625484436481,"usgs_ws_02073000"
"50",1999,2003,216.136504587609,224.909544334504,237.70270316254,1825,1826,1826,0,0,0,117.622010028888,0.047935416914322,11.4531191343226,-10.1130794406087,-1.34003969371389,"usgs_ws_02070000"
"51",1999,2003,216.786183887769,222.71006630043,212.646852516439,1825,1826,1826,0,0,0,25.5824531171677,0.0232674850095616,-4.73418171844011,-0.594850347110395,5.32903206555051,"usgs_ws_02066000"
"52",1999,2003,206.074540565461,226.520540476008,230.59669538829,1825,1826,1826,0,0,0,172.665004727631,0.0594407505856445,9.53276991170367,-14.9893849111252,5.4566149994215,"usgs_ws_01638420"
"53",1999,2003,181.752752855053,197.405086695625,191.41970179178,1825,1826,1826,0,0,0,62.3783814748607,0.041526337798442,1.22718801096062,-8.43976092576617,7.21257291480555,"usgs_ws_01632082"
"54",1999,2003,206.613233808929,228.695996103031,208.541677829837,1825,1826,1826,0,0,0,149.593971989474,0.0569892562562581,-6.0752914174289,-8.00373543833683,14.0790268557658,"usgs_ws_02016500"
"55",1999,2003,247.296687372327,244.619164153704,234.95703632555,1825,1826,1826,0,0,0,42.132138785013,0.0267898040888971,-7.33392629164376,5.00572475513303,2.3282015365107,"usgs_ws_02028500"
"56",1999,2003,203.785506748039,217.309064615321,212.84210706066,1825,1826,1826,0,0,0,47.4770560679102,0.0326074821747512,1.52988091931996,-7.52671939330131,5.99683847398137,"usgs_ws_01635500"
"57",1999,2003,215.010545069892,228.840560611635,219.714256739923,1825,1826,1826,0,0,0,49.447275953076,0.0317913325717,-1.47419740056029,-6.17790907059128,7.65210647115154,"usgs_ws_02029000"
"58",1999,2003,224.028251140041,232.655549866384,NA,1825,1826,0,0,0,1826,NA,NA,NA,NA,NA,"usgs_ws_01620500"
"59",1999,2003,262.128418819923,247.660363890377,NA,1825,1826,0,0,0,1826,NA,NA,NA,NA,NA,"usgs_ws_02071530"
"60",1999,2003,224.843835234113,242.943591208185,211.7825159373,1825,1826,1826,0,0,0,244.868640022,0.069080214545054,-14.7407981892324,-1.67947889241992,16.4202770816523,"usgs_ws_02011460"
"61",1999,2003,213.015015062373,223.65065623057,220.210012150952,1825,1826,1826,0,0,0,29.4538129743228,0.0247861362042525,1.2514510029871,-5.94354608559235,4.69209508260522,"usgs_ws_01673000"
"62",1999,2003,224.947146884986,243.797007936889,235.9380801624,1825,1826,1826,0,0,0,89.646770291541,0.0403083717774887,1.04400183430823,-9.9469314431056,8.90292960879734,"usgs_ws_01646000"
"63",1999,2003,219.856221086299,222.530627283213,224.33502271565,1825,1826,1826,0,0,0,5.07799256962914,0.0101396411054191,2.094399020596,-2.38440260875538,0.290003588159408,"usgs_ws_01643880"
"64",1999,2003,230.83654582637,248.501431310285,219.167808311182,1825,1826,1826,0,0,0,218.111508768614,0.063429390486984,-13.6674535047634,-1.99871598957608,15.6661694943394,"usgs_ws_03165500"
"65",1999,2003,218.050817642341,238.66461095941,211.30334638721,1825,1826,1826,0,0,0,203.182607041267,0.06401413040856,-11.3695786091104,-4.62210735397935,15.9916859630898,"usgs_ws_02011500"
"66",1999,2003,257.809716225889,271.121028064348,224.546017580243,1825,1826,1826,0,0,0,575.482712007242,0.0955141098973985,-26.61290304325,6.65079560239582,19.9621074408543,"usgs_ws_03531500"
"67",1999,2003,213.069930632019,225.89050011094,204.3418819981,1825,1826,1826,0,0,0,117.481462882147,0.0505464680871873,-10.0922222489194,-1.36417361500077,11.4563958639202,"usgs_ws_03175500"
"68",1999,2003,223.644652664628,226.659548144076,229.646833654893,1825,1826,1826,0,0,0,9.00660768583692,0.0132411052861088,2.99648883369377,-3.00569215657066,0.00920332287691394,"usgs_ws_01667500"
"69",1999,2003,207.082044975439,221.246034351089,223.28451427436,1825,1826,1826,0,0,0,77.882334468931,0.0406304157097262,6.08031640739745,-10.1221528915237,4.04183648412626,"usgs_ws_01673800"
"70",1999,2003,219.353869756891,226.557918579784,NA,1825,1826,0,0,0,1826,NA,NA,NA,NA,NA,"usgs_ws_02018500"
"71",1999,2003,243.808714249322,271.573180764119,206.54516665244,1825,1826,1826,0,0,0,1064.68003327751,0.135593068082885,-34.0971872361869,3.16636036069488,30.930826875492,"usgs_ws_03524500"
"72",1999,2003,234.989934974688,243.746050643461,NA,1825,1826,0,0,0,1826,NA,NA,NA,NA,NA,"usgs_ws_02079640"
"73",1999,2003,251.988018127187,241.951388544402,244.294228375505,1825,1826,1826,0,0,0,27.5695387665555,0.0213374333001987,-1.78364997352651,5.91013977815584,-4.12648980462936,"usgs_ws_02027000"
"74",1999,2003,214.592974582074,221.465076208328,206.13319005202,1825,1826,1826,0,0,0,58.9767446944182,0.0358754432580372,-7.93055689545415,0.52922763459992,7.40132926085423,"usgs_ws_02056900"
"75",1999,2003,236.925352868961,252.635013437571,209.66519983332,1825,1826,1826,0,0,0,472.719043315265,0.0932836443485865,-23.409988879964,3.85016415567688,19.5598247242871,"usgs_ws_03165000"
"76",1999,2003,223.630695916595,252.077038846645,188.542536852285,1825,1826,1826,0,0,0,1012.83437938129,0.143733741684399,-32.87422035289,2.21393871141953,30.6602816414704,"usgs_ws_03208500"
"77",1999,2003,NA,243.474068729049,NA,1825,0,0,0,1826,1826,NA,NA,NA,NA,NA,"usgs_ws_01654500"
"78",1999,2003,210.797951740455,219.966954148081,217.576454105395,1825,1826,1826,0,0,0,22.6221983194355,0.0220082205572122,1.46266744075123,-5.31583492418832,3.85316748343709,"usgs_ws_02030500"
"79",1999,2003,217.629152041737,237.641118201836,209.13932215902,1825,1826,1826,0,0,0,214.151396449452,0.0660763151897113,-12.3305419751778,-3.84071209246056,16.1712540676384,"usgs_ws_03171000"
"80",1999,2003,237.740128413153,267.460129549892,NA,1825,1826,0,0,0,1826,NA,NA,NA,NA,NA,"usgs_ws_02024915"
"81",1999,2003,231.035192445805,246.649462651686,202.84078838661,1825,1826,1826,0,0,0,492.988299196495,0.0978802778060417,-24.0010261080903,4.19337795110442,19.8076481569859,"usgs_ws_03524000"
"82",1999,2003,234.815117816532,243.212606175386,231.24931277721,1825,1826,1826,0,0,0,37.7255275410642,0.0259790350539097,-5.17636614583247,-1.61056110651094,6.78692725234345,"usgs_ws_02051500"
"83",1999,2003,226.631081489239,227.728450876447,237.1953965178,1825,1826,1826,0,0,0,33.7386718951678,0.0251975644747421,6.67708688997155,-3.88722813858982,-2.78985875138173,"usgs_ws_01664000"
"84",1999,2003,216.020607767559,229.846701982895,222.23707276386,1825,1826,1826,0,0,0,47.9519625254644,0.0310942529532406,-0.464388074244795,-6.68085307054574,7.14524114479053,"usgs_ws_02074500"
"85",1999,2003,209.096176125677,221.53464718906,209.51815250982,1825,1826,1826,0,0,0,49.8816284732658,0.0330986675970745,-3.86483943169875,-4.28681581584223,8.15165524754102,"usgs_ws_02055100"
"86",1999,2003,236.981691140378,243.740853300363,224.901111210314,1825,1826,1826,0,0,0,91.0937610952022,0.0405781683588184,-10.3067740067044,1.77380592335959,8.5329680833448,"usgs_ws_02077500"
"87",1999,2003,222.68950997411,234.33389048911,236.95336023821,1825,1826,1826,0,0,0,57.6517739502078,0.0328233319472755,5.62777333773357,-8.63607692636688,3.00830358863334,"usgs_ws_02031000"
"88",1999,2003,209.547042241207,213.564686437761,NA,1825,1826,0,0,0,1826,NA,NA,NA,NA,NA,"usgs_ws_01660400"
"89",1999,2003,220.815237339856,237.0703832814,234.01478778524,1825,1826,1826,0,0,0,74.6324275628871,0.037457729736459,3.38131831640794,-9.81823212897638,6.43691381256843,"usgs_ws_01653000"
"90",1999,2003,197.222880943666,230.165202356217,205.613002763245,1825,1826,1826,0,0,0,293.066864841383,0.0811334901803155,-5.38735925779747,-13.7774810773767,19.1648403351741,"usgs_ws_02015700"
"91",1999,2003,186.457797498014,203.644709225312,197.94064232096,1825,1826,1826,0,0,0,76.6303398665182,0.0446593539250312,1.92625930619792,-9.55658551674793,7.63032621054998,"usgs_ws_01621050"
"92",1999,2003,222.777251032565,222.923708863937,215.717630923153,1825,1826,1826,0,0,0,16.9645408790368,0.0186816792940981,-4.75523268339828,2.30438742601331,2.45084525738494,"usgs_ws_02064000"
"93",1999,2003,225.819511108127,226.83716330033,233.03274394785,1825,1826,1826,0,0,0,15.2419272573813,0.0170810179703977,4.46960449574792,-2.74362834397542,-1.72597615177247,"usgs_ws_01666500"
"94",1999,2003,224.569919494345,236.624680450727,224.590489389035,1825,1826,1826,0,0,0,48.3565732242295,0.0304201236511914,-4.00454038900062,-4.02511028369057,8.02965067269119,"usgs_ws_02051000"
"95",1999,2003,211.166373903957,222.075796339608,219.071683751401,1825,1826,1826,0,0,0,31.7556856843717,0.0259164432915196,1.63373241974583,-6.27157742769876,4.63784500795296,"usgs_ws_01671025"
"96",1999,2003,214.922989962153,222.269165385886,211.504423454922,1825,1826,1826,0,0,0,30.2554265268158,0.0254379018399367,-4.72776947939855,-1.3092029721675,6.03697245156602,"usgs_ws_02062500"
"97",1999,2003,265.111265421134,259.723527991021,NA,1825,1826,0,0,0,1826,NA,NA,NA,NA,NA,"usgs_ws_02027500"
"98",1999,2003,225.316859897276,229.273037247155,226.624097026457,1825,1826,1826,0,0,0,4.06284873807208,0.00887673020695856,-0.447234363839328,-1.75447149301962,2.20170585685892,"usgs_ws_02075500"
"99",1999,2003,NA,251.284996070315,NA,1825,0,0,0,1826,1826,NA,NA,NA,NA,NA,"usgs_ws_02011490"
"100",1999,2003,193.633255479214,204.940441079592,199.171987625498,1825,1826,1826,0,0,0,31.9675092069536,0.0283765246437361,-0.0765737692699702,-5.61530591555399,5.69187968482393,"usgs_ws_01634000"
"101",1999,2003,227.274513482296,238.782133696667,228.944503551225,1825,1826,1826,0,0,0,38.6655261178416,0.0268409382564246,-2.72254669217111,-4.39253676110016,7.1150834532713,"usgs_ws_02042500"
"102",1999,2003,215.161026027283,227.246912655745,220.840182392938,1825,1826,1826,0,0,0,36.5612775469915,0.0273499103901575,-0.242524632384203,-5.92168099803871,6.16420563042288,"usgs_ws_02035000"
"103",1999,2003,222.378352726454,233.216547353597,220.866473161094,1825,1826,1826,0,0,0,45.3794291927198,0.0298749898366291,-4.62065125262063,-3.10877168726151,7.72942293988214,"usgs_ws_02077000"
"104",1999,2003,211.756020291863,231.026068449682,208.398391668929,1825,1826,1826,0,0,0,149.103363744736,0.0562553202667763,-8.66176846789543,-5.30413984496178,13.9659083128572,"usgs_ws_02013100"
"105",1999,2003,245.851285528966,237.592497700927,242.067990952865,1825,1826,1826,0,0,0,17.0918223477096,0.0170950735980303,0.230732891945706,4.01402746804652,-4.24476035999226,"usgs_ws_01665500"
"106",1999,2003,209.69063915688,225.507041332,230.59669538829,1825,1826,1826,0,0,0,118.854390554783,0.049123437214918,8.66523676256645,-12.2408194688431,3.57558270627666,"usgs_ws_01638480"
"107",1999,2003,233.630964168731,241.77543276356,NA,1825,1826,0,0,0,1826,NA,NA,NA,NA,NA,"usgs_ws_01626000"
"108",1999,2003,221.944646594898,231.249215422395,229.058334321355,1825,1826,1826,0,0,0,23.6632523556777,0.021390135214467,1.64093554180573,-5.47275218465131,3.83181664284558,"usgs_ws_02061500"
"109",1999,2003,211.397477066068,229.607388284118,215.958663158672,1825,1826,1826,0,0,0,89.7821637817663,0.043268817690705,-3.02917967761346,-7.59036577021831,10.6195454478318,"usgs_ws_02025500"
"110",1999,2003,235.183807289036,245.290022868642,208.018637466285,1825,1826,1826,0,0,0,371.539702441917,0.0839894381269796,-21.4788517417032,5.68631808104854,15.7925336606546,"usgs_ws_03490000"
"111",1999,2003,245.089479803508,243.042391383505,228.562649670483,1825,1826,1826,0,0,0,81.1649342201608,0.0377112901953255,-10.335523948682,6.19130618434227,4.14421776433969,"usgs_ws_03473000"
"112",1999,2003,213.989137175451,222.938338631622,218.663683432656,1825,1826,1826,0,0,0,20.0353777473208,0.0204826872512473,0.133297019413249,-4.54124923779202,4.4079522183788,"usgs_ws_02039500"
"113",1999,2003,239.818624996425,241.659826188992,NA,1825,1826,0,0,0,1826,NA,NA,NA,NA,NA,"usgs_ws_03471500"
"114",1999,2003,202.331364484928,215.234897692423,202.466287809427,1825,1826,1826,0,0,0,54.9261286474285,0.0358588419667985,-4.2112288528325,-4.34615217733125,8.55738103016378,"usgs_ws_01632000"
"115",1999,2003,218.606393659308,219.625210072305,207.029597360227,1825,1826,1826,0,0,0,48.9516098377445,0.0325288861048342,-8.05746967038633,3.51932662869467,4.53814304169163,"usgs_ws_02017500"
"116",1999,2003,231.911611425076,241.346551082309,200.63580913068,1825,1826,1826,0,0,0,454.093067624314,0.094864149900177,-23.995514748675,7.28028754572131,16.7152272029537,"usgs_ws_01626850"
"117",1999,2003,226.118116144151,255.466702176236,192.297860533702,1825,1826,1826,0,0,0,999.241957683043,0.140725335224833,-32.3296990843274,1.49055652612125,30.8391425582062,"usgs_ws_03209200"
"118",1999,2003,224.736447696786,230.1115641101,221.356131846497,1825,1826,1826,0,0,0,19.4960009711558,0.0195891772501088,-4.04524937129742,-0.664933521008237,4.71018289230568,"usgs_ws_02079500"
"119",1999,2003,194.620663015883,214.097004109301,198.883274326044,1825,1826,1826,0,0,0,104.825881914435,0.0505518529502113,-3.65037282436518,-7.91298413452625,11.5633569588914,"usgs_ws_02054500"
"120",1999,2003,214.90749122909,232.38967958101,NA,1825,1826,0,0,0,1826,NA,NA,NA,NA,NA,"usgs_ws_02022500"
"121",1999,2003,226.947867694146,258.174287962255,191.79566262472,1825,1826,1826,0,0,0,1102.81479095072,0.147175865955066,-33.8436101356535,1.30859493377241,32.5350152018811,"usgs_ws_03208950"
"122",1999,2003,221.86072275996,224.234914572364,224.58408977928,1825,1826,1826,0,0,0,2.19590633485495,0.00662846521549877,1.02418074207858,-1.69918627724127,0.675005535162654,"usgs_ws_01643700"
"123",1999,2003,219.757846680407,222.755712438173,207.0141781543,1825,1826,1826,0,0,0,69.8640313692029,0.0386056059940154,-9.49506760332653,3.24860092278013,6.24646668054643,"usgs_ws_02018000"
"124",1999,2003,251.749785849372,265.325283379839,238.50039256967,1825,1826,1826,0,0,0,179.902553742909,0.0532552065699955,-13.3580946966239,-0.10870141692169,13.4667961135456,"usgs_ws_02049500"
"125",1999,2003,224.939269402937,226.652732673205,236.977684398327,1825,1826,1826,0,0,0,42.4106700176445,0.0283733700406336,7.45445557350365,-4.58395942188605,-2.8704961516176,"usgs_ws_02072500"
"126",1999,2003,212.786429896706,225.591139098118,NA,1825,1826,0,0,0,1826,NA,NA,NA,NA,NA,"usgs_ws_01638350"
"127",1999,2003,210.802801841348,221.267937293066,219.398057451265,1825,1826,1826,0,0,0,31.1489882742335,0.0257009755347906,2.2417919227054,-6.35346368721187,4.1116717645065,"usgs_ws_01674000"
"128",1999,2003,192.353481003469,221.216731668849,207.083983216367,1825,1826,1826,0,0,0,208.301585539642,0.0697618271540377,0.199251253471857,-14.5312509594258,14.3319997059539,"usgs_ws_01625000"
"129",1999,2003,225.999600413428,229.794343559938,226.595389222108,1825,1826,1826,0,0,0,4.16472478467553,0.00897185361321793,-0.867721843049736,-1.46351065173019,2.3312324947799,"usgs_ws_02076000"
"130",1999,2003,222.518946429174,240.03782788238,194.489217228845,1825,1826,1826,0,0,0,527.875476480426,0.104903801835292,-24.5261132846214,3.50361591570805,21.0224973689133,"usgs_ws_03521500"
"131",1999,2003,221.066881055102,243.063576127142,NA,1825,1826,0,0,0,1826,NA,NA,NA,NA,NA,"usgs_ws_01654000"
"132",1999,2003,211.166373903957,222.031370774563,219.071683751401,1825,1826,1826,0,0,0,31.5503046762441,0.0258342590238338,1.64854094142757,-6.25676890601702,4.60822796458942,"usgs_ws_01671020"
"133",1999,2003,214.840885508378,223.551993324384,220.559404141384,1825,1826,1826,0,0,0,19.5900741260542,0.0201504768255859,0.908643150001808,-4.80987548300391,3.90123233300213,"usgs_ws_01672500"
"134",1999,2003,229.108258715263,260.314919846247,197.930846055827,1825,1826,1826,0,0,0,972.943236961563,0.136139617667877,-31.1871621499518,-0.0097494905162705,31.1969116404681,"usgs_ws_03209000"
"135",1999,2003,231.792467675353,229.236794239254,NA,1825,1826,0,0,0,1826,NA,NA,NA,NA,NA,"usgs_ws_01636210"
"136",1999,2003,217.787318678972,235.309131967753,228.13423736565,1825,1826,1826,0,0,0,77.5919632978185,0.0387913971064559,1.05734136152515,-9.289577325153,8.23223596362789,"usgs_ws_01644280"
"137",1999,2003,204.844140935797,220.472118505953,207.151870917068,1825,1826,1826,0,0,0,71.1647160714902,0.0400142764825296,-3.6708392025381,-5.97856918380879,9.64940838634689,"usgs_ws_01631000"
"138",1999,2003,204.211184208483,232.837773202123,204.798171220874,1825,1826,1826,0,0,0,267.674238405067,0.0764703256913131,-9.15087165628597,-9.7378586686772,18.8887303249632,"usgs_ws_03170000"
"139",1999,2003,232.323137872987,236.208197371793,209.085012905846,1825,1826,1826,0,0,0,215.128545811918,0.0649361296821772,-16.7871031443626,6.45102182277805,10.3360813215845,"usgs_ws_03488000"
"140",1999,2003,219.439751091088,224.170044744379,NA,1825,1826,0,0,0,1826,NA,NA,NA,NA,NA,"usgs_ws_01643805"
"141",1999,2003,214.471138187197,232.376996448329,205.650304620658,1825,1826,1826,0,0,0,185.457153487929,0.0626128644152103,-11.8491751314031,-3.02834156486412,14.8775166962673,"usgs_ws_03176500"
"142",1999,2003,216.90982532566,226.255464903868,216.50656573238,1825,1826,1826,0,0,0,30.4241054135301,0.025084312780413,-3.3840529215893,-2.9807933283094,6.36484624989868,"usgs_ws_02039000"
"143",1999,2003,222.694598100286,241.504010141481,212.966388416624,1825,1826,1826,0,0,0,210.471316449293,0.0642722069186596,-12.755277136173,-3.02706745251089,15.7823445886838,"usgs_ws_03168000"
"144",1999,2003,234.35657327738,225.944889415276,231.63446760223,1825,1826,1826,0,0,0,18.4229307746866,0.0186095011688707,0.989157503934734,3.71126317908448,-4.70042068301919,"usgs_ws_02032640"
"145",1999,2003,200.351101248589,205.406612217106,NA,1825,1826,0,0,0,1826,NA,NA,NA,NA,NA,"usgs_ws_01615000"
"146",1999,2003,211.77009958733,228.733848409762,217.099468502241,1825,1826,1826,0,0,0,75.2549571623822,0.0395753487140301,-2.10167033086984,-7.43103924578094,9.53270957665077,"usgs_ws_02026000"
"147",1999,2003,232.874251028086,250.47593802213,222.916202461298,1825,1826,1826,0,0,0,194.753523412957,0.0592782502897461,-12.5059280425398,-2.5478794757519,15.0538075182916,"usgs_ws_03164000"
"148",1999,2003,215.223791947811,227.502451507435,227.971693365096,1825,1826,1826,0,0,0,52.2491098411606,0.0323320865179583,4.40571442498234,-8.34218699230325,3.93647256732092,"usgs_ws_02024000"
"149",1999,2003,210.60252786187,229.075631622367,214.900669530179,1825,1826,1826,0,0,0,93.4431891103222,0.0443029989982784,-3.29227347462609,-7.59041514293574,10.8826886175618,"usgs_ws_02024752"
"150",1999,2003,218.452784495874,222.005640533743,215.49323672624,1825,1826,1826,0,0,0,10.6321853964257,0.014912851339177,-3.1573171923792,-0.197769422744983,3.35508661512415,"usgs_ws_02058400"
"151",1999,2003,263.786419545118,275.034387901852,222.68580528964,1825,1826,1826,0,0,0,759.358564306553,0.10856029716035,-31.1497322892301,9.95088196624783,21.1988503229823,"usgs_ws_03529500"
"152",1999,2003,217.030363023363,224.109025937095,220.66446525753,1825,1826,1826,0,0,0,12.5298609949723,0.0160459372368653,0.0631805182007099,-3.57092171596651,3.50774119776577,"usgs_ws_02040000"
"153",1999,2003,224.382646159755,227.083719278106,232.56912379771,1825,1826,1826,0,0,0,17.4006458085186,0.0182947004865377,4.55729405251978,-3.62918358543533,-0.92811046708448,"usgs_ws_02034000"
"154",1999,2003,190.231087037474,204.261658321469,191.288593453265,1825,1826,1826,0,0,0,61.0459437415548,0.0400141990770789,-3.97185281747116,-5.0293592332618,9.00121205073296,"usgs_ws_01632900"
"155",1999,2003,202.679976291006,219.648997672614,197.876757247092,1825,1826,1826,0,0,0,130.841508830008,0.0553296918374707,-8.85848648981207,-4.05526744589818,12.9137539357102,"usgs_ws_03173000"
"156",1999,2003,221.7615634557,233.224946705457,NA,1825,1826,0,0,0,1826,NA,NA,NA,NA,NA,"usgs_ws_01673550"
"157",1999,2003,NA,247.550133482333,NA,1825,0,0,0,1826,1826,NA,NA,NA,NA,NA,"usgs_ws_01645784"
"158",1999,2003,222.226724558746,239.229835703094,202.28869978702,1825,1826,1826,0,0,0,341.879690525814,0.0835711682179714,-18.9597202292666,0.978304542458943,17.9814156868077,"usgs_ws_03478400"
"159",1999,2003,235.064510124565,245.883275641642,242.693829873495,1825,1826,1826,0,0,0,30.9041285754775,0.023046552607505,1.47995799359458,-6.14936175533583,4.66940376174128,"usgs_ws_02061000"
"160",1999,2003,241.972532298185,253.458949403893,238.5616642563,1825,1826,1826,0,0,0,60.9168172490248,0.0319005266149495,-6.10271772982605,-2.69184968794093,8.79456741776698,"usgs_ws_02046000"
"161",1999,2003,242.999799945662,255.65726740758,238.268355908937,1825,1826,1826,0,0,0,80.8287147216387,0.0365999550216851,-7.37345184512262,-2.64200780839798,10.0154596535206,"usgs_ws_02047000"
"162",1999,2003,219.553826159825,226.747353375085,215.683737532147,1825,1826,1826,0,0,0,31.5213358838111,0.025443418869212,-4.97790149020494,-1.10781286252768,6.08571435273262,"usgs_ws_02059500"
"163",1999,2003,227.701533897767,237.12853202075,229.97884859796,1825,1826,1826,0,0,0,24.1954048167619,0.0212384255885778,-1.62412290753235,-3.90143760772557,5.52556051525789,"usgs_ws_02041000"
"164",1999,2003,200.453238045879,206.948232188484,208.25672269479,1825,1826,1826,0,0,0,17.4652448305607,0.0203642739372795,3.03732505173892,-4.76615959717222,1.72883454543333,"usgs_ws_01616100"
"165",1999,2003,213.45515504933,226.745863138785,220.40126826501,1825,1826,1826,0,0,0,44.1908824060803,0.0301889160023519,0.200506113968174,-6.74560710171158,6.54510098774344,"usgs_ws_01674500"
"166",1999,2003,207.91223829942,226.91236478393,NA,1825,1826,0,0,0,1826,NA,NA,NA,NA,NA,"usgs_ws_01658500"
"167",1999,2003,220.955728667248,252.454305819251,209.256260636115,1825,1826,1826,0,0,0,499.184837076083,0.0981846250601222,-18.299171071423,-6.59970304029031,24.8988741117133,"usgs_ws_03207800"
"168",1999,2003,212.84062688435,229.650704191806,NA,1825,1826,0,0,0,1826,NA,NA,NA,NA,NA,"usgs_ws_01643590"
"169",1999,2003,198.093928050025,212.760955827075,198.902362656562,1825,1826,1826,0,0,0,67.9726458319336,0.0405631218384473,-4.35005285465883,-5.15848746119562,9.50854031585445,"usgs_ws_02055000"
"170",1999,2003,211.38701424304,223.85754650565,218.997754741663,1825,1826,1826,0,0,0,39.5091869732528,0.02882250152591,0.916982911545659,-6.6937575870781,5.77677467553247,"usgs_ws_02020500"
"171",1999,2003,222.165661312913,233.055595667808,234.722010608085,1825,1826,1826,0,0,0,46.5049194382487,0.0296522273787767,4.74092141181632,-7.81542788335605,3.07450647153973,"usgs_ws_02030000"
"172",1999,2003,207.149954387403,226.164808875031,235.75119817172,1825,1826,1826,0,0,0,211.915782823882,0.0652730596115667,12.7292110270023,-15.872032757315,3.14282173031279,"usgs_ws_01662800"
"173",1999,2003,214.571966248351,225.679439504014,NA,1825,1826,0,0,0,1826,NA,NA,NA,NA,NA,"usgs_ws_01670300"
"174",1999,2003,240.694793580112,248.095350300688,237.343422948844,1825,1826,1826,0,0,0,30.267311110323,0.0227295931363022,-4.70109932770436,-1.34972869643593,6.05082802414026,"usgs_ws_02045500"
"175",1999,2003,223.737404189104,242.465210054796,211.7825159373,1825,1826,1826,0,0,0,239.179630660668,0.0684326221541863,-14.2125274564334,-2.25763920462933,16.4701666610628,"usgs_ws_02011470"
"176",1999,2003,201.692339611965,207.944749857463,210.4420427725,1825,1826,1826,0,0,0,20.3144018631633,0.0218060075616617,3.74899869185748,-5.00070446867764,1.25170577682019,"usgs_ws_01636316"
"177",1999,2003,206.730088102673,217.39200485673,211.01929898973,1825,1826,1826,0,0,0,28.7808631618973,0.0253397744884827,-0.694498326647505,-4.98370921370474,5.67820754035222,"usgs_ws_01634500"
"178",1999,2003,220.340063817446,232.822456337042,206.443255180085,1825,1826,1826,0,0,0,174.13227783265,0.0600172988660697,-13.4253365981061,0.47147203925519,12.9538645588509,"usgs_ws_03474000"
"179",1999,2003,246.20101023235,244.096174746424,251.409980249505,1825,1826,1826,0,0,0,14.1759086665549,0.0152287491659232,4.1742585067453,-1.03471151040969,-3.13954699633561,"usgs_ws_02069700"
"180",1999,2003,222.730852085979,225.587178824131,229.981587969518,1825,1826,1826,0,0,0,13.3404341708302,0.0161541705516422,3.88171500964205,-3.36902087389683,-0.512694135745193,"usgs_ws_01644000"
"181",1999,2003,225.788413212511,236.804531501638,232.35577114134,1825,1826,1826,0,0,0,30.7127535114582,0.0239236739620988,0.706199189510244,-5.8611587393186,5.15495954980838,"usgs_ws_02038000"
"182",1999,2003,200.598167103089,216.14081647725,202.562533083047,1825,1826,1826,0,0,0,71.6337438674392,0.0409994410514195,-3.87130580474843,-5.8356717847065,9.70697758945491,"usgs_ws_01638500"
"183",1999,2003,235.355955172811,242.91280803013,223.72650663902,1825,1826,1826,0,0,0,93.4107098962971,0.0413033621476302,-10.2719166416336,1.35753189215703,8.9143847494766,"usgs_ws_02077303"
"184",1999,2003,255.312747286751,255.603029699907,246.045929452657,1825,1826,1826,0,0,0,29.5493902976107,0.0215437651995741,-6.27463936044816,2.99217847364636,3.28246088680177,"usgs_ws_02068500"
"185",1999,2003,218.78920123103,223.892635762771,227.910594528348,1825,1826,1826,0,0,0,20.8981420576671,0.0204510893279156,4.37978402096482,-4.74160927635319,0.361825255388368,"usgs_ws_02074000"
"186",1999,2003,262.617984796287,258.465333577589,245.306434630758,1825,1826,1826,0,0,0,81.6818171284571,0.0353780800825451,-10.1568163707873,7.15473379474255,3.00208257604467,"usgs_ws_03161000"
"187",1999,2003,243.896043741151,249.38297999522,241.89095345569,1825,1826,1826,0,0,0,15.042886363015,0.0158270173718666,-3.16570560833026,-1.16061532286946,4.32632093119975,"usgs_ws_02052500"
