"","start_year","end_year","prism_precip","daymet_precip","nldas_precip","CV","var","hydrocode","gage","area"
"1",1999,2003,208.51622482067,227.07882097534,208.602888123564,0.049793035280331,114.322930212123,"usgs_ws_02019500","02019500",5365784522.49612
"2",1999,2003,196.801854290768,211.379621585439,203.136964680778,0.035871589681113,53.4310526331913,"usgs_ws_01622000","01622000",971856267.58662
"3",1999,2003,212.893815713582,237.199309905231,209.03268374373,0.069500819907484,233.170702885101,"usgs_ws_02011400","02011400",407332735.234042
"4",1999,2003,204.28664541571,225.849649534125,NA,NA,NA,"usgs_ws_03473500","03473500",19156091.5240318
"5",1999,2003,210.852108160722,220.744501164831,218.68916927319,0.0240826740689767,27.2505592355156,"usgs_ws_01670400","01670400",886099663.319639
"6",1999,2003,225.017430666163,224.487979808644,226.39856713705,0.00437824555436599,0.973033350201149,"usgs_ws_02036500","02036500",57886589.7215646
"7",1999,2003,210.968541684734,225.98890474765,223.06063620071,0.0361920178090092,63.4008021680162,"usgs_ws_01656000","01656000",241631463.662678
"8",1999,2003,213.381530329208,225.364506047639,221.831062702095,0.0279631206724936,37.91192104419,"usgs_ws_01671100","01671100",276332504.781457
"9",1999,2003,223.572254623117,226.685679396917,217.86612158465,0.0200838902067627,20.0063280131196,"usgs_ws_02065500","02065500",252647034.169526
"10",1999,2003,212.674306622919,235.668353204799,211.401736860288,0.0621049963566397,186.535713470356,"usgs_ws_02011800","02011800",893169520.411534
"11",1999,2003,213.427550573382,235.617867905619,210.28306237169,0.0628326452990783,190.691726799668,"usgs_ws_02012500","02012500",1061345672.12231
"12",1999,2003,247.242782943489,264.604500899939,236.401711318273,0.0570390647363954,202.392570761693,"usgs_ws_02047500","02047500",749848252.778392
"13",1999,2003,213.960312720768,224.094065586685,221.11589105606,0.0237043595267753,27.1274619991408,"usgs_ws_02038850","02038850",22096843.5505302
"14",1999,2003,239.71610598116,242.711114096951,235.66561151133,0.0147720605791226,12.5026142912947,"usgs_ws_02044500","02044500",820524386.158795
"15",1999,2003,213.836670673288,220.177154001329,200.746958797,0.0468296329449585,98.1791285859563,"usgs_ws_02056650","02056650",144486541.602307
"16",1999,2003,230.600431783941,245.141634081626,229.646211607312,0.0369326092628798,75.4108696775253,"usgs_ws_01669520","01669520",282985893.809692
"17",1999,2003,220.764461179227,232.970304705185,NA,NA,NA,"usgs_ws_03177710","03177710",114620314.0111
"18",1999,2003,199.504084093669,215.364921204533,213.32266637528,0.0412056391728763,74.4483624864425,"usgs_ws_01613900","01613900",41272610.2911715
"19",1999,2003,220.693734104888,230.100051662918,225.960483367448,0.0208985814360736,22.2255805783423,"usgs_ws_02041650","02041650",3475473272.4327
"20",1999,2003,201.646761458568,221.051290062904,203.376976196829,0.051456978976195,115.318457338922,"usgs_ws_01628500","01628500",2793593902.13781
"21",1999,2003,213.738279710556,226.015368426808,226.08309958762,0.0320250278126271,50.5210121090026,"usgs_ws_02021500","02021500",851391440.152936
"22",1999,2003,227.920061521655,229.015011456832,236.977684398327,0.0213733366405039,24.4406013182943,"usgs_ws_02072000","02072000",556864395.508404
"23",1999,2003,193.387524199901,205.253046645767,195.967001491415,0.0314862749071452,38.9458267699125,"usgs_ws_01633000","01633000",1315748433.86932
"24",1999,2003,200.15107915524,220.97664834445,190.340896091115,0.0767551355904993,244.74888998899,"usgs_ws_03167000","03167000",667477710.26182
"25",1999,2003,235.707827080633,273.149253100241,207.64339559194,0.137604637631748,1080.08167751052,"usgs_ws_03208800","03208800",95043793.8748591
"26",1999,2003,223.32008509705,232.993634972278,207.492940130117,0.0581803298747618,165.72692040431,"usgs_ws_03475000","03475000",534069647.552109
"27",1999,2003,244.347398900521,238.408024168868,266.28508473875,0.0588100930354858,215.611456359455,"usgs_ws_02032250","02032250",199283814.488085
"28",1999,2003,194.843449638835,213.600681053489,198.883274326044,0.0487652084287631,97.4593291045546,"usgs_ws_02054530","02054530",727631546.04281
"29",1999,2003,219.092198127751,226.717810218908,205.047030016675,0.0506688251074453,120.83990360111,"usgs_ws_02014000","02014000",396744127.706971
"30",1999,2003,239.193466442725,231.135872941661,243.698154562812,0.0267398400039148,40.5046579361227,"usgs_ws_01663500","01663500",738284290.783199
"31",1999,2003,202.944641985037,220.652664563892,203.80639858183,0.047740867260214,99.6855609372838,"usgs_ws_01629500","01629500",3551793889.98061
"32",1999,2003,232.351099636607,251.154909212147,204.554759834221,0.102218751958989,549.632280501309,"usgs_ws_03527000","03527000",2907445818.5179
"33",1999,2003,204.557932045161,228.375670115894,NA,NA,NA,"usgs_ws_01636690","01636690",34994960.5588756
"34",1999,2003,221.725675101962,230.0282098652,215.784086339617,0.0321536665080587,51.1882692546112,"usgs_ws_02059485","02059485",322836034.276773
"35",1999,2003,236.586508882477,245.108306169227,232.840214316325,0.0263963878612674,39.5269716140157,"usgs_ws_02052000","02052000",1927152204.95598
"36",1999,2003,232.867490180144,240.758326634613,207.217236569163,0.0772717935792687,307.534255506228,"usgs_ws_01627500","01627500",547846787.671377
"37",1999,2003,215.355786982488,226.82864748966,221.192376123272,0.0259432721461858,32.9099759884864,"usgs_ws_02037500","02037500",17481116130.8158
"38",1999,2003,234.259916646127,277.334615683027,NA,NA,NA,"usgs_ws_03208700","03208700",48019209.6942083
"39",1999,2003,194.117141614428,225.107775589527,203.88034237879,0.0762862395740993,251.057234010021,"usgs_ws_02053800","02053800",283413786.56914
"40",1999,2003,223.439844788665,238.613445105036,NA,NA,NA,"usgs_ws_01652500","01652500",32594846.5125465
"41",1999,2003,209.450408367199,221.853243902232,204.00082669582,0.0432034167713414,83.7061783023133,"usgs_ws_02013000","02013000",419461445.677496
"42",1999,2003,213.223187338085,220.607561270413,208.56274648209,0.0283635742886678,36.8877084382782,"usgs_ws_02060500","02060500",4613442943.13841
"43",1999,2003,202.248625562301,214.366244588396,199.739187091386,0.0380713749333083,61.180797220289,"usgs_ws_02056000","02056000",1318896498.48103
"44",1999,2003,224.007590981313,227.892363621699,228.374528949784,0.010558527470454,5.73234818192885,"usgs_ws_02075045","02075045",5478165059.84464
"45",1999,2003,195.777876935257,226.373393692738,209.811694499041,0.0727027738170727,234.553926875562,"usgs_ws_02016000","02016000",1193758746.06934
"46",1999,2003,220.054980256018,223.04591372032,231.192607637758,0.0256458329915353,33.2268414111323,"usgs_ws_01668000","01668000",4127911829.04237
"47",1999,2003,229.245792492941,246.942884633273,NA,NA,NA,"usgs_ws_01661800","01661800",17521831.4954999
"48",1999,2003,218.982322771452,236.31040216907,NA,NA,NA,"usgs_ws_01669000","01669000",72345930.9029209
"49",1999,2003,220.71811264813,224.152410779011,230.785473442986,0.022723145519496,26.1906128883002,"usgs_ws_02073000","02073000",981525405.804484
"50",1999,2003,216.136504587609,224.909544334504,237.70270316254,0.047935416914322,117.622010028888,"usgs_ws_02070000","02070000",278486436.590555
"51",1999,2003,216.786183887769,222.71006630043,212.646852516439,0.0232674850095616,25.5824531171677,"usgs_ws_02066000","02066000",7678558027.17106
"52",1999,2003,206.074540565461,226.520540476008,230.59669538829,0.0594407505856445,172.665004727631,"usgs_ws_01638420","01638420",59861189.5381482
"53",1999,2003,181.752752855053,197.405086695625,191.41970179178,0.041526337798442,62.3783814748607,"usgs_ws_01632082","01632082",118181776.223707
"54",1999,2003,206.613233808929,228.695996103031,208.541677829837,0.0569892562562581,149.593971989474,"usgs_ws_02016500","02016500",3549379261.86498
"55",1999,2003,247.296687372327,244.619164153704,234.95703632555,0.0267898040888971,42.132138785013,"usgs_ws_02028500","02028500",245393985.112639
"56",1999,2003,203.785506748039,217.309064615321,212.84210706066,0.0326074821747512,47.4770560679102,"usgs_ws_01635500","01635500",223978841.944323
"57",1999,2003,215.010545069892,228.840560611635,219.714256739923,0.0317913325717,49.447275953076,"usgs_ws_02029000","02029000",11857653436.5887
"58",1999,2003,224.028251140041,232.655549866384,NA,NA,NA,"usgs_ws_01620500","01620500",44659598.0088622
"59",1999,2003,262.128418819923,247.660363890377,NA,NA,NA,"usgs_ws_02071530","02071530",68186938.410185
"60",1999,2003,224.843835234113,242.943591208185,211.7825159373,0.069080214545054,244.868640022,"usgs_ws_02011460","02011460",157590657.587209
"61",1999,2003,213.015015062373,223.65065623057,220.210012150952,0.0247861362042525,29.4538129743228,"usgs_ws_01673000","01673000",2791506385.69128
"62",1999,2003,224.947146884986,243.797007936889,235.9380801624,0.0403083717774887,89.646770291541,"usgs_ws_01646000","01646000",149646365.087063
"63",1999,2003,219.856221086299,222.530627283213,224.33502271565,0.0101396411054191,5.07799256962914,"usgs_ws_01643880","01643880",122168130.457453
"64",1999,2003,230.83654582637,248.501431310285,219.167808311182,0.063429390486984,218.111508768614,"usgs_ws_03165500","03165500",3496114159.10409
"65",1999,2003,218.050817642341,238.66461095941,211.30334638721,0.06401413040856,203.182607041267,"usgs_ws_02011500","02011500",346648774.053348
"66",1999,2003,257.809716225889,271.121028064348,224.546017580243,0.0955141098973985,575.482712007242,"usgs_ws_03531500","03531500",826493815.399906
"67",1999,2003,213.069930632019,225.89050011094,204.3418819981,0.0505464680871873,117.481462882147,"usgs_ws_03175500","03175500",578022259.33723
"68",1999,2003,223.644652664628,226.659548144076,229.646833654893,0.0132411052861088,9.00660768583692,"usgs_ws_01667500","01667500",1210019740.46022
"69",1999,2003,207.082044975439,221.246034351089,223.28451427436,0.0406304157097262,77.882334468931,"usgs_ws_01673800","01673800",200730882.143942
"70",1999,2003,219.353869756891,226.557918579784,NA,NA,NA,"usgs_ws_02018500","02018500",88676820.5584542
"71",1999,2003,243.808714249322,271.573180764119,206.54516665244,0.135593068082885,1064.68003327751,"usgs_ws_03524500","03524500",225654466.800083
"72",1999,2003,234.989934974688,243.746050643461,NA,NA,NA,"usgs_ws_02079640","02079640",138607271.447473
"73",1999,2003,251.988018127187,241.951388544402,244.294228375505,0.0213374333001987,27.5695387665555,"usgs_ws_02027000","02027000",240729505.758264
"74",1999,2003,214.592974582074,221.465076208328,206.13319005202,0.0358754432580372,58.9767446944182,"usgs_ws_02056900","02056900",297708998.721141
"75",1999,2003,236.925352868961,252.635013437571,209.66519983332,0.0932836443485865,472.719043315265,"usgs_ws_03165000","03165000",102072840.922244
"76",1999,2003,223.630695916595,252.077038846645,188.542536852285,0.143733741684399,1012.83437938129,"usgs_ws_03208500","03208500",740436166.079864
"77",1999,2003,NA,243.474068729049,NA,NA,NA,"usgs_ws_01654500","01654500",9615198.40411969
"78",1999,2003,210.797951740455,219.966954148081,217.576454105395,0.0220082205572122,22.6221983194355,"usgs_ws_02030500","02030500",586227939.031891
"79",1999,2003,217.629152041737,237.641118201836,209.13932215902,0.0660763151897113,214.151396449452,"usgs_ws_03171000","03171000",7164832865.49279
"80",1999,2003,237.740128413153,267.460129549892,NA,NA,NA,"usgs_ws_02024915","02024915",70184162.7172679
"81",1999,2003,231.035192445805,246.649462651686,202.84078838661,0.0978802778060417,492.988299196495,"usgs_ws_03524000","03524000",1380470168.15182
"82",1999,2003,234.815117816532,243.212606175386,231.24931277721,0.0259790350539097,37.7255275410642,"usgs_ws_02051500","02051500",1429637356.96726
"83",1999,2003,226.631081489239,227.728450876447,237.1953965178,0.0251975644747421,33.7386718951678,"usgs_ws_01664000","01664000",1603218330.32013
"84",1999,2003,216.020607767559,229.846701982895,222.23707276386,0.0310942529532406,47.9519625254644,"usgs_ws_02074500","02074500",288622122.537259
"85",1999,2003,209.096176125677,221.53464718906,209.51815250982,0.0330986675970745,49.8816284732658,"usgs_ws_02055100","02055100",30260425.2791649
"86",1999,2003,236.981691140378,243.740853300363,224.901111210314,0.0405781683588184,91.0937610952022,"usgs_ws_02077500","02077500",746336122.351962
"87",1999,2003,222.68950997411,234.33389048911,236.95336023821,0.0328233319472755,57.6517739502078,"usgs_ws_02031000","02031000",246607887.90553
"88",1999,2003,209.547042241207,213.564686437761,NA,NA,NA,"usgs_ws_01660400","01660400",90667126.4938592
"89",1999,2003,220.815237339856,237.0703832814,234.01478778524,0.037457729736459,74.6324275628871,"usgs_ws_01653000","01653000",87625394.9855376
"90",1999,2003,197.222880943666,230.165202356217,205.613002763245,0.0811334901803155,293.066864841383,"usgs_ws_02015700","02015700",283788240.656139
"91",1999,2003,186.457797498014,203.644709225312,197.94064232096,0.0446593539250312,76.6303398665182,"usgs_ws_01621050","01621050",37059064.7025727
"92",1999,2003,222.777251032565,222.923708863937,215.717630923153,0.0186816792940981,16.9645408790368,"usgs_ws_02064000","02064000",427385214.956092
"93",1999,2003,225.819511108127,226.83716330033,233.03274394785,0.0170810179703977,15.2419272573813,"usgs_ws_01666500","01666500",464293046.257376
"94",1999,2003,224.569919494345,236.624680450727,224.590489389035,0.0304201236511914,48.3565732242295,"usgs_ws_02051000","02051000",144937406.448347
"95",1999,2003,211.166373903957,222.075796339608,219.071683751401,0.0259164432915196,31.7556856843717,"usgs_ws_01671025","01671025",1207710904.84417
"96",1999,2003,214.922989962153,222.269165385886,211.504423454922,0.0254379018399367,30.2554265268158,"usgs_ws_02062500","02062500",6223099594.926
"97",1999,2003,265.111265421134,259.723527991021,NA,NA,NA,"usgs_ws_02027500","02027500",123527986.977875
"98",1999,2003,225.316859897276,229.273037247155,226.624097026457,0.00887673020695856,4.06284873807208,"usgs_ws_02075500","02075500",6698712228.55323
"99",1999,2003,NA,251.284996070315,NA,NA,NA,"usgs_ws_02011490","02011490",12689912.2379998
"100",1999,2003,193.633255479214,204.940441079592,199.171987625498,0.0283765246437361,31.9675092069536,"usgs_ws_01634000","01634000",1994017493.52069
"101",1999,2003,227.274513482296,238.782133696667,228.944503551225,0.0268409382564246,38.6655261178416,"usgs_ws_02042500","02042500",651065126.134058
"102",1999,2003,215.161026027283,227.246912655745,220.840182392938,0.0273499103901575,36.5612775469915,"usgs_ws_02035000","02035000",16184361368.2907
"103",1999,2003,222.378352726454,233.216547353597,220.866473161094,0.0298749898366291,45.3794291927198,"usgs_ws_02077000","02077000",1416008028.38206
"104",1999,2003,211.756020291863,231.026068449682,208.398391668929,0.0562553202667763,149.103363744736,"usgs_ws_02013100","02013100",1583226778.02646
"105",1999,2003,245.851285528966,237.592497700927,242.067990952865,0.0170950735980303,17.0918223477096,"usgs_ws_01665500","01665500",296487823.971996
"106",1999,2003,209.69063915688,225.507041332,230.59669538829,0.049123437214918,118.854390554783,"usgs_ws_01638480","01638480",231530033.229766
"107",1999,2003,233.630964168731,241.77543276356,NA,NA,NA,"usgs_ws_01626000","01626000",328514897.362503
"108",1999,2003,221.944646594898,231.249215422395,229.058334321355,0.021390135214467,23.6632523556777,"usgs_ws_02061500","02061500",814828423.80029
"109",1999,2003,211.397477066068,229.607388284118,215.958663158672,0.043268817690705,89.7821637817663,"usgs_ws_02025500","02025500",8428090228.51836
"110",1999,2003,235.183807289036,245.290022868642,208.018637466285,0.0839894381269796,371.539702441917,"usgs_ws_03490000","03490000",1738263722.03573
"111",1999,2003,245.089479803508,243.042391383505,228.562649670483,0.0377112901953255,81.1649342201608,"usgs_ws_03473000","03473000",785212583.985672
"112",1999,2003,213.989137175451,222.938338631622,218.663683432656,0.0204826872512473,20.0353777473208,"usgs_ws_02039500","02039500",782176002.350829
"113",1999,2003,239.818624996425,241.659826188992,NA,NA,NA,"usgs_ws_03471500","03471500",198287155.934274
"114",1999,2003,202.331364484928,215.234897692423,202.466287809427,0.0358588419667985,54.9261286474285,"usgs_ws_01632000","01632000",542767682.476967
"115",1999,2003,218.606393659308,219.625210072305,207.029597360227,0.0325288861048342,48.9516098377445,"usgs_ws_02017500","02017500",271938885.682366
"116",1999,2003,231.911611425076,241.346551082309,200.63580913068,0.094864149900177,454.093067624314,"usgs_ws_01626850","01626850",382484766.219302
"117",1999,2003,226.118116144151,255.466702176236,192.297860533702,0.140725335224833,999.241957683043,"usgs_ws_03209200","03209200",1362554358.44218
"118",1999,2003,224.736447696786,230.1115641101,221.356131846497,0.0195891772501088,19.4960009711558,"usgs_ws_02079500","02079500",20366675573.7567
"119",1999,2003,194.620663015883,214.097004109301,198.883274326044,0.0505518529502113,104.825881914435,"usgs_ws_02054500","02054500",658458238.142593
"120",1999,2003,214.90749122909,232.38967958101,NA,NA,NA,"usgs_ws_02022500","02022500",90906193.368695
"121",1999,2003,226.947867694146,258.174287962255,191.79566262472,0.147175865955066,1102.81479095072,"usgs_ws_03208950","03208950",172188912.950058
"122",1999,2003,221.86072275996,224.234914572364,224.58408977928,0.00662846521549877,2.19590633485495,"usgs_ws_01643700","01643700",315311574.332072
"123",1999,2003,219.757846680407,222.755712438173,207.0141781543,0.0386056059940154,69.8640313692029,"usgs_ws_02018000","02018000",851865579.038167
"124",1999,2003,251.749785849372,265.325283379839,238.50039256967,0.0532552065699955,179.902553742909,"usgs_ws_02049500","02049500",1587615689.12163
"125",1999,2003,224.939269402937,226.652732673205,236.977684398327,0.0283733700406336,42.4106700176445,"usgs_ws_02072500","02072500",669886699.671033
"126",1999,2003,212.786429896706,225.591139098118,NA,NA,NA,"usgs_ws_01638350","01638350",81829833.9597626
"127",1999,2003,210.802801841348,221.267937293066,219.398057451265,0.0257009755347906,31.1489882742335,"usgs_ws_01674000","01674000",663316340.43919
"128",1999,2003,192.353481003469,221.216731668849,207.083983216367,0.0697618271540377,208.301585539642,"usgs_ws_01625000","01625000",964748478.119823
"129",1999,2003,225.999600413428,229.794343559938,226.595389222108,0.00897185361321793,4.16472478467553,"usgs_ws_02076000","02076000",7150792121.92409
"130",1999,2003,222.518946429174,240.03782788238,194.489217228845,0.104903801835292,527.875476480426,"usgs_ws_03521500","03521500",355023859.517368
"131",1999,2003,221.066881055102,243.063576127142,NA,NA,NA,"usgs_ws_01654000","01654000",61781349.3063163
"132",1999,2003,211.166373903957,222.031370774563,219.071683751401,0.0258342590238338,31.5503046762441,"usgs_ws_01671020","01671020",1195019430.59464
"133",1999,2003,214.840885508378,223.551993324384,220.559404141384,0.0201504768255859,19.5900741260542,"usgs_ws_01672500","01672500",1022231010.17991
"134",1999,2003,229.108258715263,260.314919846247,197.930846055827,0.136139617667877,972.943236961563,"usgs_ws_03209000","03209000",572746327.341673
"135",1999,2003,231.792467675353,229.236794239254,NA,NA,NA,"usgs_ws_01636210","01636210",36245223.4625335
"136",1999,2003,217.787318678972,235.309131967753,228.13423736565,0.0387913971064559,77.5919632978185,"usgs_ws_01644280","01644280",197014722.305778
"137",1999,2003,204.844140935797,220.472118505953,207.151870917068,0.0400142764825296,71.1647160714902,"usgs_ws_01631000","01631000",4230045448.71749
"138",1999,2003,204.211184208483,232.837773202123,204.798171220874,0.0764703256913131,267.674238405067,"usgs_ws_03170000","03170000",800468899.861655
"139",1999,2003,232.323137872987,236.208197371793,209.085012905846,0.0649361296821772,215.128545811918,"usgs_ws_03488000","03488000",572312493.930823
"140",1999,2003,219.439751091088,224.170044744379,NA,NA,NA,"usgs_ws_01643805","01643805",98653506.585549
"141",1999,2003,214.471138187197,232.376996448329,205.650304620658,0.0626128644152103,185.457153487929,"usgs_ws_03176500","03176500",9794840721.79541
"142",1999,2003,216.90982532566,226.255464903868,216.50656573238,0.025084312780413,30.4241054135301,"usgs_ws_02039000","02039000",180131274.456192
"143",1999,2003,222.694598100286,241.504010141481,212.966388416624,0.0642722069186596,210.471316449293,"usgs_ws_03168000","03168000",5726801560.68145
"144",1999,2003,234.35657327738,225.944889415276,231.63446760223,0.0186095011688707,18.4229307746866,"usgs_ws_02032640","02032640",280429242.505543
"145",1999,2003,200.351101248589,205.406612217106,NA,NA,NA,"usgs_ws_01615000","01615000",150507297.201678
"146",1999,2003,211.77009958733,228.733848409762,217.099468502241,0.0395753487140301,75.2549571623822,"usgs_ws_02026000","02026000",9444441426.31322
"147",1999,2003,232.874251028086,250.47593802213,222.916202461298,0.0592782502897461,194.753523412957,"usgs_ws_03164000","03164000",2954905986.34597
"148",1999,2003,215.223791947811,227.502451507435,227.971693365096,0.0323320865179583,52.2491098411606,"usgs_ws_02024000","02024000",1673771710.86912
"149",1999,2003,210.60252786187,229.075631622367,214.900669530179,0.0443029989982784,93.4431891103222,"usgs_ws_02024752","02024752",7961404152.46684
"150",1999,2003,218.452784495874,222.005640533743,215.49323672624,0.014912851339177,10.6321853964257,"usgs_ws_02058400","02058400",909415393.031254
"151",1999,2003,263.786419545118,275.034387901852,222.68580528964,0.10856029716035,759.358564306553,"usgs_ws_03529500","03529500",290185382.705737
"152",1999,2003,217.030363023363,224.109025937095,220.66446525753,0.0160459372368653,12.5298609949723,"usgs_ws_02040000","02040000",1877236920.11687
"153",1999,2003,224.382646159755,227.083719278106,232.56912379771,0.0182947004865377,17.4006458085186,"usgs_ws_02034000","02034000",1715497565.62336
"154",1999,2003,190.231087037474,204.261658321469,191.288593453265,0.0400141990770789,61.0459437415548,"usgs_ws_01632900","01632900",242136650.317969
"155",1999,2003,202.679976291006,219.648997672614,197.876757247092,0.0553296918374707,130.841508830008,"usgs_ws_03173000","03173000",773227016.28835
"156",1999,2003,221.7615634557,233.224946705457,NA,NA,NA,"usgs_ws_01673550","01673550",66078662.1987425
"157",1999,2003,NA,247.550133482333,NA,NA,NA,"usgs_ws_01645784","01645784",2042210.76794874
"158",1999,2003,222.226724558746,239.229835703094,202.28869978702,0.0835711682179714,341.879690525814,"usgs_ws_03478400","03478400",69749571.750196
"159",1999,2003,235.064510124565,245.883275641642,242.693829873495,0.023046552607505,30.9041285754775,"usgs_ws_02061000","02061000",294024722.017034
"160",1999,2003,241.972532298185,253.458949403893,238.5616642563,0.0319005266149495,60.9168172490248,"usgs_ws_02046000","02046000",291446814.970076
"161",1999,2003,242.999799945662,255.65726740758,238.268355908937,0.0365999550216851,80.8287147216387,"usgs_ws_02047000","02047000",3730477372.58245
"162",1999,2003,219.553826159825,226.747353375085,215.683737532147,0.025443418869212,31.5213358838111,"usgs_ws_02059500","02059500",485703761.838651
"163",1999,2003,227.701533897767,237.12853202075,229.97884859796,0.0212384255885778,24.1954048167619,"usgs_ws_02041000","02041000",408541002.191427
"164",1999,2003,200.453238045879,206.948232188484,208.25672269479,0.0203642739372795,17.4652448305607,"usgs_ws_01616100","01616100",28446307.5602715
"165",1999,2003,213.45515504933,226.745863138785,220.40126826501,0.0301889160023519,44.1908824060803,"usgs_ws_01674500","01674500",1559335859.90549
"166",1999,2003,207.91223829942,226.91236478393,NA,NA,NA,"usgs_ws_01658500","01658500",19725900.3190089
"167",1999,2003,220.955728667248,252.454305819251,209.256260636115,0.0981846250601222,499.184837076083,"usgs_ws_03207800","03207800",768290208.766574
"168",1999,2003,212.84062688435,229.650704191806,NA,NA,NA,"usgs_ws_01643590","01643590",20399448.1462486
"169",1999,2003,198.093928050025,212.760955827075,198.902362656562,0.0405631218384473,67.9726458319336,"usgs_ws_02055000","02055000",993928750.789965
"170",1999,2003,211.38701424304,223.85754650565,218.997754741663,0.02882250152591,39.5091869732528,"usgs_ws_02020500","02020500",364961358.476462
"171",1999,2003,222.165661312913,233.055595667808,234.722010608085,0.0296522273787767,46.5049194382487,"usgs_ws_02030000","02030000",299384470.642828
"172",1999,2003,207.149954387403,226.164808875031,235.75119817172,0.0652730596115667,211.915782823882,"usgs_ws_01662800","01662800",66665826.823936
"173",1999,2003,214.571966248351,225.679439504014,NA,NA,NA,"usgs_ws_01670300","01670300",14451379.0095834
"174",1999,2003,240.694793580112,248.095350300688,237.343422948844,0.0227295931363022,30.267311110323,"usgs_ws_02045500","02045500",1493310197.58654
"175",1999,2003,223.737404189104,242.465210054796,211.7825159373,0.0684326221541863,239.179630660668,"usgs_ws_02011470","02011470",195632586.421466
"176",1999,2003,201.692339611965,207.944749857463,210.4420427725,0.0218060075616617,20.3144018631633,"usgs_ws_01636316","01636316",55343159.3744726
"177",1999,2003,206.730088102673,217.39200485673,211.01929898973,0.0253397744884827,28.7808631618973,"usgs_ws_01634500","01634500",264227056.477521
"178",1999,2003,220.340063817446,232.822456337042,206.443255180085,0.0600172988660697,174.13227783265,"usgs_ws_03474000","03474000",341053098.204821
"179",1999,2003,246.20101023235,244.096174746424,251.409980249505,0.0152287491659232,14.1759086665549,"usgs_ws_02069700","02069700",221502850.269753
"180",1999,2003,222.730852085979,225.587178824131,229.981587969518,0.0161541705516422,13.3404341708302,"usgs_ws_01644000","01644000",858758018.70125
"181",1999,2003,225.788413212511,236.804531501638,232.35577114134,0.0239236739620988,30.7127535114582,"usgs_ws_02038000","02038000",85695863.4688673
"182",1999,2003,200.598167103089,216.14081647725,202.562533083047,0.0409994410514195,71.6337438674392,"usgs_ws_01638500","01638500",24734568589.6518
"183",1999,2003,235.355955172811,242.91280803013,223.72650663902,0.0413033621476302,93.4107098962971,"usgs_ws_02077303","02077303",526773223.247774
"184",1999,2003,255.312747286751,255.603029699907,246.045929452657,0.0215437651995741,29.5493902976107,"usgs_ws_02068500","02068500",321904888.090359
"185",1999,2003,218.78920123103,223.892635762771,227.910594528348,0.0204510893279156,20.8981420576671,"usgs_ws_02074000","02074000",1408838904.68747
"186",1999,2003,262.617984796287,258.465333577589,245.306434630758,0.0353780800825451,81.6818171284571,"usgs_ws_03161000","03161000",533712043.008783
"187",1999,2003,243.896043741151,249.38297999522,241.89095345569,0.0158270173718666,15.042886363015,"usgs_ws_02052500","02052500",179871003.549627
