"","start_year","end_year","prism_precip","daymet_precip","nldas_precip","CV","var","hydrocode","gage","area"
"1",2018,2020,166.982644452381,180.099852760624,137.31485311511,0.135753415520819,480.465865216726,"usgs_ws_02019500","02019500",5365784522.49612
"2",2018,2020,150.523168557618,163.768222406215,119.234545357748,0.158246215274198,522.9429641088,"usgs_ws_01622000","01622000",971856267.58662
"3",2018,2020,169.031047150432,175.881886534953,146.595163807015,0.0935015028981315,234.669164969176,"usgs_ws_02011400","02011400",407332735.234042
"4",2018,2020,163.911741854459,179.899585359878,NA,NA,NA,"usgs_ws_03473500","03473500",19156091.5240318
"5",2018,2020,168.897704750953,184.112952277258,164.874098874485,0.0587821975367474,102.971106964876,"usgs_ws_01670400","01670400",886099663.319639
"6",2018,2020,161.290624997126,171.706609814223,155.85907235283,0.0494215949153688,64.8564912380024,"usgs_ws_02036500","02036500",57886589.7215646
"7",2018,2020,178.541833663819,175.387605799456,144.27505428644,0.114044534816908,358.692030661395,"usgs_ws_01656000","01656000",241631463.662678
"8",2018,2020,163.74836923421,175.598440119342,157.161090772455,0.0564524019224475,87.2920447424214,"usgs_ws_01671100","01671100",276332504.781457
"9",2018,2020,184.731750618069,178.465204394762,183.27081156461,0.0179992142280847,10.7496341262784,"usgs_ws_02065500","02065500",252647034.169526
"10",2018,2020,163.9740931198,174.57489037603,140.48486720037,0.109259592890561,304.375052813124,"usgs_ws_02011800","02011800",893169520.411534
"11",2018,2020,164.488045285271,175.833491605119,139.43051736218,0.116478487273897,346.96256525752,"usgs_ws_02012500","02012500",1061345672.12231
"12",2018,2020,183.764596395677,195.133361867685,188.983072523245,0.03006304147631,32.3845634119773,"usgs_ws_02047500","02047500",749848252.778392
"13",2018,2020,180.764073668383,182.657072735644,178.08325364522,0.0127322508877129,5.28167708952905,"usgs_ws_02038850","02038850",22096843.5505302
"14",2018,2020,165.453067708326,165.039895438529,151.5059479549,0.0493929965583105,62.9767658717615,"usgs_ws_02044500","02044500",820524386.158795
"15",2018,2020,203.366897123719,206.707351147476,175.33492932648,0.0882957601219593,296.863117097465,"usgs_ws_02056650","02056650",144486541.602307
"16",2018,2020,182.21666809177,197.685977132098,166.025339653635,0.0869987869459541,250.642434053227,"usgs_ws_01669520","01669520",282985893.809692
"17",2018,2020,175.801051238922,168.245297371597,NA,NA,NA,"usgs_ws_03177710","03177710",114620314.0111
"18",2018,2020,157.09106912395,157.793813443891,117.29369325982,0.160923433683619,537.430785029051,"usgs_ws_01613900","01613900",41272610.2911715
"19",2018,2020,167.586574747582,169.591732787395,162.863287021787,0.0207253723610354,11.9336813543363,"usgs_ws_02041650","02041650",3475473272.4327
"20",2018,2020,160.833000955911,170.099224919914,122.192305446524,0.168232562327898,645.673198238356,"usgs_ws_01628500","01628500",2793593902.13781
"21",2018,2020,167.21501148051,181.105804838432,130.28859960215,0.164629243613589,689.817063724868,"usgs_ws_02021500","02021500",851391440.152936
"22",2018,2020,218.058872592768,211.632708507763,200.006908528607,0.0435919969827179,83.7213694294228,"usgs_ws_02072000","02072000",556864395.508404
"23",2018,2020,149.002045541403,152.104323043931,116.830843108306,0.14019781374989,381.471463077148,"usgs_ws_01633000","01633000",1315748433.86932
"24",2018,2020,164.68619434144,173.603881492913,144.860669760152,0.0913535762268711,216.458131628175,"usgs_ws_03167000","03167000",667477710.26182
"25",2018,2020,176.39933039274,193.486294921715,145.5739368776,0.141323835268757,589.627215920858,"usgs_ws_03208800","03208800",95043793.8748591
"26",2018,2020,168.401276060324,183.95043730367,156.799748713813,0.0802693849370974,185.588623841136,"usgs_ws_03475000","03475000",534069647.552109
"27",2018,2020,200.637234507827,181.519761649747,129.86328272456,0.214517482620323,1340.47030574133,"usgs_ws_02032250","02032250",199283814.488085
"28",2018,2020,166.290734774308,175.422852367822,149.697473749978,0.079618308942329,170.087831365792,"usgs_ws_02054530","02054530",727631546.04281
"29",2018,2020,169.514973471452,189.969249116256,134.51286397549,0.170311224890575,786.489285700318,"usgs_ws_02014000","02014000",396744127.706971
"30",2018,2020,181.149082431725,188.103418467434,146.84396512247,0.128400476200601,487.924392270762,"usgs_ws_01663500","01663500",738284290.783199
"31",2018,2020,160.796467589927,169.058952710078,121.168666855867,0.170278087221635,655.351788429531,"usgs_ws_01629500","01629500",3551793889.98061
"32",2018,2020,172.435010169421,186.140676086803,143.71131382454,0.129327204076553,468.857798655699,"usgs_ws_03527000","03527000",2907445818.5179
"33",2018,2020,162.107226531322,167.760600226946,NA,NA,NA,"usgs_ws_01636690","01636690",34994960.5588756
"34",2018,2020,191.298431100925,190.843985937324,160.778892594833,0.0966479990610106,305.926431454038,"usgs_ws_02059485","02059485",322836034.276773
"35",2018,2020,168.660713206443,171.157715080016,150.41170889382,0.0693097772287752,128.276324906069,"usgs_ws_02052000","02052000",1927152204.95598
"36",2018,2020,177.357678470954,191.525449013666,126.647258678197,0.206513390206759,1163.57532981899,"usgs_ws_01627500","01627500",547846787.671377
"37",2018,2020,176.776828099477,182.876198593869,145.107670692712,0.120506208352877,411.099925183797,"usgs_ws_02037500","02037500",17481116130.8158
"38",2018,2020,174.459280539129,193.798683771596,NA,NA,NA,"usgs_ws_03208700","03208700",48019209.6942083
"39",2018,2020,170.155388340216,182.024069204771,164.34071079118,0.0523468992114851,81.2295375412411,"usgs_ws_02053800","02053800",283413786.56914
"40",2018,2020,183.427658536253,180.373001597677,NA,NA,NA,"usgs_ws_01652500","01652500",32594846.5125465
"41",2018,2020,150.478732817815,175.191562532799,133.44373741391,0.13716364787094,440.632653848377,"usgs_ws_02013000","02013000",419461445.677496
"42",2018,2020,187.945867226121,192.471892344109,173.65145239736,0.0531899954556111,96.5040264090923,"usgs_ws_02060500","02060500",4613442943.13841
"43",2018,2020,173.614990079666,182.554364118272,153.822458556209,0.0864932862989813,216.196518256074,"usgs_ws_02056000","02056000",1318896498.48103
"44",2018,2020,199.102985216118,201.007850551805,184.575298721094,0.0461173398738638,80.7851577523042,"usgs_ws_02075045","02075045",5478165059.84464
"45",2018,2020,160.601576204673,175.789609172259,140.267065901655,0.112176583987623,317.669955849991,"usgs_ws_02016000","02016000",1193758746.06934
"46",2018,2020,179.492796327707,182.793254177607,150.345207316435,0.104505184627489,318.891785382295,"usgs_ws_01668000","01668000",4127911829.04237
"47",2018,2020,190.372819306978,188.268142435514,NA,NA,NA,"usgs_ws_01661800","01661800",17521831.4954999
"48",2018,2020,184.637579774669,188.062049190477,NA,NA,NA,"usgs_ws_01669000","01669000",72345930.9029209
"49",2018,2020,212.993452644118,208.928448693566,194.358082118662,0.0476996647392335,96.0161456443547,"usgs_ws_02073000","02073000",981525405.804484
"50",2018,2020,207.794703722985,206.14402702312,201.882299961265,0.0148620150900431,9.30726155980383,"usgs_ws_02070000","02070000",278486436.590555
"51",2018,2020,187.91822574884,190.494425145319,174.648338018559,0.0461243216419165,72.3042001555957,"usgs_ws_02066000","02066000",7678558027.17106
"52",2018,2020,160.644141727317,168.960856952916,152.36178699973,0.0516604534821256,68.8823792146756,"usgs_ws_01638420","01638420",59861189.5381482
"53",2018,2020,142.529357074241,143.531916849643,124.26057103768,0.0793169338254918,117.689739792855,"usgs_ws_01632082","01632082",118181776.223707
"54",2018,2020,161.549378175693,177.470230074765,136.377323044605,0.130749388847709,429.288815484013,"usgs_ws_02016500","02016500",3549379261.86498
"55",2018,2020,193.347139623091,210.708807190667,129.82525908198,0.239269644304341,1813.10086047609,"usgs_ws_02028500","02028500",245393985.112639
"56",2018,2020,148.671324898111,168.835139119017,116.59306296022,0.182076918472625,694.138135712113,"usgs_ws_01635500","01635500",223978841.944323
"57",2018,2020,176.674432393206,185.920839992824,142.05884971084,0.13744929079029,534.601468239136,"usgs_ws_02029000","02029000",11857653436.5887
"58",2018,2020,152.877917063781,189.476060258984,NA,NA,NA,"usgs_ws_01620500","01620500",44659598.0088622
"59",2018,2020,240.042993402279,215.435022410908,NA,NA,NA,"usgs_ws_02071530","02071530",68186938.410185
"60",2018,2020,162.357581071891,177.208122687682,144.08193213491,0.102921504800109,275.313738481451,"usgs_ws_02011460","02011460",157590657.587209
"61",2018,2020,168.58757062195,179.927374407773,160.322969622064,0.0580282174786871,96.8712444316977,"usgs_ws_01673000","01673000",2791506385.69128
"62",2018,2020,173.200990147456,173.969957719163,154.5667370093,0.0656948992234365,120.718612509813,"usgs_ws_01646000","01646000",149646365.087063
"63",2018,2020,162.962646881932,161.584446290116,135.19245095664,0.102126015852714,244.936772713766,"usgs_ws_01643880","01643880",122168130.457453
"64",2018,2020,209.780418835617,224.506658782116,191.790970200926,0.078512315577999,268.466447413913,"usgs_ws_03165500","03165500",3496114159.10409
"65",2018,2020,161.029664752109,174.587403101084,140.767939531707,0.107182938807384,289.684315694465,"usgs_ws_02011500","02011500",346648774.053348
"66",2018,2020,198.179224065893,206.113519925909,154.795281752137,0.148229838523423,763.113511789591,"usgs_ws_03531500","03531500",826493815.399906
"67",2018,2020,169.890487694193,170.952221490873,145.1543303518,0.0901090637099259,213.089324324344,"usgs_ws_03175500","03175500",578022259.33723
"68",2018,2020,191.047840440402,185.553653583099,146.65575635942,0.138747265551657,585.648271116644,"usgs_ws_01667500","01667500",1210019740.46022
"69",2018,2020,168.616303721792,178.422874463796,166.99966104591,0.036076580313425,38.2120280083307,"usgs_ws_01673800","01673800",200730882.143942
"70",2018,2020,183.704924406709,199.486268703422,NA,NA,NA,"usgs_ws_02018500","02018500",88676820.5584542
"71",2018,2020,183.541414951028,197.176807002186,153.34701587821,0.125996820836223,503.112706954787,"usgs_ws_03524500","03524500",225654466.800083
"72",2018,2020,177.906168762818,171.57317410985,NA,NA,NA,"usgs_ws_02079640","02079640",138607271.447473
"73",2018,2020,196.57601705395,208.642916545914,139.81198888426,0.202308142207137,1350.91026002707,"usgs_ws_02027000","02027000",240729505.758264
"74",2018,2020,208.4534962842,214.629081614726,182.253025581935,0.0851884456871375,295.468587238882,"usgs_ws_02056900","02056900",297708998.721141
"75",2018,2020,215.958474011098,217.410211456204,197.79475641541,0.0519518541009397,119.465709160474,"usgs_ws_03165000","03165000",102072840.922244
"76",2018,2020,163.108862480947,183.41339891967,123.280801479733,0.195336982559023,935.746319663557,"usgs_ws_03208500","03208500",740436166.079864
"77",2018,2020,NA,180.79576698281,NA,NA,NA,"usgs_ws_01654500","01654500",9615198.40411969
"78",2018,2020,179.112498314881,178.081456670086,156.562377850725,0.0743472469158395,162.106955509187,"usgs_ws_02030500","02030500",586227939.031891
"79",2018,2020,193.003395745678,205.2888900517,174.943755806553,0.0798825506872147,232.985189571687,"usgs_ws_03171000","03171000",7164832865.49279
"80",2018,2020,185.912560871505,219.283229217743,NA,NA,NA,"usgs_ws_02024915","02024915",70184162.7172679
"81",2018,2020,168.646033545293,183.875272440958,147.50410608637,0.109587474505958,333.628759335446,"usgs_ws_03524000","03524000",1380470168.15182
"82",2018,2020,168.208730855138,169.934313602761,148.44804437092,0.0736030060060232,142.52035527494,"usgs_ws_02051500","02051500",1429637356.96726
"83",2018,2020,175.847441664862,184.051200717626,148.73344788939,0.109018222967794,341.63566431476,"usgs_ws_01664000","01664000",1603218330.32013
"84",2018,2020,187.02746533854,195.443661794938,180.45783760466,0.0400326682938937,56.4278830027297,"usgs_ws_02074500","02074500",288622122.537259
"85",2018,2020,179.732498155054,188.500298720037,161.0927247853,0.0793290718770648,195.915097835196,"usgs_ws_02055100","02055100",30260425.2791649
"86",2018,2020,179.69417331581,183.11750079428,173.089232838214,0.0285363822792759,25.9850946560142,"usgs_ws_02077500","02077500",746336122.351962
"87",2018,2020,189.786857285369,186.908124618905,126.18526105339,0.214275063024403,1290.1193841028,"usgs_ws_02031000","02031000",246607887.90553
"88",2018,2020,170.253705982324,179.263972644019,NA,NA,NA,"usgs_ws_01660400","01660400",90667126.4938592
"89",2018,2020,182.990033407801,178.31230553208,149.36413971171,0.107003478792117,331.763028217298,"usgs_ws_01653000","01653000",87625394.9855376
"90",2018,2020,156.312277510282,180.409293442958,141.451440556965,0.123347970019485,386.537492216566,"usgs_ws_02015700","02015700",283788240.656139
"91",2018,2020,147.858878899752,148.667847246141,120.68322264922,0.114536132534553,253.718322710521,"usgs_ws_01621050","01621050",37059064.7025727
"92",2018,2020,190.464967474848,186.043444882791,183.120507021503,0.0198218333273653,13.6724211872956,"usgs_ws_02064000","02064000",427385214.956092
"93",2018,2020,193.661870832459,185.602775029155,139.079903843265,0.17052347129747,868.086281492526,"usgs_ws_01666500","01666500",464293046.257376
"94",2018,2020,164.945595809943,167.086123476522,150.86695942087,0.0547410590894395,77.6418573218797,"usgs_ws_02051000","02051000",144937406.448347
"95",2018,2020,169.402592852436,181.969044205952,163.773598772341,0.0542499717932633,86.7792514169171,"usgs_ws_01671025","01671025",1207710904.84417
"96",2018,2020,188.696246446899,192.371258907187,174.358149365198,0.051409453052241,90.593143313204,"usgs_ws_02062500","02062500",6223099594.926
"97",2018,2020,204.312420108582,211.050907585029,NA,NA,NA,"usgs_ws_02027500","02027500",123527986.977875
"98",2018,2020,195.224273285865,197.782850702375,181.545349234743,0.0455852145922626,76.2192892506638,"usgs_ws_02075500","02075500",6698712228.55323
"99",2018,2020,NA,182.010978728973,NA,NA,NA,"usgs_ws_02011490","02011490",12689912.2379998
"100",2018,2020,148.009861776385,153.716151218146,112.551676768182,0.161502625044623,497.393096668489,"usgs_ws_01634000","01634000",1994017493.52069
"101",2018,2020,181.773250643316,179.612910941308,162.789364481012,0.0594819845675601,108.014452825517,"usgs_ws_02042500","02042500",651065126.134058
"102",2018,2020,177.726011486308,183.93129545419,144.148374145916,0.126946631710632,458.107351050892,"usgs_ws_02035000","02035000",16184361368.2907
"103",2018,2020,188.416915680312,186.556652814983,178.876646899549,0.0273936946535699,25.5766328664038,"usgs_ws_02077000","02077000",1416008028.38206
"104",2018,2020,159.933446046578,175.384734155949,137.634483377699,0.120382156053088,360.177912361273,"usgs_ws_02013100","02013100",1583226778.02646
"105",2018,2020,202.679503629543,191.133892290691,130.541600019985,0.221691464062944,1501.43402683139,"usgs_ws_01665500","01665500",296487823.971996
"106",2018,2020,159.643010805486,167.135491896476,152.36178699973,0.0462522418369583,54.5693082307511,"usgs_ws_01638480","01638480",231530033.229766
"107",2018,2020,176.052393567274,200.873573774418,NA,NA,NA,"usgs_ws_01626000","01626000",328514897.362503
"108",2018,2020,192.619686355755,195.353260013312,171.63823835389,0.0695569506216784,168.349306250516,"usgs_ws_02061500","02061500",814828423.80029
"109",2018,2020,171.715379996194,183.366955423807,139.683107417026,0.137158533855344,511.68404553517,"usgs_ws_02025500","02025500",8428090228.51836
"110",2018,2020,175.29890514257,187.761326709742,154.820516976747,0.096347454813979,276.628879842234,"usgs_ws_03490000","03490000",1738263722.03573
"111",2018,2020,184.716247391421,201.165304663557,143.526127372833,0.168252514550087,881.578705173182,"usgs_ws_03473000","03473000",785212583.985672
"112",2018,2020,174.760488845868,173.858867868786,172.179007149842,0.00754694947529165,1.71648336138007,"usgs_ws_02039500","02039500",782176002.350829
"113",2018,2020,181.207769444592,198.164969723935,NA,NA,NA,"usgs_ws_03471500","03471500",198287155.934274
"114",2018,2020,157.235978891307,157.251952825884,120.588453569173,0.145926592045193,447.875590858302,"usgs_ws_01632000","01632000",542767682.476967
"115",2018,2020,177.998190718844,183.184699213729,136.243385907347,0.155211061363801,662.30841502362,"usgs_ws_02017500","02017500",271938885.682366
"116",2018,2020,175.262922757564,197.76203089853,122.40364483809,0.234252032048188,1496.53324649023,"usgs_ws_01626850","01626850",382484766.219302
"117",2018,2020,168.215895804329,185.278633060106,130.584191775268,0.173428894773355,783.127343041857,"usgs_ws_03209200","03209200",1362554358.44218
"118",2018,2020,188.002839451397,190.349983486735,175.135546707417,0.0443966248585632,67.0925656989593,"usgs_ws_02079500","02079500",20366675573.7567
"119",2018,2020,165.635984745814,173.436293551615,149.697473749978,0.0742660910505946,146.402085967472,"usgs_ws_02054500","02054500",658458238.142593
"120",2018,2020,176.024668456156,180.164223523345,NA,NA,NA,"usgs_ws_02022500","02022500",90906193.368695
"121",2018,2020,171.657526547088,188.622699294391,122.87027107432,0.211955712055717,1165.23253329108,"usgs_ws_03208950","03208950",172188912.950058
"122",2018,2020,157.726454933287,173.71858534417,133.8891667883,0.12921723575837,401.724520614078,"usgs_ws_01643700","01643700",315311574.332072
"123",2018,2020,178.090288933037,187.401484969818,140.37023552992,0.147696100826993,620.239870707868,"usgs_ws_02018000","02018000",851865579.038167
"124",2018,2020,184.522422903812,192.480209824414,192.505843126328,0.0242411561583588,21.1770046981875,"usgs_ws_02049500","02049500",1587615689.12163
"125",2018,2020,216.864205483897,211.010663569304,200.006908528607,0.0408935317882451,73.2525064300652,"usgs_ws_02072500","02072500",669886699.671033
"126",2018,2020,159.897952470548,168.351457545208,NA,NA,NA,"usgs_ws_01638350","01638350",81829833.9597626
"127",2018,2020,171.188803126937,176.680804683693,163.598282240662,0.0385317598990354,43.1550803161283,"usgs_ws_01674000","01674000",663316340.43919
"128",2018,2020,161.424826320063,168.525266611883,119.580416279427,0.176503918882947,699.494879675518,"usgs_ws_01625000","01625000",964748478.119823
"129",2018,2020,194.015556951459,196.690931686306,179.934757554994,0.0473247275119932,81.0326521890301,"usgs_ws_02076000","02076000",7150792121.92409
"130",2018,2020,171.207413432961,179.474378896147,158.07557354974,0.0636325457935564,116.449467823577,"usgs_ws_03521500","03521500",355023859.517368
"131",2018,2020,179.911927905458,176.454590087149,NA,NA,NA,"usgs_ws_01654000","01654000",61781349.3063163
"132",2018,2020,169.402592852436,181.995093020091,163.773598772341,0.0543307207543598,87.0465812411479,"usgs_ws_01671020","01671020",1195019430.59464
"133",2018,2020,168.439114985432,178.769418034495,156.880389439774,0.0651686077956321,119.908145024303,"usgs_ws_01672500","01672500",1022231010.17991
"134",2018,2020,174.560561092618,187.943153855107,141.53927721857,0.142157572682183,570.469790772667,"usgs_ws_03209000","03209000",572746327.341673
"135",2018,2020,178.653146956031,198.51446046887,NA,NA,NA,"usgs_ws_01636210","01636210",36245223.4625335
"136",2018,2020,162.036146830035,168.941198223171,153.53018526846,0.0477971066828979,59.5884061865173,"usgs_ws_01644280","01644280",197014722.305778
"137",2018,2020,159.834508458483,170.15890792794,124.962588267163,0.156167779222833,560.89189218566,"usgs_ws_01631000","01631000",4230045448.71749
"138",2018,2020,180.514699676267,193.766256427217,166.821077484908,0.0746986316938773,181.526952212735,"usgs_ws_03170000","03170000",800468899.861655
"139",2018,2020,170.022859660051,182.09199494867,163.648789945102,0.0544842832397779,87.7407670249455,"usgs_ws_03488000","03488000",572312493.930823
"140",2018,2020,162.800448737682,165.81181307049,NA,NA,NA,"usgs_ws_01643805","01643805",98653506.585549
"141",2018,2020,185.519265040231,197.165363254211,166.537580863197,0.0844445564746095,238.999498666284,"usgs_ws_03176500","03176500",9794840721.79541
"142",2018,2020,171.220197557804,171.038708380848,164.22632883965,0.023613048687329,15.8926088302439,"usgs_ws_02039000","02039000",180131274.456192
"143",2018,2020,198.364024101848,210.379851604168,179.229519183391,0.0801574458421769,246.808766494155,"usgs_ws_03168000","03168000",5726801560.68145
"144",2018,2020,198.694927662294,176.729664843887,134.74047433462,0.191088029705265,1055.95616512447,"usgs_ws_02032640","02032640",280429242.505543
"145",2018,2020,158.699783951068,156.480386500615,NA,NA,NA,"usgs_ws_01615000","01615000",150507297.201678
"146",2018,2020,173.634199585706,184.009970437635,143.651675934568,0.125422316464947,439.233380076527,"usgs_ws_02026000","02026000",9444441426.31322
"147",2018,2020,212.04700879023,229.368656350714,194.156040670977,0.0831082066621882,310.009086243771,"usgs_ws_03164000","03164000",2954905986.34597
"148",2018,2020,171.586878575273,182.675302766081,137.558334426827,0.14340846454947,552.739300003878,"usgs_ws_02024000","02024000",1673771710.86912
"149",2018,2020,169.924538610224,182.131501458971,137.817870885731,0.140175212179884,523.9243181572,"usgs_ws_02024752","02024752",7961404152.46684
"150",2018,2020,197.786636201475,201.013262026248,186.85286468002,0.0380167470763642,55.0792211499258,"usgs_ws_02058400","02058400",909415393.031254
"151",2018,2020,200.080272864151,206.517413423928,148.318278910725,0.172489895712949,1017.9800091178,"usgs_ws_03529500","03529500",290185382.705737
"152",2018,2020,168.907578305935,170.167288872778,166.11891182299,0.0123027048976616,4.29214803376125,"usgs_ws_02040000","02040000",1877236920.11687
"153",2018,2020,187.27656402141,180.104131587731,145.34519265959,0.131223153201739,502.97792111814,"usgs_ws_02034000","02034000",1715497565.62336
"154",2018,2020,140.745585225037,151.022493468403,121.408469103845,0.109175342460885,226.088223665279,"usgs_ws_01632900","01632900",242136650.317969
"155",2018,2020,161.886694092484,176.450546546574,140.516582178126,0.113233475177953,326.672879461601,"usgs_ws_03173000","03173000",773227016.28835
"156",2018,2020,181.375964498523,185.085585889736,NA,NA,NA,"usgs_ws_01673550","01673550",66078662.1987425
"157",2018,2020,NA,176.700620430522,NA,NA,NA,"usgs_ws_01645784","01645784",2042210.76794874
"158",2018,2020,172.127307639862,189.025185540766,152.29550349937,0.107417074351266,337.984712647129,"usgs_ws_03478400","03478400",69749571.750196
"159",2018,2020,203.933369983788,205.499728145757,164.8825693515,0.120203007871048,529.528682738703,"usgs_ws_02061000","02061000",294024722.017034
"160",2018,2020,166.089070406699,172.1648249071,160.27680308486,0.0357721053472253,35.3370511692845,"usgs_ws_02046000","02046000",291446814.970076
"161",2018,2020,169.228533827132,175.894610190804,165.307302494242,0.031459490677853,28.6506189190065,"usgs_ws_02047000","02047000",3730477372.58245
"162",2018,2020,188.816820593741,188.42598800707,164.949960135923,0.0756268571453646,186.817277138447,"usgs_ws_02059500","02059500",485703761.838651
"163",2018,2020,166.877422826903,165.99570637635,159.212890436857,0.0255676412447327,17.5881787877142,"usgs_ws_02041000","02041000",408541002.191427
"164",2018,2020,151.69592862368,154.039656556607,127.59185236413,0.10135555222629,214.330983258902,"usgs_ws_01616100","01616100",28446307.5602715
"165",2018,2020,178.656876103733,181.631003471207,161.49773287802,0.0624832142911153,118.105035769493,"usgs_ws_01674500","01674500",1559335859.90549
"166",2018,2020,177.935371885559,177.284647740328,NA,NA,NA,"usgs_ws_01658500","01658500",19725900.3190089
"167",2018,2020,162.486573968783,186.449747555457,119.09926116396,0.218822365970786,1165.46343632332,"usgs_ws_03207800","03207800",768290208.766574
"168",2018,2020,164.168061193032,167.580156837914,NA,NA,NA,"usgs_ws_01643590","01643590",20399448.1462486
"169",2018,2020,170.111684030865,180.400147264343,151.131330298538,0.0887958958976527,220.461658348108,"usgs_ws_02055000","02055000",993928750.789965
"170",2018,2020,160.892315473161,179.471483326932,119.835865236267,0.198928677050554,931.204088208153,"usgs_ws_02020500","02020500",364961358.476462
"171",2018,2020,186.147019908736,194.201875263358,122.88716478423,0.23283229579734,1525.41298264654,"usgs_ws_02030000","02030000",299384470.642828
"172",2018,2020,166.118632861485,183.784345530347,165.45817989855,0.0605121669691775,108.060324829856,"usgs_ws_01662800","01662800",66665826.823936
"173",2018,2020,164.576860882189,185.348498927061,NA,NA,NA,"usgs_ws_01670300","01670300",14451379.0095834
"174",2018,2020,165.896475598931,168.49829251641,154.180005993379,0.0468342598807036,58.1764067075913,"usgs_ws_02045500","02045500",1493310197.58654
"175",2018,2020,161.605649136147,176.445276481895,144.08193213491,0.10080341105092,262.446875770269,"usgs_ws_02011470","02011470",195632586.421466
"176",2018,2020,155.271199395048,160.246414329234,131.85858695163,0.101652711805107,229.795321381274,"usgs_ws_01636316","01636316",55343159.3744726
"177",2018,2020,151.259317836638,169.306531113263,109.55184655954,0.213765466247666,939.306232249481,"usgs_ws_01634500","01634500",264227056.477521
"178",2018,2020,166.117030773419,183.492189058675,150.26648665567,0.0997368740384465,276.180529073246,"usgs_ws_03474000","03474000",341053098.204821
"179",2018,2020,218.393146520022,211.332898847299,204.61690970567,0.0325793888611445,47.4560513526281,"usgs_ws_02069700","02069700",221502850.269753
"180",2018,2020,158.29541894985,170.13176752004,138.920944308608,0.101143446945917,248.264150105734,"usgs_ws_01644000","01644000",858758018.70125
"181",2018,2020,170.288619630605,170.009025423544,163.47563158388,0.0229585660251534,14.8633690182661,"usgs_ws_02038000","02038000",85695863.4688673
"182",2018,2020,153.802617396424,163.655322268963,134.608590030757,0.0980270944896225,218.199855589565,"usgs_ws_01638500","01638500",24734568589.6518
"183",2018,2020,180.080283225481,185.701011824546,173.73708200695,0.0332830154977165,35.8274013939143,"usgs_ws_02077303","02077303",526773223.247774
"184",2018,2020,223.187911368597,219.341095403008,191.783783353213,0.0810122400013737,293.403782814916,"usgs_ws_02068500","02068500",321904888.090359
"185",2018,2020,207.516932580399,206.354932708124,190.136769996635,0.0482595120291293,94.4081828129284,"usgs_ws_02074000","02074000",1408838904.68747
"186",2018,2020,240.676645262452,256.080808549351,218.034477974775,0.0803208655447662,366.246542707087,"usgs_ws_03161000","03161000",533712043.008783
"187",2018,2020,171.784138081293,175.988755175988,161.54411085582,0.0437615397410598,55.1974520046008,"usgs_ws_02052500","02052500",179871003.549627
