"","start_year","end_year","prism_precip","daymet_precip","nldas_precip","daymet_ndays_with_data","prism_ndays_with_data","nldas2_ndays_with_data","daymet_missing","prism_missing","nldas2_missing","var","CV","nldas2_dif_from_mean","prism_dif_from_mean","daymet_dif_from_mean","hydrocode"
"1",2018,2020,166.982644452381,180.099852760624,137.31485311511,1096,1096,1096,0,0,0,480.465865216726,0.135753415520819,-24.1509303275951,5.51686100967612,18.6340693179191,"usgs_ws_02019500"
"2",2018,2020,150.523168557618,163.768222406215,119.234545357748,1096,1096,1096,0,0,0,522.9429641088,0.158246215274198,-25.2741000827788,6.01452311709062,19.2595769656882,"usgs_ws_01622000"
"3",2018,2020,169.031047150432,175.881886534953,146.595163807015,1096,1096,1096,0,0,0,234.669164969176,0.0935015028981315,-17.2408686904517,5.1950146529654,12.0458540374864,"usgs_ws_02011400"
"4",2018,2020,163.911741854459,179.899585359878,NA,1096,1096,0,0,0,1096,NA,NA,NA,NA,NA,"usgs_ws_03473500"
"5",2018,2020,168.897704750953,184.112952277258,164.874098874485,1096,1096,1096,0,0,0,102.971106964876,0.0587821975367474,-7.75415309308048,-3.73054721661202,11.4847003096925,"usgs_ws_01670400"
"6",2018,2020,161.290624997126,171.706609814223,155.85907235283,1096,1096,1096,0,0,0,64.8564912380024,0.0494215949153688,-7.09303003522979,-1.66147739093356,8.75450742616337,"usgs_ws_02036500"
"7",2018,2020,178.541833663819,175.387605799456,144.27505428644,1096,1096,1096,0,0,0,358.692030661395,0.114044534816908,-21.7931102967983,12.4736690805811,9.3194412162172,"usgs_ws_01656000"
"8",2018,2020,163.74836923421,175.598440119342,157.161090772455,1096,1096,1096,0,0,0,87.2920447424214,0.0564524019224475,-8.34154260288068,-1.7542641411259,10.0958067440066,"usgs_ws_01671100"
"9",2018,2020,184.731750618069,178.465204394762,183.27081156461,1096,1096,1096,0,0,0,10.7496341262784,0.0179992142280847,1.11488937212982,2.57582842558884,-3.69071779771866,"usgs_ws_02065500"
"10",2018,2020,163.9740931198,174.57489037603,140.48486720037,1096,1096,1096,0,0,0,304.375052813124,0.109259592890561,-19.1930830316966,4.29614288773317,14.8969401439634,"usgs_ws_02011800"
"11",2018,2020,164.488045285271,175.833491605119,139.43051736218,1096,1096,1096,0,0,0,346.96256525752,0.116478487273897,-20.4868340553433,4.57069386774742,15.9161401875959,"usgs_ws_02012500"
"12",2018,2020,183.764596395677,195.133361867685,188.983072523245,1096,1096,1096,0,0,0,32.3845634119773,0.03006304147631,-0.310604405623963,-5.52908053319223,5.83968493881616,"usgs_ws_02047500"
"13",2018,2020,180.764073668383,182.657072735644,178.08325364522,1096,1096,1096,0,0,0,5.28167708952905,0.0127322508877129,-2.41821303786256,0.262606985300835,2.15560605256175,"usgs_ws_02038850"
"14",2018,2020,165.453067708326,165.039895438529,151.5059479549,1096,1096,1096,0,0,0,62.9767658717615,0.0493929965583105,-9.16035574568508,4.78676400774071,4.3735917379444,"usgs_ws_02044500"
"15",2018,2020,203.366897123719,206.707351147476,175.33492932648,1096,1096,1096,0,0,0,296.863117097465,0.0882957601219593,-19.8014632060784,8.23050459116038,11.5709586149179,"usgs_ws_02056650"
"16",2018,2020,182.21666809177,197.685977132098,166.025339653635,1096,1096,1096,0,0,0,250.642434053227,0.0869987869459541,-15.9506553055327,0.240673132602666,15.70998217293,"usgs_ws_01669520"
"17",2018,2020,175.801051238922,168.245297371597,NA,1096,1096,0,0,0,1096,NA,NA,NA,NA,NA,"usgs_ws_03177710"
"18",2018,2020,157.09106912395,157.793813443891,117.29369325982,1096,1096,1096,0,0,0,537.430785029051,0.160923433683619,-26.7658320160673,13.0315438480632,13.7342881680041,"usgs_ws_01613900"
"19",2018,2020,167.586574747582,169.591732787395,162.863287021787,1096,1096,1096,0,0,0,11.9336813543363,0.0207253723610354,-3.81724449713479,0.906043228660764,2.911201268474,"usgs_ws_02041650"
"20",2018,2020,160.833000955911,170.099224919914,122.192305446524,1096,1096,1096,0,0,0,645.673198238356,0.168232562327898,-28.8492049942592,9.79149051512817,19.057714479131,"usgs_ws_01628500"
"21",2018,2020,167.21501148051,181.105804838432,130.28859960215,1096,1096,1096,0,0,0,689.817063724868,0.164629243613589,-29.2478723715474,7.67853950681271,21.5693328647347,"usgs_ws_02021500"
"22",2018,2020,218.058872592768,211.632708507763,200.006908528607,1096,1096,1096,0,0,0,83.7213694294228,0.0435919969827179,-9.89258801443924,8.1593760497222,1.73321196471707,"usgs_ws_02072000"
"23",2018,2020,149.002045541403,152.104323043931,116.830843108306,1096,1096,1096,0,0,0,381.471463077148,0.14019781374989,-22.4815607895738,9.68964164352323,12.7919191460506,"usgs_ws_01633000"
"24",2018,2020,164.68619434144,173.603881492913,144.860669760152,1096,1096,1096,0,0,0,216.458131628175,0.0913535762268711,-16.1895787713492,3.63594580993839,12.5536329614108,"usgs_ws_03167000"
"25",2018,2020,176.39933039274,193.486294921715,145.5739368776,1096,1096,1096,0,0,0,589.627215920858,0.141323835268757,-26.2459171864184,4.5794763287218,21.6664408576966,"usgs_ws_03208800"
"26",2018,2020,168.401276060324,183.95043730367,156.799748713813,1096,1096,1096,0,0,0,185.588623841136,0.0802693849370974,-12.9174053121226,-1.315877965612,14.2332832777345,"usgs_ws_03475000"
"27",2018,2020,200.637234507827,181.519761649747,129.86328272456,1096,1096,1096,0,0,0,1340.47030574133,0.214517482620323,-40.8101435694849,29.9638082137823,10.8463353557025,"usgs_ws_02032250"
"28",2018,2020,166.290734774308,175.422852367822,149.697473749978,1096,1096,1096,0,0,0,170.087831365792,0.079618308942329,-14.106213214058,2.48704781027175,11.6191654037862,"usgs_ws_02054530"
"29",2018,2020,169.514973471452,189.969249116256,134.51286397549,1096,1096,1096,0,0,0,786.489285700318,0.170311224890575,-30.1528315455761,4.84927795038615,25.3035535951899,"usgs_ws_02014000"
"30",2018,2020,181.149082431725,188.103418467434,146.84396512247,1096,1096,1096,0,0,0,487.924392270762,0.128400476200601,-25.1881902180731,9.11692709118228,16.0712631268908,"usgs_ws_01663500"
"31",2018,2020,160.796467589927,169.058952710078,121.168666855867,1096,1096,1096,0,0,0,655.351788429531,0.170278087221635,-29.1726955294238,10.4551052046361,18.7175903247877,"usgs_ws_01629500"
"32",2018,2020,172.435010169421,186.140676086803,143.71131382454,1096,1096,1096,0,0,0,468.857798655699,0.129327204076553,-23.7176862023814,5.00601014249943,18.7116760598819,"usgs_ws_03527000"
"33",2018,2020,162.107226531322,167.760600226946,NA,1096,1096,0,0,0,1096,NA,NA,NA,NA,NA,"usgs_ws_01636690"
"34",2018,2020,191.298431100925,190.843985937324,160.778892594833,1096,1096,1096,0,0,0,305.926431454038,0.0966479990610106,-20.1948772828609,10.3246612232311,9.87021605962974,"usgs_ws_02059485"
"35",2018,2020,168.660713206443,171.157715080016,150.41170889382,1096,1096,1096,0,0,0,128.276324906069,0.0693097772287752,-12.9983368329394,5.25066747968333,7.7476693532561,"usgs_ws_02052000"
"36",2018,2020,177.357678470954,191.525449013666,126.647258678197,1096,1096,1096,0,0,0,1163.57532981899,0.206513390206759,-38.5295367094088,12.1808830833487,26.3486536260601,"usgs_ws_01627500"
"37",2018,2020,176.776828099477,182.876198593869,145.107670692712,1096,1096,1096,0,0,0,411.099925183797,0.120506208352877,-23.1458951026407,8.52326230412447,14.6226327985162,"usgs_ws_02037500"
"38",2018,2020,174.459280539129,193.798683771596,NA,1096,1096,0,0,0,1096,NA,NA,NA,NA,NA,"usgs_ws_03208700"
"39",2018,2020,170.155388340216,182.024069204771,164.34071079118,1096,1096,1096,0,0,0,81.2295375412411,0.0523468992114851,-7.83267865420919,-2.01800110517283,9.85067975938205,"usgs_ws_02053800"
"40",2018,2020,183.427658536253,180.373001597677,NA,1096,1096,0,0,0,1096,NA,NA,NA,NA,NA,"usgs_ws_01652500"
"41",2018,2020,150.478732817815,175.191562532799,133.44373741391,1096,1096,1096,0,0,0,440.632653848377,0.13716364787094,-19.5942735075983,-2.55927810369292,22.1535516112912,"usgs_ws_02013000"
"42",2018,2020,187.945867226121,192.471892344109,173.65145239736,1096,1096,1096,0,0,0,96.5040264090923,0.0531899954556111,-11.03828492517,3.25612990359073,7.78215502157929,"usgs_ws_02060500"
"43",2018,2020,173.614990079666,182.554364118272,153.822458556209,1096,1096,1096,0,0,0,216.196518256074,0.0864932862989813,-16.17481236184,3.61771916161709,12.5570932002229,"usgs_ws_02056000"
"44",2018,2020,199.102985216118,201.007850551805,184.575298721094,1096,1096,1096,0,0,0,80.7851577523042,0.0461173398738638,-10.3200794419118,4.20760705311227,6.11247238879955,"usgs_ws_02075045"
"45",2018,2020,160.601576204673,175.789609172259,140.267065901655,1096,1096,1096,0,0,0,317.669955849991,0.112176583987623,-18.619017857874,1.71549244514412,16.9035254127299,"usgs_ws_02016000"
"46",2018,2020,179.492796327707,182.793254177607,150.345207316435,1096,1096,1096,0,0,0,318.891785382295,0.104505184627489,-20.5318786241478,8.61571038712398,11.9161682370239,"usgs_ws_01668000"
"47",2018,2020,190.372819306978,188.268142435514,NA,1096,1096,0,0,0,1096,NA,NA,NA,NA,NA,"usgs_ws_01661800"
"48",2018,2020,184.637579774669,188.062049190477,NA,1096,1096,0,0,0,1096,NA,NA,NA,NA,NA,"usgs_ws_01669000"
"49",2018,2020,212.993452644118,208.928448693566,194.358082118662,1096,1096,1096,0,0,0,96.0161456443547,0.0476996647392335,-11.0685790334534,7.56679149200289,3.50178754145048,"usgs_ws_02073000"
"50",2018,2020,207.794703722985,206.14402702312,201.882299961265,1096,1096,1096,0,0,0,9.30726155980383,0.0148620150900431,-3.39137694119174,2.52102682052794,0.870350120663772,"usgs_ws_02070000"
"51",2018,2020,187.91822574884,190.494425145319,174.648338018559,1096,1096,1096,0,0,0,72.3042001555957,0.0461243216419165,-9.70532495234733,3.5645627779345,6.14076217441286,"usgs_ws_02066000"
"52",2018,2020,160.644141727317,168.960856952916,152.36178699973,1096,1096,1096,0,0,0,68.8823792146756,0.0516604534821256,-8.29380822692445,-0.0114534993370228,8.30526172626151,"usgs_ws_01638420"
"53",2018,2020,142.529357074241,143.531916849643,124.26057103768,1096,1096,1096,0,0,0,117.689739792855,0.0793169338254918,-12.513377282841,5.75540875371954,6.75796852912151,"usgs_ws_01632082"
"54",2018,2020,161.549378175693,177.470230074765,136.377323044605,1096,1096,1096,0,0,0,429.288815484013,0.130749388847709,-22.0883207204159,3.08373441067192,19.004586309744,"usgs_ws_02016500"
"55",2018,2020,193.347139623091,210.708807190667,129.82525908198,1096,1096,1096,0,0,0,1813.10086047609,0.239269644304341,-48.1351428832661,15.3867376578446,32.7484052254214,"usgs_ws_02028500"
"56",2018,2020,148.671324898111,168.835139119017,116.59306296022,1096,1096,1096,0,0,0,694.138135712113,0.182076918472625,-28.1067793655626,3.97148257232837,24.1352967932343,"usgs_ws_01635500"
"57",2018,2020,176.674432393206,185.920839992824,142.05884971084,1096,1096,1096,0,0,0,534.601468239136,0.13744929079029,-26.1591909881165,8.45639169424936,17.7027992938672,"usgs_ws_02029000"
"58",2018,2020,152.877917063781,189.476060258984,NA,1096,1096,0,0,0,1096,NA,NA,NA,NA,NA,"usgs_ws_01620500"
"59",2018,2020,240.042993402279,215.435022410908,NA,1096,1096,0,0,0,1096,NA,NA,NA,NA,NA,"usgs_ws_02071530"
"60",2018,2020,162.357581071891,177.208122687682,144.08193213491,1096,1096,1096,0,0,0,275.313738481451,0.102921504800109,-17.1339464965845,1.14170244039664,15.9922440561878,"usgs_ws_02011460"
"61",2018,2020,168.58757062195,179.927374407773,160.322969622064,1096,1096,1096,0,0,0,96.8712444316977,0.0580282174786871,-9.28966859519804,-1.02506759531246,10.3147361905105,"usgs_ws_01673000"
"62",2018,2020,173.200990147456,173.969957719163,154.5667370093,1096,1096,1096,0,0,0,120.718612509813,0.0656948992234365,-12.6791579493398,5.95509518881664,6.72406276052311,"usgs_ws_01646000"
"63",2018,2020,162.962646881932,161.584446290116,135.19245095664,1096,1096,1096,0,0,0,244.936772713766,0.102126015852714,-18.0540637529226,9.7161321723693,8.33793158055335,"usgs_ws_01643880"
"64",2018,2020,209.780418835617,224.506658782116,191.790970200926,1096,1096,1096,0,0,0,268.466447413913,0.078512315577999,-16.9017124052938,1.08773622939742,15.8139761758964,"usgs_ws_03165500"
"65",2018,2020,161.029664752109,174.587403101084,140.767939531707,1096,1096,1096,0,0,0,289.684315694465,0.107182938807384,-18.0270629299266,2.234662290476,15.7924006394506,"usgs_ws_02011500"
"66",2018,2020,198.179224065893,206.113519925909,154.795281752137,1096,1096,1096,0,0,0,763.113511789591,0.148229838523423,-31.5673934958426,11.8165488179133,19.7508446779293,"usgs_ws_03531500"
"67",2018,2020,169.890487694193,170.952221490873,145.1543303518,1096,1096,1096,0,0,0,213.089324324344,0.0901090637099259,-16.8446828271551,7.89147451523746,8.95320831191765,"usgs_ws_03175500"
"68",2018,2020,191.047840440402,185.553653583099,146.65575635942,1096,1096,1096,0,0,0,585.648271116644,0.138747265551657,-27.7633271015538,16.6287569794282,11.1345701221257,"usgs_ws_01667500"
"69",2018,2020,168.616303721792,178.422874463796,166.99966104591,1096,1096,1096,0,0,0,38.2120280083307,0.036076580313425,-4.34661869792248,-2.72997602204089,7.0765947199634,"usgs_ws_01673800"
"70",2018,2020,183.704924406709,199.486268703422,NA,1096,1096,0,0,0,1096,NA,NA,NA,NA,NA,"usgs_ws_02018500"
"71",2018,2020,183.541414951028,197.176807002186,153.34701587821,1096,1096,1096,0,0,0,503.112706954787,0.125996820836223,-24.674730065598,5.51966900722033,19.1550610583777,"usgs_ws_03524500"
"72",2018,2020,177.906168762818,171.57317410985,NA,1096,1096,0,0,0,1096,NA,NA,NA,NA,NA,"usgs_ws_02079640"
"73",2018,2020,196.57601705395,208.642916545914,139.81198888426,1096,1096,1096,0,0,0,1350.91026002707,0.202308142207137,-41.8649852771149,14.8990428925756,26.9659423845393,"usgs_ws_02027000"
"74",2018,2020,208.4534962842,214.629081614726,182.253025581935,1096,1096,1096,0,0,0,295.468587238882,0.0851884456871375,-19.5255089116854,6.6749617905798,12.8505471211056,"usgs_ws_02056900"
"75",2018,2020,215.958474011098,217.410211456204,197.79475641541,1096,1096,1096,0,0,0,119.465709160474,0.0519518541009397,-12.593057545494,5.57066005019382,7.0223974953002,"usgs_ws_03165000"
"76",2018,2020,163.108862480947,183.41339891967,123.280801479733,1096,1096,1096,0,0,0,935.746319663557,0.195336982559023,-33.3202194803835,6.50784152083017,26.8123779595533,"usgs_ws_03208500"
"77",2018,2020,NA,180.79576698281,NA,1096,0,0,0,1096,1096,NA,NA,NA,NA,NA,"usgs_ws_01654500"
"78",2018,2020,179.112498314881,178.081456670086,156.562377850725,1096,1096,1096,0,0,0,162.106955509187,0.0743472469158395,-14.6897330945057,7.86038736965077,6.82934572485493,"usgs_ws_02030500"
"79",2018,2020,193.003395745678,205.2888900517,174.943755806553,1096,1096,1096,0,0,0,232.985189571687,0.0798825506872147,-16.1349247280906,1.92471521103428,14.2102095170563,"usgs_ws_03171000"
"80",2018,2020,185.912560871505,219.283229217743,NA,1096,1096,0,0,0,1096,NA,NA,NA,NA,NA,"usgs_ws_02024915"
"81",2018,2020,168.646033545293,183.875272440958,147.50410608637,1096,1096,1096,0,0,0,333.628759335446,0.109587474505958,-19.1710312711702,1.9708961877528,17.2001350834174,"usgs_ws_03524000"
"82",2018,2020,168.208730855138,169.934313602761,148.44804437092,1096,1096,1096,0,0,0,142.52035527494,0.0736030060060232,-13.7489852386866,6.01170124553181,7.73728399315482,"usgs_ws_02051500"
"83",2018,2020,175.847441664862,184.051200717626,148.73344788939,1096,1096,1096,0,0,0,341.63566431476,0.109018222967794,-20.8105822012362,6.30341157423595,14.5071706270002,"usgs_ws_01664000"
"84",2018,2020,187.02746533854,195.443661794938,180.45783760466,1096,1096,1096,0,0,0,56.4278830027297,0.0400326682938937,-7.18515064138595,-0.615522907506175,7.80067354889215,"usgs_ws_02074500"
"85",2018,2020,179.732498155054,188.500298720037,161.0927247853,1096,1096,1096,0,0,0,195.915097835196,0.0793290718770648,-15.3491157681636,3.29065760159037,12.0584581665733,"usgs_ws_02055100"
"86",2018,2020,179.69417331581,183.11750079428,173.089232838214,1096,1096,1096,0,0,0,25.9850946560142,0.0285363822792759,-5.54440281122061,1.06053766637555,4.48386514484503,"usgs_ws_02077500"
"87",2018,2020,189.786857285369,186.908124618905,126.18526105339,1096,1096,1096,0,0,0,1290.1193841028,0.214275063024403,-41.4414865991646,22.1601096328144,19.2813769663503,"usgs_ws_02031000"
"88",2018,2020,170.253705982324,179.263972644019,NA,1096,1096,0,0,0,1096,NA,NA,NA,NA,NA,"usgs_ws_01660400"
"89",2018,2020,182.990033407801,178.31230553208,149.36413971171,1096,1096,1096,0,0,0,331.763028217298,0.107003478792117,-20.8580198388205,12.767873857271,8.09014598154954,"usgs_ws_01653000"
"90",2018,2020,156.312277510282,180.409293442958,141.451440556965,1096,1096,1096,0,0,0,386.537492216566,0.123347970019485,-17.9395632797701,-3.07872632645299,21.018289606223,"usgs_ws_02015700"
"91",2018,2020,147.858878899752,148.667847246141,120.68322264922,1096,1096,1096,0,0,0,253.718322710521,0.114536132534553,-18.3867602824843,8.7888959680478,9.59786431443649,"usgs_ws_01621050"
"92",2018,2020,190.464967474848,186.043444882791,183.120507021503,1096,1096,1096,0,0,0,13.6724211872956,0.0198218333273653,-3.42246610487774,3.92199434846742,-0.499528243589651,"usgs_ws_02064000"
"93",2018,2020,193.661870832459,185.602775029155,139.079903843265,1096,1096,1096,0,0,0,868.086281492526,0.17052347129747,-33.7016127250279,20.8803542641657,12.8212584608622,"usgs_ws_01666500"
"94",2018,2020,164.945595809943,167.086123476522,150.86695942087,1096,1096,1096,0,0,0,77.6418573218797,0.0547410590894395,-10.0992668149084,3.97936957416508,6.11989724074337,"usgs_ws_02051000"
"95",2018,2020,169.402592852436,181.969044205952,163.773598772341,1096,1096,1096,0,0,0,86.7792514169171,0.0542499717932633,-7.94147983790188,-2.31248575780663,10.2539655957085,"usgs_ws_01671025"
"96",2018,2020,188.696246446899,192.371258907187,174.358149365198,1096,1096,1096,0,0,0,90.593143313204,0.051409453052241,-10.7837355412297,3.55436154047064,7.22937400075907,"usgs_ws_02062500"
"97",2018,2020,204.312420108582,211.050907585029,NA,1096,1096,0,0,0,1096,NA,NA,NA,NA,NA,"usgs_ws_02027500"
"98",2018,2020,195.224273285865,197.782850702375,181.545349234743,1096,1096,1096,0,0,0,76.2192892506638,0.0455852145922626,-9.97214183958462,3.70678221153756,6.26535962804707,"usgs_ws_02075500"
"99",2018,2020,NA,182.010978728973,NA,1096,0,0,0,1096,1096,NA,NA,NA,NA,NA,"usgs_ws_02011490"
"100",2018,2020,148.009861776385,153.716151218146,112.551676768182,1096,1096,1096,0,0,0,497.393096668489,0.161502625044623,-25.540886486056,9.91729852214746,15.6235879639086,"usgs_ws_01634000"
"101",2018,2020,181.773250643316,179.612910941308,162.789364481012,1096,1096,1096,0,0,0,108.014452825517,0.0594819845675601,-11.9358108741997,7.04807528810412,4.88773558609563,"usgs_ws_02042500"
"102",2018,2020,177.726011486308,183.93129545419,144.148374145916,1096,1096,1096,0,0,0,458.107351050892,0.126946631710632,-24.4535195495557,9.12411779083646,15.3294017587192,"usgs_ws_02035000"
"103",2018,2020,188.416915680312,186.556652814983,178.876646899549,1096,1096,1096,0,0,0,25.5766328664038,0.0273936946535699,-5.74009156539904,3.80017721536365,1.93991435003542,"usgs_ws_02077000"
"104",2018,2020,159.933446046578,175.384734155949,137.634483377699,1096,1096,1096,0,0,0,360.177912361273,0.120382156053088,-20.0164044823763,2.28255818650229,17.733846295874,"usgs_ws_02013100"
"105",2018,2020,202.679503629543,191.133892290691,130.541600019985,1096,1096,1096,0,0,0,1501.43402683139,0.221691464062944,-44.2433986267547,27.894504982803,16.3488936439517,"usgs_ws_01665500"
"106",2018,2020,159.643010805486,167.135491896476,152.36178699973,1096,1096,1096,0,0,0,54.5693082307511,0.0462522418369583,-7.35164290083412,-0.0704190950781651,7.42206199591232,"usgs_ws_01638480"
"107",2018,2020,176.052393567274,200.873573774418,NA,1096,1096,0,0,0,1096,NA,NA,NA,NA,NA,"usgs_ws_01626000"
"108",2018,2020,192.619686355755,195.353260013312,171.63823835389,1096,1096,1096,0,0,0,168.349306250516,0.0695569506216784,-14.8988232204289,6.08262478143632,8.81619843899259,"usgs_ws_02061500"
"109",2018,2020,171.715379996194,183.366955423807,139.683107417026,1096,1096,1096,0,0,0,511.68404553517,0.137158533855344,-25.2387068619829,6.79356571718469,18.4451411447982,"usgs_ws_02025500"
"110",2018,2020,175.29890514257,187.761326709742,154.820516976747,1096,1096,1096,0,0,0,276.628879842234,0.096347454813979,-17.8063992996061,2.67198886621742,15.1344104333887,"usgs_ws_03490000"
"111",2018,2020,184.716247391421,201.165304663557,143.526127372833,1096,1096,1096,0,0,0,881.578705173182,0.168252514550087,-32.9430991031037,8.24702091548406,24.6960781876196,"usgs_ws_03473000"
"112",2018,2020,174.760488845868,173.858867868786,172.179007149842,1096,1096,1096,0,0,0,1.71648336138007,0.00754694947529165,-1.42044747165664,1.16103422436896,0.259413247287711,"usgs_ws_02039500"
"113",2018,2020,181.207769444592,198.164969723935,NA,1096,1096,0,0,0,1096,NA,NA,NA,NA,NA,"usgs_ws_03471500"
"114",2018,2020,157.235978891307,157.251952825884,120.588453569173,1096,1096,1096,0,0,0,447.875590858302,0.145926592045193,-24.437008192948,12.2105171291856,12.2264910637624,"usgs_ws_01632000"
"115",2018,2020,177.998190718844,183.184699213729,136.243385907347,1096,1096,1096,0,0,0,662.30841502362,0.155211061363801,-29.5653727059599,12.1894321055372,17.3759406004227,"usgs_ws_02017500"
"116",2018,2020,175.262922757564,197.76203089853,122.40364483809,1096,1096,1096,0,0,0,1496.53324649023,0.234252032048188,-42.739221326638,10.120056592836,32.6191647338021,"usgs_ws_01626850"
"117",2018,2020,168.215895804329,185.278633060106,130.584191775268,1096,1096,1096,0,0,0,783.127343041857,0.173428894773355,-30.7753817712997,6.85632225776106,23.9190595135386,"usgs_ws_03209200"
"118",2018,2020,188.002839451397,190.349983486735,175.135546707417,1096,1096,1096,0,0,0,67.0925656989593,0.0443966248585632,-9.36057650776587,3.50671623621406,5.85386027155184,"usgs_ws_02079500"
"119",2018,2020,165.635984745814,173.436293551615,149.697473749978,1096,1096,1096,0,0,0,146.402085967472,0.0742660910505946,-13.225776932491,2.71273406334501,10.5130428691459,"usgs_ws_02054500"
"120",2018,2020,176.024668456156,180.164223523345,NA,1096,1096,0,0,0,1096,NA,NA,NA,NA,NA,"usgs_ws_02022500"
"121",2018,2020,171.657526547088,188.622699294391,122.87027107432,1096,1096,1096,0,0,0,1165.23253329108,0.211955712055717,-38.1798945642795,10.6073609084883,27.5725336557913,"usgs_ws_03208950"
"122",2018,2020,157.726454933287,173.71858534417,133.8891667883,1096,1096,1096,0,0,0,401.724520614078,0.12921723575837,-21.2222355669522,2.61505257803475,18.6071829889175,"usgs_ws_01643700"
"123",2018,2020,178.090288933037,187.401484969818,140.37023552992,1096,1096,1096,0,0,0,620.239870707868,0.147696100826993,-28.2504342810047,9.46961912211182,18.7808151588929,"usgs_ws_02018000"
"124",2018,2020,184.522422903812,192.480209824414,192.505843126328,1096,1096,1096,0,0,0,21.1770046981875,0.0242411561583588,2.66968450814289,-5.31373571437217,2.64405120622928,"usgs_ws_02049500"
"125",2018,2020,216.864205483897,211.010663569304,200.006908528607,1096,1096,1096,0,0,0,73.2525064300652,0.0408935317882451,-9.28701733199566,7.57027962329434,1.71673770870134,"usgs_ws_02072500"
"126",2018,2020,159.897952470548,168.351457545208,NA,1096,1096,0,0,0,1096,NA,NA,NA,NA,NA,"usgs_ws_01638350"
"127",2018,2020,171.188803126937,176.680804683693,163.598282240662,1096,1096,1096,0,0,0,43.1550803161283,0.0385317598990354,-6.89101444310148,0.699506443172567,6.19150799992889,"usgs_ws_01674000"
"128",2018,2020,161.424826320063,168.525266611883,119.580416279427,1096,1096,1096,0,0,0,699.494879675518,0.176503918882947,-30.2630867910307,11.5813232496054,18.6817635414253,"usgs_ws_01625000"
"129",2018,2020,194.015556951459,196.690931686306,179.934757554994,1096,1096,1096,0,0,0,81.0326521890301,0.0473247275119932,-10.2789911759255,3.80180822053941,6.47718295538613,"usgs_ws_02076000"
"130",2018,2020,171.207413432961,179.474378896147,158.07557354974,1096,1096,1096,0,0,0,116.449467823577,0.0636325457935564,-11.5102150765426,1.62162480667837,9.88859026986415,"usgs_ws_03521500"
"131",2018,2020,179.911927905458,176.454590087149,NA,1096,1096,0,0,0,1096,NA,NA,NA,NA,NA,"usgs_ws_01654000"
"132",2018,2020,169.402592852436,181.995093020091,163.773598772341,1096,1096,1096,0,0,0,87.0465812411479,0.0543307207543598,-7.95016277594826,-2.321168695853,10.2713314718012,"usgs_ws_01671020"
"133",2018,2020,168.439114985432,178.769418034495,156.880389439774,1096,1096,1096,0,0,0,119.908145024303,0.0651686077956321,-11.1492513801263,0.409474165531805,10.7397772145944,"usgs_ws_01672500"
"134",2018,2020,174.560561092618,187.943153855107,141.53927721857,1096,1096,1096,0,0,0,570.469790772667,0.142157572682183,-26.4750535035282,6.54623037051954,19.9288231330086,"usgs_ws_03209000"
"135",2018,2020,178.653146956031,198.51446046887,NA,1096,1096,0,0,0,1096,NA,NA,NA,NA,NA,"usgs_ws_01636210"
"136",2018,2020,162.036146830035,168.941198223171,153.53018526846,1096,1096,1096,0,0,0,59.5884061865173,0.0477971066828979,-7.97232483876209,0.533636722813384,7.43868811594871,"usgs_ws_01644280"
"137",2018,2020,159.834508458483,170.15890792794,124.962588267163,1096,1096,1096,0,0,0,560.89189218566,0.156167779222833,-26.6894132840328,8.18250690728789,18.5069063767449,"usgs_ws_01631000"
"138",2018,2020,180.514699676267,193.766256427217,166.821077484908,1096,1096,1096,0,0,0,181.526952212735,0.0746986316938773,-13.5462670445562,0.147355146803022,13.3989118977532,"usgs_ws_03170000"
"139",2018,2020,170.022859660051,182.09199494867,163.648789945102,1096,1096,1096,0,0,0,87.7407670249455,0.0544842832397779,-8.27242490617235,-1.8983551912236,10.1707800973959,"usgs_ws_03488000"
"140",2018,2020,162.800448737682,165.81181307049,NA,1096,1096,0,0,0,1096,NA,NA,NA,NA,NA,"usgs_ws_01643805"
"141",2018,2020,185.519265040231,197.165363254211,166.537580863197,1096,1096,1096,0,0,0,238.999498666284,0.0844445564746095,-16.5364888560162,2.44519532101768,14.0912935349986,"usgs_ws_03176500"
"142",2018,2020,171.220197557804,171.038708380848,164.22632883965,1096,1096,1096,0,0,0,15.8926088302439,0.023613048687329,-4.60208275311746,2.3917859650368,2.21029678808065,"usgs_ws_02039000"
"143",2018,2020,198.364024101848,210.379851604168,179.229519183391,1096,1096,1096,0,0,0,246.808766494155,0.0801574458421769,-16.7616124464116,2.37289247204569,14.388719974366,"usgs_ws_03168000"
"144",2018,2020,198.694927662294,176.729664843887,134.74047433462,1096,1096,1096,0,0,0,1055.95616512447,0.191088029705265,-35.314547945647,28.6399053820268,6.67464256362024,"usgs_ws_02032640"
"145",2018,2020,158.699783951068,156.480386500615,NA,1096,1096,0,0,0,1096,NA,NA,NA,NA,NA,"usgs_ws_01615000"
"146",2018,2020,173.634199585706,184.009970437635,143.651675934568,1096,1096,1096,0,0,0,439.233380076527,0.125422316464947,-23.4469393847354,6.53558426640311,16.9113551183323,"usgs_ws_02026000"
"147",2018,2020,212.04700879023,229.368656350714,194.156040670977,1096,1096,1096,0,0,0,310.009086243771,0.0831082066621882,-17.7011945996634,0.189773519589664,17.5114210800737,"usgs_ws_03164000"
"148",2018,2020,171.586878575273,182.675302766081,137.558334426827,1096,1096,1096,0,0,0,552.739300003878,0.14340846454947,-26.3818374958999,7.64670665254587,18.7351308433541,"usgs_ws_02024000"
"149",2018,2020,169.924538610224,182.131501458971,137.817870885731,1096,1096,1096,0,0,0,523.9243181572,0.140175212179884,-25.4734327659107,6.63323495858194,18.8401978073288,"usgs_ws_02024752"
"150",2018,2020,197.786636201475,201.013262026248,186.85286468002,1096,1096,1096,0,0,0,55.0792211499258,0.0380167470763642,-8.36472295589462,2.56904856556082,5.7956743903338,"usgs_ws_02058400"
"151",2018,2020,200.080272864151,206.517413423928,148.318278910725,1096,1096,1096,0,0,0,1017.9800091178,0.172489895712949,-36.6537094888764,15.1082844645495,21.545425024327,"usgs_ws_03529500"
"152",2018,2020,168.907578305935,170.167288872778,166.11891182299,1096,1096,1096,0,0,0,4.29214803376125,0.0123027048976616,-2.27901451091094,0.509651972033737,1.7693625388772,"usgs_ws_02040000"
"153",2018,2020,187.27656402141,180.104131587731,145.34519265959,1096,1096,1096,0,0,0,502.97792111814,0.131223153201739,-25.5634367633205,16.3679345984999,9.19550216482065,"usgs_ws_02034000"
"154",2018,2020,140.745585225037,151.022493468403,121.408469103845,1096,1096,1096,0,0,0,226.088223665279,0.109175342460885,-16.3170468285833,3.02006929260847,13.2969775359748,"usgs_ws_01632900"
"155",2018,2020,161.886694092484,176.450546546574,140.516582178126,1096,1096,1096,0,0,0,326.672879461601,0.113233475177953,-19.1013587609356,2.26875315342292,16.8326056075126,"usgs_ws_03173000"
"156",2018,2020,181.375964498523,185.085585889736,NA,1096,1096,0,0,0,1096,NA,NA,NA,NA,NA,"usgs_ws_01673550"
"157",2018,2020,NA,176.700620430522,NA,1096,0,0,0,1096,1096,NA,NA,NA,NA,NA,"usgs_ws_01645784"
"158",2018,2020,172.127307639862,189.025185540766,152.29550349937,1096,1096,1096,0,0,0,337.984712647129,0.107417074351266,-18.853828727296,0.977975413195736,17.8758533141003,"usgs_ws_03478400"
"159",2018,2020,203.933369983788,205.499728145757,164.8825693515,1096,1096,1096,0,0,0,529.528682738703,0.120203007871048,-26.5559864755153,12.4948141567732,14.0611723187421,"usgs_ws_02061000"
"160",2018,2020,166.089070406699,172.1648249071,160.27680308486,1096,1096,1096,0,0,0,35.3370511692845,0.0357721053472253,-5.90009638135956,-0.0878290595206863,5.98792544088022,"usgs_ws_02046000"
"161",2018,2020,169.228533827132,175.894610190804,165.307302494242,1096,1096,1096,0,0,0,28.6506189190065,0.031459490677853,-4.83617967648436,-0.914948343593778,5.75112802007811,"usgs_ws_02047000"
"162",2018,2020,188.816820593741,188.42598800707,164.949960135923,1096,1096,1096,0,0,0,186.817277138447,0.0756268571453646,-15.780962776322,8.08589768149608,7.69506509482596,"usgs_ws_02059500"
"163",2018,2020,166.877422826903,165.99570637635,159.212890436857,1096,1096,1096,0,0,0,17.5881787877142,0.0255676412447327,-4.81578277651315,2.84874961353285,1.96703316298027,"usgs_ws_02041000"
"164",2018,2020,151.69592862368,154.039656556607,127.59185236413,1096,1096,1096,0,0,0,214.330983258902,0.10135555222629,-16.8506268173424,7.25344944220743,9.59717737513503,"usgs_ws_01616100"
"165",2018,2020,178.656876103733,181.631003471207,161.49773287802,1096,1096,1096,0,0,0,118.105035769493,0.0624832142911153,-12.4308046062998,4.72833861941291,7.70246598688689,"usgs_ws_01674500"
"166",2018,2020,177.935371885559,177.284647740328,NA,1096,1096,0,0,0,1096,NA,NA,NA,NA,NA,"usgs_ws_01658500"
"167",2018,2020,162.486573968783,186.449747555457,119.09926116396,1096,1096,1096,0,0,0,1165.46343632332,0.218822365970786,-36.9125997321068,6.47471307271607,30.4378866593907,"usgs_ws_03207800"
"168",2018,2020,164.168061193032,167.580156837914,NA,1096,1096,0,0,0,1096,NA,NA,NA,NA,NA,"usgs_ws_01643590"
"169",2018,2020,170.111684030865,180.400147264343,151.131330298538,1096,1096,1096,0,0,0,220.461658348108,0.0887958958976527,-16.083056899377,2.8972968329492,13.1857600664278,"usgs_ws_02055000"
"170",2018,2020,160.892315473161,179.471483326932,119.835865236267,1096,1096,1096,0,0,0,931.204088208153,0.198928677050554,-33.5640227758534,7.49242746104107,26.0715953148123,"usgs_ws_02020500"
"171",2018,2020,186.147019908736,194.201875263358,122.88716478423,1096,1096,1096,0,0,0,1525.41298264654,0.23283229579734,-44.8581885345447,18.4016665899616,26.4565219445831,"usgs_ws_02030000"
"172",2018,2020,166.118632861485,183.784345530347,165.45817989855,1096,1096,1096,0,0,0,108.060324829856,0.0605121669691775,-6.32887286491081,-5.66841990197585,11.9972927668867,"usgs_ws_01662800"
"173",2018,2020,164.576860882189,185.348498927061,NA,1096,1096,0,0,0,1096,NA,NA,NA,NA,NA,"usgs_ws_01670300"
"174",2018,2020,165.896475598931,168.49829251641,154.180005993379,1096,1096,1096,0,0,0,58.1764067075913,0.0468342598807036,-8.67825204286143,3.03821756269119,5.64003448017021,"usgs_ws_02045500"
"175",2018,2020,161.605649136147,176.445276481895,144.08193213491,1096,1096,1096,0,0,0,262.446875770269,0.10080341105092,-16.6290204494072,0.894696551829696,15.7343238975775,"usgs_ws_02011470"
"176",2018,2020,155.271199395048,160.246414329234,131.85858695163,1096,1096,1096,0,0,0,229.795321381274,0.101652711805107,-17.2668132736738,6.14579916974395,11.1210141039298,"usgs_ws_01636316"
"177",2018,2020,151.259317836638,169.306531113263,109.55184655954,1096,1096,1096,0,0,0,939.306232249481,0.213765466247666,-33.8207186102736,7.88675266682412,25.9339659434495,"usgs_ws_01634500"
"178",2018,2020,166.117030773419,183.492189058675,150.26648665567,1096,1096,1096,0,0,0,276.180529073246,0.0997368740384465,-16.3587488402515,-0.508204722502143,16.8669535627537,"usgs_ws_03474000"
"179",2018,2020,218.393146520022,211.332898847299,204.61690970567,1096,1096,1096,0,0,0,47.4560513526281,0.0325793888611445,-6.830741985327,6.94549482902482,-0.114752843697858,"usgs_ws_02069700"
"180",2018,2020,158.29541894985,170.13176752004,138.920944308608,1096,1096,1096,0,0,0,248.264150105734,0.101143446945917,-16.8617659508911,2.51270869035048,14.3490572605406,"usgs_ws_01644000"
"181",2018,2020,170.288619630605,170.009025423544,163.47563158388,1096,1096,1096,0,0,0,14.8633690182661,0.0229585660251534,-4.4487939621296,2.36419408459511,2.08459987753452,"usgs_ws_02038000"
"182",2018,2020,153.802617396424,163.655322268963,134.608590030757,1096,1096,1096,0,0,0,218.199855589565,0.0980270944896225,-16.0802532012912,3.11377416437597,12.9664790369152,"usgs_ws_01638500"
"183",2018,2020,180.080283225481,185.701011824546,173.73708200695,1096,1096,1096,0,0,0,35.8274013939143,0.0332830154977165,-6.10237701204244,0.24082420648881,5.86155280555363,"usgs_ws_02077303"
"184",2018,2020,223.187911368597,219.341095403008,191.783783353213,1096,1096,1096,0,0,0,293.403782814916,0.0810122400013737,-19.6538133550595,11.7503146603245,7.90349869473499,"usgs_ws_02068500"
"185",2018,2020,207.516932580399,206.354932708124,190.136769996635,1096,1096,1096,0,0,0,94.4081828129284,0.0482595120291293,-11.1994417650843,6.18072081867962,5.01872094640473,"usgs_ws_02074000"
"186",2018,2020,240.676645262452,256.080808549351,218.034477974775,1096,1096,1096,0,0,0,366.246542707087,0.0803208655447662,-20.2294992874176,2.41266800025906,17.8168312871585,"usgs_ws_03161000"
"187",2018,2020,171.784138081293,175.988755175988,161.54411085582,1096,1096,1096,0,0,0,55.1974520046008,0.0437615397410598,-8.22822384854717,2.01180337692603,6.21642047162112,"usgs_ws_02052500"
