"","start_year","end_year","prism_precip","daymet_precip","nldas_precip","daymet_ndays_with_data","prism_ndays_with_data","nldas2_ndays_with_data","daymet_missing","prism_missing","nldas2_missing","var","CV","nldas2_dif_from_mean","prism_dif_from_mean","daymet_dif_from_mean","hydrocode"
"1",1983,1987,206.417055218994,226.739469736588,204.993332518612,1825,1826,1826,0,0,0,147.987000342595,0.0571887180906913,-7.72328663945288,-6.29956393907068,14.0228505785236,"usgs_ws_02019500"
"2",1983,1987,193.908470463059,207.977526450373,183.792436518203,1825,1826,1826,0,0,0,147.531842362468,0.0622164039175726,-11.4337079590087,-1.31767401415269,12.7513819731613,"usgs_ws_01622000"
"3",1983,1987,202.331282516371,230.903619866038,208.454831069485,1825,1826,1826,0,0,0,226.304071156288,0.0703302801226553,-5.4417467478128,-11.565295300927,17.0070420487397,"usgs_ws_02011400"
"4",1983,1987,197.250342321315,209.528321763498,NA,1825,1826,0,0,0,1826,NA,NA,NA,NA,NA,"usgs_ws_03473500"
"5",1983,1987,222.541657913324,233.133576194253,219.329655839525,1825,1826,1826,0,0,0,52.1756512252696,0.032103196340828,-5.67197414284226,-2.45997206904306,8.13194621188532,"usgs_ws_01670400"
"6",1983,1987,214.778934979059,220.884118064678,216.43742789977,1825,1826,1826,0,0,0,9.96615211661097,0.0145234732795373,-0.929399081399026,-2.58789200210998,3.51729108350898,"usgs_ws_02036500"
"7",1983,1987,212.709659614257,219.712842505498,207.55077743169,1825,1826,1826,0,0,0,37.2624104735546,0.0286150748344588,-5.77364908545832,-0.614766902891603,6.38841598834989,"usgs_ws_01656000"
"8",1983,1987,217.67282960758,228.336594783433,217.542741488765,1825,1826,1826,0,0,0,38.373346598533,0.0280066408282715,-3.64131380449402,-3.51122568567951,7.15253949017352,"usgs_ws_01671100"
"9",1983,1987,208.64144869765,224.690754073306,212.97040240553,1825,1826,1826,0,0,0,68.9477810770678,0.0385429982412395,-2.46379931996529,-6.79275302784575,9.25655234781107,"usgs_ws_02065500"
"10",1983,1987,203.272024080416,231.675816823609,213.75410755314,1825,1826,1826,0,0,0,206.306196550441,0.0664250956699318,-2.47987526591479,-12.9619587386392,15.441834004554,"usgs_ws_02011800"
"11",1983,1987,204.309032351061,231.281406473092,211.29899092929,1825,1826,1826,0,0,0,195.944236278225,0.0649168512561827,-4.33081898852441,-11.3207775667533,15.6515965552777,"usgs_ws_02012500"
"12",1983,1987,211.777893534745,227.206090247495,214.719940751855,1825,1826,1826,0,0,0,67.098137477078,0.0375919967958226,-3.18136742617676,-6.1234146432864,9.30478206946316,"usgs_ws_02047500"
"13",1983,1987,214.262202123215,228.246561116156,211.61472844512,1825,1826,1826,0,0,0,79.8648785528339,0.0409863671594547,-6.42643544971045,-3.77896177161526,10.2053972213257,"usgs_ws_02038850"
"14",1983,1987,217.537896482996,228.815060249098,218.775948060208,1825,1826,1826,0,0,0,38.2484946427398,0.0278947585576917,-2.93368687055934,-4.17173844777128,7.10542531833065,"usgs_ws_02044500"
"15",1983,1987,222.577576717862,228.819720768376,212.96033153395,1825,1826,1826,0,0,0,63.8293323606452,0.036076922140415,-8.49221147277939,1.12503371113283,7.36717776164653,"usgs_ws_02056650"
"16",1983,1987,213.619335857935,223.352814657932,214.82497821015,1825,1826,1826,0,0,0,28.1530295852626,0.0244214462826059,-2.44073136518904,-3.64637371740417,6.08710508259318,"usgs_ws_01669520"
"17",1983,1987,209.557306747848,213.514568271515,NA,1825,1826,0,0,0,1826,NA,NA,NA,NA,NA,"usgs_ws_03177710"
"18",1983,1987,190.592976749712,198.907761652719,194.79524692166,1825,1826,1826,0,0,0,17.2845833324164,0.0213460641280164,0.0299184802962031,-4.1723516916517,4.14243321135547,"usgs_ws_01613900"
"19",1983,1987,211.120228190675,221.980727393187,211.15202620964,1825,1826,1826,0,0,0,39.2020372273935,0.0291554088406103,-3.59896772152763,-3.63076574049259,7.22973346202019,"usgs_ws_02041650"
"20",1983,1987,202.468679451943,226.341671397098,194.154515450144,1825,1826,1826,0,0,0,279.176345902632,0.0804631461661676,-13.5004399829175,-5.186275981119,18.6867159640365,"usgs_ws_01628500"
"21",1983,1987,224.808380581804,238.691268578601,218.56333624686,1825,1826,1826,0,0,0,106.144802971363,0.0453154336858909,-8.79099222222845,-2.5459478872842,11.3369401095127,"usgs_ws_02021500"
"22",1983,1987,240.977705257883,243.133341319075,246.879009955013,1825,1826,1826,0,0,0,8.91703291448979,0.0122551877816743,3.21565777768947,-2.68564691944113,-0.530010858248374,"usgs_ws_02072000"
"23",1983,1987,188.620393170728,197.041040879966,181.027096278201,1825,1826,1826,0,0,0,64.1686478749199,0.0424070708796267,-7.86908049809696,-0.275783605570354,8.14486410366732,"usgs_ws_01633000"
"24",1983,1987,186.826401104421,204.265807792985,186.08284851618,1825,1826,1826,0,0,0,105.88429736042,0.0534846895637879,-6.30883728834866,-5.5652847001073,11.874121988456,"usgs_ws_03167000"
"25",1983,1987,217.068019418424,244.679304467569,215.79191574017,1825,1826,1826,0,0,0,266.415455025103,0.0722714070153647,-10.0544974685511,-8.77839379029666,18.8328912588478,"usgs_ws_03208800"
"26",1983,1987,206.89897396688,210.130984111428,199.266876632927,1825,1826,1826,0,0,0,31.1206050989711,0.0271553455699588,-6.16540160415153,1.46669572980176,4.6987058743498,"usgs_ws_03475000"
"27",1983,1987,248.270147100976,246.848628696895,271.28852838549,1825,1826,1826,0,0,0,188.195881386837,0.0536990592031217,15.8194269910366,-7.1989542934777,-8.62047269755882,"usgs_ws_02032250"
"28",1983,1987,193.561490479601,218.415340683938,203.43081457699,1825,1826,1826,0,0,0,156.608908461454,0.0610051639284212,-1.70506733651979,-11.5743914339085,13.2794587704283,"usgs_ws_02054530"
"29",1983,1987,220.680764535564,227.277783935782,201.49838046261,1825,1826,1826,0,0,0,179.343694520293,0.0618605755265329,-14.9872625153754,4.19512155757897,10.7921409577964,"usgs_ws_02014000"
"30",1983,1987,238.858140225842,227.0295836536,227.02290605687,1825,1826,1826,0,0,0,46.6645938345683,0.029575886837563,-3.9473039219005,7.88793024707104,-3.94062632517057,"usgs_ws_01663500"
"31",1983,1987,204.68885666573,227.298699521784,195.367059003967,1825,1826,1826,0,0,0,269.621761963561,0.0785209650664273,-13.7511460598602,-4.42934839809649,18.1804944579567,"usgs_ws_01629500"
"32",1983,1987,213.371133196816,229.76842993958,205.083509077596,1825,1826,1826,0,0,0,157.816895329019,0.058139797876568,-10.9908483270678,-2.70322420784791,13.6940725349157,"usgs_ws_03527000"
"33",1983,1987,199.042771696292,219.007871980052,NA,1825,1826,0,0,0,1826,NA,NA,NA,NA,NA,"usgs_ws_01636690"
"34",1983,1987,225.07133169547,246.222255267457,224.764205362107,1825,1826,1826,0,0,0,151.317300045533,0.0530176222873689,-7.25505874623775,-6.94793241287479,14.2029911591125,"usgs_ws_02059485"
"35",1983,1987,218.166080594904,226.202081548325,214.57526322716,1825,1826,1826,0,0,0,35.4423641608761,0.0271040673194762,-5.07254522963649,-1.48172786189218,6.55427309152867,"usgs_ws_02052000"
"36",1983,1987,236.144785552491,250.396800987236,209.516019962737,1825,1826,1826,0,0,0,430.574892993223,0.0894335401136966,-22.5031822047511,4.12558338500313,18.377598819748,"usgs_ws_01627500"
"37",1983,1987,218.235512145003,233.23143310471,218.885619308609,1825,1826,1826,0,0,0,71.8504430377241,0.0379343550515472,-4.56523554416535,-5.21534270777059,9.78057825193591,"usgs_ws_02037500"
"38",1983,1987,216.704999172859,250.433094818198,NA,1825,1826,0,0,0,1826,NA,NA,NA,NA,NA,"usgs_ws_03208700"
"39",1983,1987,192.549893968811,227.883849619739,214.8597616935,1825,1826,1826,0,0,0,319.307581024214,0.0843823185279997,3.09525993281667,-19.2146077918724,16.1193478590557,"usgs_ws_02053800"
"40",1983,1987,209.56582149993,219.930792674494,NA,1825,1826,0,0,0,1826,NA,NA,NA,NA,NA,"usgs_ws_01652500"
"41",1983,1987,205.842132117965,222.039639214161,198.957220297733,1825,1826,1826,0,0,0,140.426551656195,0.0567139462268255,-9.98911024555309,-3.10419842532173,13.0933086708748,"usgs_ws_02013000"
"42",1983,1987,217.817448459449,231.407743691502,219.200767378133,1825,1826,1826,0,0,0,55.936661073381,0.0335672850203316,-3.60788579822781,-4.99120471691259,8.5990905151404,"usgs_ws_02060500"
"43",1983,1987,204.449502571907,222.801714356114,206.761947773439,1825,1826,1826,0,0,0,99.904198701526,0.0472949585770675,-4.57577379371438,-6.88821899524615,11.4639927889605,"usgs_ws_02056000"
"44",1983,1987,230.017323016684,234.071198302252,230.910546067264,1825,1826,1826,0,0,0,4.53691246659269,0.00919426957408241,-0.75580972813566,-1.64903277871608,2.40484250685171,"usgs_ws_02075045"
"45",1983,1987,192.951576703134,225.704377035133,204.009481228052,1825,1826,1826,0,0,0,277.615281025022,0.0802764540085788,-3.54566376072057,-14.6035682856395,18.1492320463601,"usgs_ws_02016000"
"46",1983,1987,225.724156800211,228.556728429974,223.374206361289,1825,1826,1826,0,0,0,6.73404401592408,0.0114881612909788,-2.51082416920266,-0.160873730280287,2.67169789948295,"usgs_ws_01668000"
"47",1983,1987,214.899269648948,227.248177484129,NA,1825,1826,0,0,0,1826,NA,NA,NA,NA,NA,"usgs_ws_01661800"
"48",1983,1987,214.313796613608,221.854209986974,NA,1825,1826,0,0,0,1826,NA,NA,NA,NA,NA,"usgs_ws_01669000"
"49",1983,1987,239.871440988938,239.162499564837,242.621830228316,1825,1826,1826,0,0,0,3.33903459169604,0.00759629155277225,2.06990663428562,-0.680482605092607,-1.38942402919298,"usgs_ws_02073000"
"50",1983,1987,235.863596955563,237.433064978948,244.65008880389,1825,1826,1826,0,0,0,21.9585169611538,0.0195808041264784,5.33450522442303,-3.45198662390359,-1.88251860051943,"usgs_ws_02070000"
"51",1983,1987,217.088274581565,230.704344309422,219.006152847171,1825,1826,1826,0,0,0,54.3205492271725,0.033159543244394,-3.26010439888194,-5.1779826644875,8.43808706336944,"usgs_ws_02066000"
"52",1983,1987,201.025167586599,216.466577758783,208.14266357808,1825,1826,1826,0,0,0,59.730574097015,0.0370594502825384,-0.402139396407563,-7.51963538788826,7.92177478429585,"usgs_ws_01638420"
"53",1983,1987,177.859168294009,192.45076016409,176.41050864745,1825,1826,1826,0,0,0,78.71713946528,0.0486844869768561,-5.82963705439963,-4.38097740784099,10.2106144622406,"usgs_ws_01632082"
"54",1983,1987,202.266792002462,226.26532371579,204.642865556728,1825,1826,1826,0,0,0,174.85099112854,0.0626515121776174,-6.41546153493161,-8.79153508919805,15.2069966241297,"usgs_ws_02016500"
"55",1983,1987,255.801716000231,251.751568382517,235.12485531381,1825,1826,1826,0,0,0,120.063975173345,0.0442615861264933,-12.4345245850428,8.24233610137864,4.19218848366418,"usgs_ws_02028500"
"56",1983,1987,197.591148419126,212.691083704809,191.311235853943,1825,1826,1826,0,0,0,120.757206930723,0.0547992572791615,-9.21992013868291,-2.94000757350011,12.159927712183,"usgs_ws_01635500"
"57",1983,1987,217.180869076027,234.076373620529,216.725377472187,1825,1826,1826,0,0,0,97.7871022923769,0.044411647101119,-5.93549591739412,-5.48000431355413,11.4155002309483,"usgs_ws_02029000"
"58",1983,1987,227.648606939107,239.525947376822,NA,1825,1826,0,0,0,1826,NA,NA,NA,NA,NA,"usgs_ws_01620500"
"59",1983,1987,283.551117505547,251.9249149962,NA,1825,1826,0,0,0,1826,NA,NA,NA,NA,NA,"usgs_ws_02071530"
"60",1983,1987,220.976838493448,238.532851104496,219.28869715599,1825,1826,1826,0,0,0,113.566810194718,0.0470984014434886,-6.97743176198776,-5.28929042453026,12.266722186518,"usgs_ws_02011460"
"61",1983,1987,219.453404283219,229.959760015714,218.438180022325,1825,1826,1826,0,0,0,40.6934994369487,0.0286552346758286,-4.1789347514277,-3.1637104905335,7.34264524196121,"usgs_ws_01673000"
"62",1983,1987,202.228481864733,214.718065562825,197.15714189787,1825,1826,1826,0,0,0,81.6823716629162,0.0441513225913572,-7.54408787727252,-2.47274791040954,10.016835787682,"usgs_ws_01646000"
"63",1983,1987,203.590864494119,209.040207360316,203.54045636848,1825,1826,1826,0,0,0,9.9908566041173,0.0153893752970461,-1.85005303915813,-1.79964491351953,3.64969795267768,"usgs_ws_01643880"
"64",1983,1987,231.172459160086,250.687573797485,236.76960735027,1825,1826,1826,0,0,0,100.979592866586,0.0419500938175522,-2.7736060856775,-8.37075427586072,11.1443603615382,"usgs_ws_03165500"
"65",1983,1987,211.368710026498,236.094278538406,216.670771857797,1825,1826,1826,0,0,0,169.456368278597,0.0588023448047203,-4.70714828310355,-10.0092101144018,14.7163583975054,"usgs_ws_02011500"
"66",1983,1987,244.91606788008,268.609967203085,232.98138958941,1825,1826,1826,0,0,0,328.872158967356,0.0728787101908275,-15.8544186347816,-3.91974034411169,19.7741589788933,"usgs_ws_03531500"
"67",1983,1987,200.639481807585,216.041717281978,191.932637108135,1825,1826,1826,0,0,0,149.047624842957,0.06017858380805,-10.9386416244309,-2.23179692498076,13.1704385494116,"usgs_ws_03175500"
"68",1983,1987,233.661227481409,235.374847045717,233.748813232165,1825,1826,1826,0,0,0,0.931358206288245,0.00411962052603813,-0.512816020931865,-0.600401771688183,1.11321779262002,"usgs_ws_01667500"
"69",1983,1987,219.6303941755,237.172321497682,213.57552084253,1825,1826,1826,0,0,0,150.198284402338,0.0548445950350916,-9.88389132937411,-3.82901799640405,13.7129093257781,"usgs_ws_01673800"
"70",1983,1987,226.02582507298,234.84991168572,NA,1825,1826,0,0,0,1826,NA,NA,NA,NA,NA,"usgs_ws_02018500"
"71",1983,1987,229.115156345226,229.944787591434,208.26945104812,1825,1826,1826,0,0,0,150.841988600736,0.0552130990073107,-14.1736806134735,6.67202468363286,7.50165592984061,"usgs_ws_03524500"
"72",1983,1987,220.265955426367,228.960868131636,NA,1825,1826,0,0,0,1826,NA,NA,NA,NA,NA,"usgs_ws_02079640"
"73",1983,1987,263.633630405671,258.037462487329,246.824115568415,1825,1826,1826,0,0,0,73.2693389263522,0.0334149816718958,-9.34095391872313,7.46856091853266,1.87239300019041,"usgs_ws_02027000"
"74",1983,1987,216.053062877949,228.356068866022,218.42367700384,1825,1826,1826,0,0,0,42.6060292967293,0.0295428771594718,-2.52059257876377,-4.89120670465462,7.41179928341839,"usgs_ws_02056900"
"75",1983,1987,245.515576801499,247.468767509772,233.61503953788,1825,1826,1826,0,0,0,56.2272533041431,0.0309599081706405,-8.58475507850375,3.3157821851153,5.26897289338845,"usgs_ws_03165000"
"76",1983,1987,202.217008384822,237.936427933737,204.254170008478,1825,1826,1826,0,0,0,402.420243222672,0.0933900281505462,-10.5483654338675,-12.5855270575241,23.1338924913916,"usgs_ws_03208500"
"77",1983,1987,NA,214.932399689965,NA,1825,0,0,0,1826,1826,NA,NA,NA,NA,NA,"usgs_ws_01654500"
"78",1983,1987,214.947449074761,229.862756820343,216.182344100608,1825,1826,1826,0,0,0,68.5241771754333,0.0375704679866814,-4.14850589796325,-5.38340092380952,9.53190682177274,"usgs_ws_02030500"
"79",1983,1987,216.501282998219,235.101320322511,218.55247684842,1825,1826,1826,0,0,0,104.005500834357,0.0456535018206776,-4.8325498746303,-6.88374372483091,11.7162935994612,"usgs_ws_03171000"
"80",1983,1987,251.007930242055,263.199657160524,NA,1825,1826,0,0,0,1826,NA,NA,NA,NA,NA,"usgs_ws_02024915"
"81",1983,1987,217.987713292892,237.545685046508,204.40895346289,1825,1826,1826,0,0,0,277.489992946819,0.0757249364536603,-15.5718304712067,-1.99307064120504,17.5649011124117,"usgs_ws_03524000"
"82",1983,1987,216.41846945242,221.95720229254,212.34136448532,1825,1826,1826,0,0,0,23.2941138536234,0.0222511353054977,-4.56431425810658,-0.487209291006934,5.05152354911351,"usgs_ws_02051500"
"83",1983,1987,224.893643712872,222.793976720181,220.95702948137,1825,1826,1826,0,0,0,3.87998470767165,0.00883773322132659,-1.92452049010427,2.01209374139728,-0.0875732512929801,"usgs_ws_01664000"
"84",1983,1987,223.485248034146,238.586999069895,229.169365877375,1825,1826,1826,0,0,0,58.1773158250547,0.0331030659889579,-1.24450511643047,-6.92862295965941,8.17312807608985,"usgs_ws_02074500"
"85",1983,1987,220.376142275862,229.321895518842,214.92100188405,1825,1826,1826,0,0,0,52.861799209877,0.0328185543463389,-6.61867800886807,-1.16353761705594,7.78221562592401,"usgs_ws_02055100"
"86",1983,1987,221.034639254119,226.041428372133,220.552586027466,1825,1826,1826,0,0,0,9.23795047836562,0.0136575909698867,-1.99029852377313,-1.50824529712034,3.4985438208935,"usgs_ws_02077500"
"87",1983,1987,226.398808889841,246.092494797934,246.38320785001,1825,1826,1826,0,0,0,131.21699675408,0.0478038875349246,6.75837067074846,-13.2260282894207,6.46765761867226,"usgs_ws_02031000"
"88",1983,1987,209.876593770005,228.282955371548,NA,1825,1826,0,0,0,1826,NA,NA,NA,NA,NA,"usgs_ws_01660400"
"89",1983,1987,206.911358392211,216.127689367306,207.09118663233,1825,1826,1826,0,0,0,27.771912752947,0.0250896055045686,-2.95222483161922,-3.13205307173803,6.08427790335725,"usgs_ws_01653000"
"90",1983,1987,187.239677241078,227.23766379515,202.87675522268,1825,1826,1826,0,0,0,406.301833776434,0.097951549797545,-2.90794353028934,-18.5450215118911,21.4529650421804,"usgs_ws_02015700"
"91",1983,1987,179.790057496437,196.870417224596,179.23767946546,1825,1826,1826,0,0,0,100.492875135807,0.0540995507369108,-6.06170526337101,-5.50932723239359,11.5710324957646,"usgs_ws_01621050"
"92",1983,1987,212.056884464637,224.139307324584,215.716657169347,1825,1826,1826,0,0,0,38.3866523423727,0.0285116160192154,-1.58762581684275,-5.24739852155221,6.83502433839496,"usgs_ws_02064000"
"93",1983,1987,230.851227057062,233.366821142138,233.912222769225,1825,1826,1826,0,0,0,2.66589521426268,0.00701627047804763,1.20213244641664,-1.85886326574615,0.656730819329539,"usgs_ws_01666500"
"94",1983,1987,200.901038712365,199.497797832083,206.798286867865,1825,1826,1826,0,0,0,15.0072934895374,0.0191400354243662,4.39924573042748,-1.49800242507251,-2.901243305355,"usgs_ws_02051000"
"95",1983,1987,221.21592185664,232.056117662578,218.502606672446,1825,1826,1826,0,0,0,51.4282640932491,0.0320256961260639,-5.42227539144179,-2.70896020724845,8.13123559869024,"usgs_ws_01671025"
"96",1983,1987,218.683830763036,232.17895709447,219.857783983732,1825,1826,1826,0,0,0,55.8846512817564,0.0334368918479545,-3.71573996334774,-4.88969318404318,8.60543314739095,"usgs_ws_02062500"
"97",1983,1987,280.502749880994,262.110615125436,NA,1825,1826,0,0,0,1826,NA,NA,NA,NA,NA,"usgs_ws_02027500"
"98",1983,1987,227.737528911578,232.788096205143,228.756921877048,1825,1826,1826,0,0,0,7.13295974472808,0.0116240871987734,-1.00392712087509,-2.02332008634488,3.02724720721994,"usgs_ws_02075500"
"99",1983,1987,NA,251.163664810311,NA,1825,0,0,0,1826,1826,NA,NA,NA,NA,NA,"usgs_ws_02011490"
"100",1983,1987,187.018788980667,197.909132386631,182.913467943419,1825,1826,1826,0,0,0,60.0538654020164,0.040941588910311,-6.36699516015321,-2.26167412290539,8.62866928305857,"usgs_ws_01634000"
"101",1983,1987,212.692115781501,222.211111123794,214.53064734255,1825,1826,1826,0,0,0,25.4968324204275,0.0233254178256818,-1.94731074006515,-3.78584230111377,5.73315304117895,"usgs_ws_02042500"
"102",1983,1987,218.387934198954,234.04713914909,219.112274549867,1825,1826,1826,0,0,0,78.1309248685798,0.0394871781445915,-4.736841416103,-5.46118176701697,10.19802318312,"usgs_ws_02035000"
"103",1983,1987,217.920522860804,230.826219813942,220.64572544784,1825,1826,1826,0,0,0,46.2710347541394,0.0304856205068789,-2.48509725968873,-5.21029984672433,7.69539710641308,"usgs_ws_02077000"
"104",1983,1987,204.11803687564,227.752458825127,207.596459739823,1825,1826,1826,0,0,0,162.824937605881,0.0598637071639314,-5.55919207370704,-9.03761493789031,14.5968070115973,"usgs_ws_02013100"
"105",1983,1987,251.428254685351,244.531258399974,246.563694167945,1825,1826,1826,0,0,0,12.5605503231555,0.0143190945489416,-0.944041583145207,3.92051893426097,-2.97647735111573,"usgs_ws_01665500"
"106",1983,1987,202.203098524306,214.446430290903,208.14266357808,1825,1826,1826,0,0,0,37.4858467574417,0.029398104113777,-0.121400553016343,-6.06096560679003,6.18236615980638,"usgs_ws_01638480"
"107",1983,1987,236.710259045756,253.965076235972,NA,1825,1826,0,0,0,1826,NA,NA,NA,NA,NA,"usgs_ws_01626000"
"108",1983,1987,222.787715346821,241.549652887495,230.65475447476,1825,1826,1826,0,0,0,88.7665693907478,0.0406692431630386,-1.00928642826551,-8.87632555620419,9.8856119844697,"usgs_ws_02061500"
"109",1983,1987,212.569275159991,232.318563611067,211.198690467366,1825,1826,1826,0,0,0,139.660323054912,0.0540376749936012,-7.49681927877523,-6.12623458615033,13.6230538649256,"usgs_ws_02025500"
"110",1983,1987,211.054542298894,220.296750184042,202.683967111306,1825,1826,1826,0,0,0,77.6158438550966,0.0416853100652062,-8.66111942010767,-0.290544232520034,8.95166365262773,"usgs_ws_03490000"
"111",1983,1987,227.786455782224,229.55826010488,213.32468999842,1825,1826,1826,0,0,0,79.3017930907895,0.0398340315387774,-10.231778630088,4.22998715371622,6.00179147637181,"usgs_ws_03473000"
"112",1983,1987,205.813120810051,221.084454639218,208.547000804296,1825,1826,1826,0,0,0,66.3125809012601,0.0384451485266084,-3.26785794689224,-6.00173794113704,9.2695958880293,"usgs_ws_02039500"
"113",1983,1987,234.745258946508,218.814748314547,NA,1825,1826,0,0,0,1826,NA,NA,NA,NA,NA,"usgs_ws_03471500"
"114",1983,1987,194.358452486841,197.921326475616,185.609904691237,1825,1826,1826,0,0,0,40.1337109907906,0.0328875084413631,-7.01998985999441,1.7285579356097,5.29143192438471,"usgs_ws_01632000"
"115",1983,1987,220.507788303555,220.405087837597,205.480151641637,1825,1826,1826,0,0,0,74.7656885803024,0.0401306098967936,-9.98419095262608,5.04344570929226,4.94074524333382,"usgs_ws_02017500"
"116",1983,1987,234.697080430082,252.946740280528,199.56932823982,1825,1826,1826,0,0,0,736.026195793502,0.118434008856727,-29.5017214103234,5.62603077993839,23.875690630385,"usgs_ws_01626850"
"117",1983,1987,204.043789642724,236.23046487478,205.200578918489,1825,1826,1826,0,0,0,333.362341063791,0.0848594493380019,-9.95769889350868,-11.1144881692734,21.0721870627821,"usgs_ws_03209200"
"118",1983,1987,219.861670775804,229.177528409292,221.519286454759,1825,1826,1826,0,0,0,24.6969271701188,0.0222334087597646,-2.00020875852627,-3.65782443748094,5.65803319600721,"usgs_ws_02079500"
"119",1983,1987,192.840765496472,218.169944980758,203.43081457699,1825,1826,1826,0,0,0,161.826406322376,0.0621105523199852,-1.38302710775014,-11.9730761882681,13.3561032960182,"usgs_ws_02054500"
"120",1983,1987,215.441933720761,240.174445046123,NA,1825,1826,0,0,0,1826,NA,NA,NA,NA,NA,"usgs_ws_02022500"
"121",1983,1987,203.834462230777,226.83385034052,208.0352304492,1825,1826,1826,0,0,0,150.001069477635,0.0575266530564086,-4.86595055763237,-9.06671877605515,13.9326693336875,"usgs_ws_03208950"
"122",1983,1987,202.823060212481,204.525724601947,205.88081589999,1825,1826,1826,0,0,0,2.34753471561325,0.00749556123084962,1.47094899518396,-1.58680669232487,0.115857697140939,"usgs_ws_01643700"
"123",1983,1987,222.330919715422,224.02586518785,203.31009797637,1825,1826,1826,0,0,0,132.301251823921,0.0531144272277085,-13.2455296501773,5.77529208887458,7.47023756130272,"usgs_ws_02018000"
"124",1983,1987,215.524704025206,233.527147445262,219.968187680395,1825,1826,1826,0,0,0,87.9463176652506,0.0420524166226614,-3.03849203655918,-7.48197569174818,10.5204677283074,"usgs_ws_02049500"
"125",1983,1987,241.09703317221,241.509442004088,246.879009955013,1825,1826,1826,0,0,0,10.4055994235155,0.0132659437453127,3.7171815779096,-2.06479520489356,-1.65238637301601,"usgs_ws_02072500"
"126",1983,1987,207.701844420398,217.229554399519,NA,1825,1826,0,0,0,1826,NA,NA,NA,NA,NA,"usgs_ws_01638350"
"127",1983,1987,219.16393816125,236.486554868019,212.727922943883,1825,1826,1826,0,0,0,150.994655392403,0.0551543315711206,-10.0648823805014,-3.62886716313372,13.6937495436351,"usgs_ws_01674000"
"128",1983,1987,194.663553722459,232.205569426645,201.730381244058,1825,1826,1826,0,0,0,398.013348186243,0.0952129539225804,-7.80278688699579,-14.8696144085951,22.6724012955909,"usgs_ws_01625000"
"129",1983,1987,226.842058518041,232.264961025126,227.669867892022,1825,1826,1826,0,0,0,8.5346701438144,0.012761418580361,-1.25576125304116,-2.08357062702146,3.33933188006264,"usgs_ws_02076000"
"130",1983,1987,218.14693264593,242.001263285362,198.45142999836,1825,1826,1826,0,0,0,475.588315686907,0.0993379888327667,-21.0817786448572,-1.38627599728756,22.4680546421448,"usgs_ws_03521500"
"131",1983,1987,207.267877623999,214.582005621356,NA,1825,1826,0,0,0,1826,NA,NA,NA,NA,NA,"usgs_ws_01654000"
"132",1983,1987,221.21592185664,232.291604608828,218.502606672446,1825,1826,1826,0,0,0,53.3615486342439,0.0326106642773192,-5.50077104019186,-2.78745585599853,8.2882268961904,"usgs_ws_01671020"
"133",1983,1987,218.847525817071,230.847411693799,218.642024365842,1825,1826,1826,0,0,0,48.8351619544052,0.0313683800252155,-4.13696292639531,-3.93146147516671,8.068424401562,"usgs_ws_01672500"
"134",1983,1987,206.31978411044,233.685495781771,206.620192283505,1825,1826,1826,0,0,0,246.917178967033,0.0729027816534271,-8.921631775067,-9.22203994813248,18.1436717231995,"usgs_ws_03209000"
"135",1983,1987,220.502756471974,214.494244056929,NA,1825,1826,0,0,0,1826,NA,NA,NA,NA,NA,"usgs_ws_01636210"
"136",1983,1987,201.01083505665,212.120216525671,201.38724260732,1825,1826,1826,0,0,0,39.7927947334068,0.0307955992340518,-3.45218878922691,-3.82859633989725,7.28078512912413,"usgs_ws_01644280"
"137",1983,1987,205.615503803872,225.566118854642,197.55131943356,1825,1826,1826,0,0,0,207.981182844303,0.0688124563902278,-12.0263279304643,-3.96214356015284,15.9884714906172,"usgs_ws_01631000"
"138",1983,1987,209.663721085844,235.884203849436,209.122275130692,1825,1826,1826,0,0,0,234.001284804209,0.0700983512048595,-9.10112489129853,-8.55967893614644,17.660803827445,"usgs_ws_03170000"
"139",1983,1987,221.254837968864,219.772058248018,201.96955000838,1825,1826,1826,0,0,0,115.175044506954,0.0500716469584325,-12.362598733374,6.92268922711025,5.43990950626375,"usgs_ws_03488000"
"140",1983,1987,215.870457871502,218.857602509502,NA,1825,1826,0,0,0,1826,NA,NA,NA,NA,NA,"usgs_ws_01643805"
"141",1983,1987,210.02730797027,228.318850654329,210.610981601498,1825,1826,1826,0,0,0,108.081639177123,0.0480597160847591,-5.70806514053413,-6.29173877176243,11.9998039122965,"usgs_ws_03176500"
"142",1983,1987,192.559887422503,217.652108311571,206.40059570823,1825,1826,1826,0,0,0,157.96354847659,0.0611487109589737,0.863065227462101,-12.9776430582652,12.1145778308031,"usgs_ws_02039000"
"143",1983,1987,221.060312897322,238.591812609617,224.953185192019,1825,1826,1826,0,0,0,84.7533491168401,0.0403421858104902,-3.24858504096727,-7.14145733566346,10.3900423766307,"usgs_ws_03168000"
"144",1983,1987,240.45121235043,238.031119188006,240.974069102305,1825,1826,1826,0,0,0,2.46519738264346,0.00654700425318425,1.15526888872469,0.632412136849354,-1.78768102557402,"usgs_ws_02032640"
"145",1983,1987,187.167415006475,190.791690305666,NA,1825,1826,0,0,0,1826,NA,NA,NA,NA,NA,"usgs_ws_01615000"
"146",1983,1987,212.456728103772,232.014892763655,212.607095622668,1825,1826,1826,0,0,0,126.534500853253,0.0513580271694078,-6.41914320736359,-6.56951072625958,12.9886539336231,"usgs_ws_02026000"
"147",1983,1987,233.081209861272,254.777794669187,240.541174183502,1825,1826,1826,0,0,0,121.512370478235,0.0454005859141563,-2.2588853878178,-9.7188497100486,11.9777350978664,"usgs_ws_03164000"
"148",1983,1987,222.191845857056,239.80671754394,221.327038353605,1825,1826,1826,0,0,0,108.75502325685,0.0457844735707815,-6.44816223126222,-5.58335472781064,12.0315169590729,"usgs_ws_02024000"
"149",1983,1987,211.322195349554,231.684841622685,210.307620845804,1825,1826,1826,0,0,0,145.442048801969,0.0553788387134024,-7.46393176021007,-6.44935725646047,13.9132890166706,"usgs_ws_02024752"
"150",1983,1987,226.74652238662,235.036985351662,229.68004866158,1825,1826,1826,0,0,0,17.6723538803586,0.0182389217003593,-0.807803471707388,-3.74132974666713,4.54913321837449,"usgs_ws_02058400"
"151",1983,1987,248.445040554848,260.657354404485,215.854342939235,1825,1826,1826,0,0,0,536.434002831603,0.0958445258804153,-25.7979030269541,6.79279458865869,19.0051084382954,"usgs_ws_03529500"
"152",1983,1987,206.778399410487,219.46579143932,207.96595947407,1825,1826,1826,0,0,0,49.104391771144,0.0331473057516543,-3.43742396722229,-4.62498403080491,8.06240799802723,"usgs_ws_02040000"
"153",1983,1987,232.99675964506,240.88706432922,240.33314910696,1825,1826,1826,0,0,0,19.3977234031655,0.0184997759652077,2.26082474654663,-5.07556471535307,2.81473996880641,"usgs_ws_02034000"
"154",1983,1987,192.263437131706,203.270114301476,178.40887980531,1825,1826,1826,0,0,0,155.196113617218,0.0651168438292881,-12.905263940854,0.949293385541665,11.9559705553123,"usgs_ws_01632900"
"155",1983,1987,187.143488735087,211.021359422016,185.069097575054,1825,1826,1826,0,0,0,207.995950366639,0.074183257735239,-9.34221766899847,-7.26782650896538,16.6100441779638,"usgs_ws_03173000"
"156",1983,1987,213.731991940701,219.167535182428,NA,1825,1826,0,0,0,1826,NA,NA,NA,NA,NA,"usgs_ws_01673550"
"157",1983,1987,NA,217.852348758828,NA,1825,0,0,0,1826,1826,NA,NA,NA,NA,NA,"usgs_ws_01645784"
"158",1983,1987,193.535449178786,213.279165544466,199.11850516173,1825,1826,1826,0,0,0,103.584858752057,0.0503900399218046,-2.85920146659728,-8.44225744954176,11.3014589161391,"usgs_ws_03478400"
"159",1983,1987,236.345991156359,254.06548202944,241.48724851328,1825,1826,1826,0,0,0,83.1041403997304,0.037366429114385,-2.47899205307957,-7.62024941000107,10.0992414630807,"usgs_ws_02061000"
"160",1983,1987,217.086632881353,236.931698897477,219.405356667805,1825,1826,1826,0,0,0,117.729299522297,0.048336493905694,-5.06920614773986,-7.38792993419233,12.4571360819322,"usgs_ws_02046000"
"161",1983,1987,219.915660742409,234.112374642619,222.004513110719,1825,1826,1826,0,0,0,58.7517167761108,0.0340144873116266,-3.33966972119651,-5.42852208950669,8.7681918107032,"usgs_ws_02047000"
"162",1983,1987,223.263046226113,242.783449895414,224.57992048569,1825,1826,1826,0,0,0,119.024800033123,0.047391101038397,-5.62888505004901,-6.94575930962648,12.5746443596755,"usgs_ws_02059500"
"163",1983,1987,219.248635530059,226.307384365286,213.127885430203,1825,1826,1826,0,0,0,43.498118180594,0.0300385826824152,-6.43341634497946,-0.312666245124177,6.74608259010361,"usgs_ws_02041000"
"164",1983,1987,182.134291362083,193.788573054114,188.96529101758,1825,1826,1826,0,0,0,34.2914812757577,0.031099392744464,0.669239206321009,-6.1617604491758,5.49252124285479,"usgs_ws_01616100"
"165",1983,1987,217.82767834847,230.566970096422,215.03230044093,1825,1826,1826,0,0,0,68.571608865112,0.0374455587564244,-6.11001585434403,-3.31463794680408,9.42465380114808,"usgs_ws_01674500"
"166",1983,1987,204.773693816923,221.79980109427,NA,1825,1826,0,0,0,1826,NA,NA,NA,NA,NA,"usgs_ws_01658500"
"167",1983,1987,205.822218344704,241.819024601392,210.961283866538,1825,1826,1826,0,0,0,379.063369729787,0.0886857353963562,-8.57289173767316,-13.7119572595076,22.2848489971807,"usgs_ws_03207800"
"168",1983,1987,194.356503170029,219.393860645555,NA,1825,1826,0,0,0,1826,NA,NA,NA,NA,NA,"usgs_ws_01643590"
"169",1983,1987,198.921619483609,220.111909162177,203.995544540737,1825,1826,1826,0,0,0,122.418383459705,0.0532765706110859,-3.68081318810422,-8.75473824523226,12.4355514333365,"usgs_ws_02055000"
"170",1983,1987,219.613302399064,235.202437725796,215.3523210146,1825,1826,1826,0,0,0,109.200706007001,0.0467789265198388,-8.03703269855325,-3.77605131408939,11.8130840126426,"usgs_ws_02020500"
"171",1983,1987,230.650414928957,246.294165833998,240.41711407714,1825,1826,1826,0,0,0,62.4425153304753,0.0330463323641629,1.29654913044152,-8.47015001774102,7.17360088729947,"usgs_ws_02030000"
"172",1983,1987,205.260517552389,215.553648251256,216.68492803342,1825,1826,1826,0,0,0,39.6242480614292,0.0296225335376303,4.18523008773172,-7.23918039329922,3.05395030556747,"usgs_ws_01662800"
"173",1983,1987,220.881379370571,232.59330149746,NA,1825,1826,0,0,0,1826,NA,NA,NA,NA,NA,"usgs_ws_01670300"
"174",1983,1987,219.419131490575,231.831966158323,220.678376056023,1825,1826,1826,0,0,0,46.6777889224341,0.0305037126451773,-3.29811517895129,-4.55735974439841,7.8554749233497,"usgs_ws_02045500"
"175",1983,1987,219.239681799267,238.266206113357,219.28869715599,1825,1826,1826,0,0,0,120.359479367797,0.0486300291207968,-6.30949786688115,-6.35851322360438,12.6680110904855,"usgs_ws_02011470"
"176",1983,1987,184.380808254424,192.209511860539,190.60830371583,1825,1826,1826,0,0,0,17.1056945661534,0.0218754221535074,1.54209577223216,-4.68539968917381,3.14330391694162,"usgs_ws_01636316"
"177",1983,1987,197.208481934715,206.722938958338,187.73727066941,1825,1826,1826,0,0,0,90.1140559439383,0.0481325570643076,-9.48562651807765,-0.0144152527729773,9.5000417708506,"usgs_ws_01634500"
"178",1983,1987,208.545581178714,210.593354652189,200.81069505189,1825,1826,1826,0,0,0,26.6203780748203,0.0249673217838952,-5.83918190904095,1.89570421778291,3.94347769125801,"usgs_ws_03474000"
"179",1983,1987,255.196147238866,243.336233385673,250.3947808824,1825,1826,1826,0,0,0,35.5889613762857,0.0238967769585733,0.752393713420219,5.55376006988641,-6.30615378330663,"usgs_ws_02069700"
"180",1983,1987,207.042781228405,210.041373824454,207.09079686834,1825,1826,1826,0,0,0,2.94996123878464,0.00825511396083141,-0.967520438726439,-1.01553607866117,1.98305651738758,"usgs_ws_01644000"
"181",1983,1987,212.34870535349,225.841645250026,216.16727814759,1825,1826,1826,0,0,0,48.3723840113487,0.0318863516093464,-1.95193143611203,-5.77050423021225,7.72243566632429,"usgs_ws_02038000"
"182",1983,1987,193.760842589398,211.463308366882,192.637842539426,1825,1826,1826,0,0,0,111.50609788932,0.052987034944516,-6.64948862580923,-5.52648857583725,12.1759772016465,"usgs_ws_01638500"
"183",1983,1987,220.821962912534,227.816353846376,220.34906780733,1825,1826,1826,0,0,0,17.4842491841434,0.0187511030376809,-2.64672704808328,-2.17383194287919,4.8205589909625,"usgs_ws_02077303"
"184",1983,1987,230.947062759305,232.308988475939,NA,1825,1826,NA,0,0,NA,NA,NA,NA,NA,NA,"usgs_ws_02071000"
"185",1983,1987,256.74082330798,246.308409370641,240.491615429707,1825,1826,1826,0,0,0,67.7845181637727,0.0332186270584825,-7.35533393973583,8.89387393853781,-1.53853999880195,"usgs_ws_02068500"
"186",1983,1987,235.898641815033,238.327062265028,237.87249852982,1825,1826,1826,0,0,0,1.66666073363794,0.00543882351963558,0.506430993192907,-1.46742572159383,0.96099472840092,"usgs_ws_02074000"
"187",1983,1987,257.726055432074,279.147293227751,263.373325292385,1825,1826,1826,0,0,0,123.263191666682,0.0416211505421665,-3.37556602501854,-9.02283588532936,12.3984019103478,"usgs_ws_03161000"
"188",1983,1987,225.067509850524,241.474086464468,224.73342450559,1825,1826,1826,0,0,0,91.5895220047283,0.041532998558129,-5.69158243460399,-5.35749708967035,11.0490795242743,"usgs_ws_02052500"
