"","start_year","end_year","prism_precip","daymet_precip","nldas_precip","CV","var","hydrocode","gage","area"
"1",1983,1987,206.417055218994,226.739469736588,204.993332518612,0.0571887180906913,147.987000342595,"usgs_ws_02019500","02019500",5365784522.49612
"2",1983,1987,193.908470463059,207.977526450373,183.792436518203,0.0622164039175726,147.531842362468,"usgs_ws_01622000","01622000",971856267.58662
"3",1983,1987,202.331282516371,230.903619866038,208.454831069485,0.0703302801226553,226.304071156288,"usgs_ws_02011400","02011400",407332735.234042
"4",1983,1987,197.250342321315,209.528321763498,NA,NA,NA,"usgs_ws_03473500","03473500",19156091.5240318
"5",1983,1987,222.541657913324,233.133576194253,219.329655839525,0.032103196340828,52.1756512252696,"usgs_ws_01670400","01670400",886099663.319639
"6",1983,1987,214.778934979059,220.884118064678,216.43742789977,0.0145234732795373,9.96615211661097,"usgs_ws_02036500","02036500",57886589.7215646
"7",1983,1987,212.709659614257,219.712842505498,207.55077743169,0.0286150748344588,37.2624104735546,"usgs_ws_01656000","01656000",241631463.662678
"8",1983,1987,217.67282960758,228.336594783433,217.542741488765,0.0280066408282715,38.373346598533,"usgs_ws_01671100","01671100",276332504.781457
"9",1983,1987,208.64144869765,224.690754073306,212.97040240553,0.0385429982412395,68.9477810770678,"usgs_ws_02065500","02065500",252647034.169526
"10",1983,1987,203.272024080416,231.675816823609,213.75410755314,0.0664250956699318,206.306196550441,"usgs_ws_02011800","02011800",893169520.411534
"11",1983,1987,204.309032351061,231.281406473092,211.29899092929,0.0649168512561827,195.944236278225,"usgs_ws_02012500","02012500",1061345672.12231
"12",1983,1987,211.777893534745,227.206090247495,214.719940751855,0.0375919967958226,67.098137477078,"usgs_ws_02047500","02047500",749848252.778392
"13",1983,1987,214.262202123215,228.246561116156,211.61472844512,0.0409863671594547,79.8648785528339,"usgs_ws_02038850","02038850",22096843.5505302
"14",1983,1987,217.537896482996,228.815060249098,218.775948060208,0.0278947585576917,38.2484946427398,"usgs_ws_02044500","02044500",820524386.158795
"15",1983,1987,222.577576717862,228.819720768376,212.96033153395,0.036076922140415,63.8293323606452,"usgs_ws_02056650","02056650",144486541.602307
"16",1983,1987,213.619335857935,223.352814657932,214.82497821015,0.0244214462826059,28.1530295852626,"usgs_ws_01669520","01669520",282985893.809692
"17",1983,1987,209.557306747848,213.514568271515,NA,NA,NA,"usgs_ws_03177710","03177710",114620314.0111
"18",1983,1987,190.592976749712,198.907761652719,194.79524692166,0.0213460641280164,17.2845833324164,"usgs_ws_01613900","01613900",41272610.2911715
"19",1983,1987,211.120228190675,221.980727393187,211.15202620964,0.0291554088406103,39.2020372273935,"usgs_ws_02041650","02041650",3475473272.4327
"20",1983,1987,202.468679451943,226.341671397098,194.154515450144,0.0804631461661676,279.176345902632,"usgs_ws_01628500","01628500",2793593902.13781
"21",1983,1987,224.808380581804,238.691268578601,218.56333624686,0.0453154336858909,106.144802971363,"usgs_ws_02021500","02021500",851391440.152936
"22",1983,1987,240.977705257883,243.133341319075,246.879009955013,0.0122551877816743,8.91703291448979,"usgs_ws_02072000","02072000",556864395.508404
"23",1983,1987,188.620393170728,197.041040879966,181.027096278201,0.0424070708796267,64.1686478749199,"usgs_ws_01633000","01633000",1315748433.86932
"24",1983,1987,186.826401104421,204.265807792985,186.08284851618,0.0534846895637879,105.88429736042,"usgs_ws_03167000","03167000",667477710.26182
"25",1983,1987,217.068019418424,244.679304467569,215.79191574017,0.0722714070153647,266.415455025103,"usgs_ws_03208800","03208800",95043793.8748591
"26",1983,1987,206.89897396688,210.130984111428,199.266876632927,0.0271553455699588,31.1206050989711,"usgs_ws_03475000","03475000",534069647.552109
"27",1983,1987,248.270147100976,246.848628696895,271.28852838549,0.0536990592031217,188.195881386837,"usgs_ws_02032250","02032250",199283814.488085
"28",1983,1987,193.561490479601,218.415340683938,203.43081457699,0.0610051639284212,156.608908461454,"usgs_ws_02054530","02054530",727631546.04281
"29",1983,1987,220.680764535564,227.277783935782,201.49838046261,0.0618605755265329,179.343694520293,"usgs_ws_02014000","02014000",396744127.706971
"30",1983,1987,238.858140225842,227.0295836536,227.02290605687,0.029575886837563,46.6645938345683,"usgs_ws_01663500","01663500",738284290.783199
"31",1983,1987,204.68885666573,227.298699521784,195.367059003967,0.0785209650664273,269.621761963561,"usgs_ws_01629500","01629500",3551793889.98061
"32",1983,1987,213.371133196816,229.76842993958,205.083509077596,0.058139797876568,157.816895329019,"usgs_ws_03527000","03527000",2907445818.5179
"33",1983,1987,199.042771696292,219.007871980052,NA,NA,NA,"usgs_ws_01636690","01636690",34994960.5588756
"34",1983,1987,225.07133169547,246.222255267457,224.764205362107,0.0530176222873689,151.317300045533,"usgs_ws_02059485","02059485",322836034.276773
"35",1983,1987,218.166080594904,226.202081548325,214.57526322716,0.0271040673194762,35.4423641608761,"usgs_ws_02052000","02052000",1927152204.95598
"36",1983,1987,236.144785552491,250.396800987236,209.516019962737,0.0894335401136966,430.574892993223,"usgs_ws_01627500","01627500",547846787.671377
"37",1983,1987,218.235512145003,233.23143310471,218.885619308609,0.0379343550515472,71.8504430377241,"usgs_ws_02037500","02037500",17481116130.8158
"38",1983,1987,216.704999172859,250.433094818198,NA,NA,NA,"usgs_ws_03208700","03208700",48019209.6942083
"39",1983,1987,192.549893968811,227.883849619739,214.8597616935,0.0843823185279997,319.307581024214,"usgs_ws_02053800","02053800",283413786.56914
"40",1983,1987,209.56582149993,219.930792674494,NA,NA,NA,"usgs_ws_01652500","01652500",32594846.5125465
"41",1983,1987,205.842132117965,222.039639214161,198.957220297733,0.0567139462268255,140.426551656195,"usgs_ws_02013000","02013000",419461445.677496
"42",1983,1987,217.817448459449,231.407743691502,219.200767378133,0.0335672850203316,55.936661073381,"usgs_ws_02060500","02060500",4613442943.13841
"43",1983,1987,204.449502571907,222.801714356114,206.761947773439,0.0472949585770675,99.904198701526,"usgs_ws_02056000","02056000",1318896498.48103
"44",1983,1987,230.017323016684,234.071198302252,230.910546067264,0.00919426957408241,4.53691246659269,"usgs_ws_02075045","02075045",5478165059.84464
"45",1983,1987,192.951576703134,225.704377035133,204.009481228052,0.0802764540085788,277.615281025022,"usgs_ws_02016000","02016000",1193758746.06934
"46",1983,1987,225.724156800211,228.556728429974,223.374206361289,0.0114881612909788,6.73404401592408,"usgs_ws_01668000","01668000",4127911829.04237
"47",1983,1987,214.899269648948,227.248177484129,NA,NA,NA,"usgs_ws_01661800","01661800",17521831.4954999
"48",1983,1987,214.313796613608,221.854209986974,NA,NA,NA,"usgs_ws_01669000","01669000",72345930.9029209
"49",1983,1987,239.871440988938,239.162499564837,242.621830228316,0.00759629155277225,3.33903459169604,"usgs_ws_02073000","02073000",981525405.804484
"50",1983,1987,235.863596955563,237.433064978948,244.65008880389,0.0195808041264784,21.9585169611538,"usgs_ws_02070000","02070000",278486436.590555
"51",1983,1987,217.088274581565,230.704344309422,219.006152847171,0.033159543244394,54.3205492271725,"usgs_ws_02066000","02066000",7678558027.17106
"52",1983,1987,201.025167586599,216.466577758783,208.14266357808,0.0370594502825384,59.730574097015,"usgs_ws_01638420","01638420",59861189.5381482
"53",1983,1987,177.859168294009,192.45076016409,176.41050864745,0.0486844869768561,78.71713946528,"usgs_ws_01632082","01632082",118181776.223707
"54",1983,1987,202.266792002462,226.26532371579,204.642865556728,0.0626515121776174,174.85099112854,"usgs_ws_02016500","02016500",3549379261.86498
"55",1983,1987,255.801716000231,251.751568382517,235.12485531381,0.0442615861264933,120.063975173345,"usgs_ws_02028500","02028500",245393985.112639
"56",1983,1987,197.591148419126,212.691083704809,191.311235853943,0.0547992572791615,120.757206930723,"usgs_ws_01635500","01635500",223978841.944323
"57",1983,1987,217.180869076027,234.076373620529,216.725377472187,0.044411647101119,97.7871022923769,"usgs_ws_02029000","02029000",11857653436.5887
"58",1983,1987,227.648606939107,239.525947376822,NA,NA,NA,"usgs_ws_01620500","01620500",44659598.0088622
"59",1983,1987,283.551117505547,251.9249149962,NA,NA,NA,"usgs_ws_02071530","02071530",68186938.410185
"60",1983,1987,220.976838493448,238.532851104496,219.28869715599,0.0470984014434886,113.566810194718,"usgs_ws_02011460","02011460",157590657.587209
"61",1983,1987,219.453404283219,229.959760015714,218.438180022325,0.0286552346758286,40.6934994369487,"usgs_ws_01673000","01673000",2791506385.69128
"62",1983,1987,202.228481864733,214.718065562825,197.15714189787,0.0441513225913572,81.6823716629162,"usgs_ws_01646000","01646000",149646365.087063
"63",1983,1987,203.590864494119,209.040207360316,203.54045636848,0.0153893752970461,9.9908566041173,"usgs_ws_01643880","01643880",122168130.457453
"64",1983,1987,231.172459160086,250.687573797485,236.76960735027,0.0419500938175522,100.979592866586,"usgs_ws_03165500","03165500",3496114159.10409
"65",1983,1987,211.368710026498,236.094278538406,216.670771857797,0.0588023448047203,169.456368278597,"usgs_ws_02011500","02011500",346648774.053348
"66",1983,1987,244.91606788008,268.609967203085,232.98138958941,0.0728787101908275,328.872158967356,"usgs_ws_03531500","03531500",826493815.399906
"67",1983,1987,200.639481807585,216.041717281978,191.932637108135,0.06017858380805,149.047624842957,"usgs_ws_03175500","03175500",578022259.33723
"68",1983,1987,233.661227481409,235.374847045717,233.748813232165,0.00411962052603813,0.931358206288245,"usgs_ws_01667500","01667500",1210019740.46022
"69",1983,1987,219.6303941755,237.172321497682,213.57552084253,0.0548445950350916,150.198284402338,"usgs_ws_01673800","01673800",200730882.143942
"70",1983,1987,226.02582507298,234.84991168572,NA,NA,NA,"usgs_ws_02018500","02018500",88676820.5584542
"71",1983,1987,229.115156345226,229.944787591434,208.26945104812,0.0552130990073107,150.841988600736,"usgs_ws_03524500","03524500",225654466.800083
"72",1983,1987,220.265955426367,228.960868131636,NA,NA,NA,"usgs_ws_02079640","02079640",138607271.447473
"73",1983,1987,263.633630405671,258.037462487329,246.824115568415,0.0334149816718958,73.2693389263522,"usgs_ws_02027000","02027000",240729505.758264
"74",1983,1987,216.053062877949,228.356068866022,218.42367700384,0.0295428771594718,42.6060292967293,"usgs_ws_02056900","02056900",297708998.721141
"75",1983,1987,245.515576801499,247.468767509772,233.61503953788,0.0309599081706405,56.2272533041431,"usgs_ws_03165000","03165000",102072840.922244
"76",1983,1987,202.217008384822,237.936427933737,204.254170008478,0.0933900281505462,402.420243222672,"usgs_ws_03208500","03208500",740436166.079864
"77",1983,1987,NA,214.932399689965,NA,NA,NA,"usgs_ws_01654500","01654500",9615198.40411969
"78",1983,1987,214.947449074761,229.862756820343,216.182344100608,0.0375704679866814,68.5241771754333,"usgs_ws_02030500","02030500",586227939.031891
"79",1983,1987,216.501282998219,235.101320322511,218.55247684842,0.0456535018206776,104.005500834357,"usgs_ws_03171000","03171000",7164832865.49279
"80",1983,1987,251.007930242055,263.199657160524,NA,NA,NA,"usgs_ws_02024915","02024915",70184162.7172679
"81",1983,1987,217.987713292892,237.545685046508,204.40895346289,0.0757249364536603,277.489992946819,"usgs_ws_03524000","03524000",1380470168.15182
"82",1983,1987,216.41846945242,221.95720229254,212.34136448532,0.0222511353054977,23.2941138536234,"usgs_ws_02051500","02051500",1429637356.96726
"83",1983,1987,224.893643712872,222.793976720181,220.95702948137,0.00883773322132659,3.87998470767165,"usgs_ws_01664000","01664000",1603218330.32013
"84",1983,1987,223.485248034146,238.586999069895,229.169365877375,0.0331030659889579,58.1773158250547,"usgs_ws_02074500","02074500",288622122.537259
"85",1983,1987,220.376142275862,229.321895518842,214.92100188405,0.0328185543463389,52.861799209877,"usgs_ws_02055100","02055100",30260425.2791649
"86",1983,1987,221.034639254119,226.041428372133,220.552586027466,0.0136575909698867,9.23795047836562,"usgs_ws_02077500","02077500",746336122.351962
"87",1983,1987,226.398808889841,246.092494797934,246.38320785001,0.0478038875349246,131.21699675408,"usgs_ws_02031000","02031000",246607887.90553
"88",1983,1987,209.876593770005,228.282955371548,NA,NA,NA,"usgs_ws_01660400","01660400",90667126.4938592
"89",1983,1987,206.911358392211,216.127689367306,207.09118663233,0.0250896055045686,27.771912752947,"usgs_ws_01653000","01653000",87625394.9855376
"90",1983,1987,187.239677241078,227.23766379515,202.87675522268,0.097951549797545,406.301833776434,"usgs_ws_02015700","02015700",283788240.656139
"91",1983,1987,179.790057496437,196.870417224596,179.23767946546,0.0540995507369108,100.492875135807,"usgs_ws_01621050","01621050",37059064.7025727
"92",1983,1987,212.056884464637,224.139307324584,215.716657169347,0.0285116160192154,38.3866523423727,"usgs_ws_02064000","02064000",427385214.956092
"93",1983,1987,230.851227057062,233.366821142138,233.912222769225,0.00701627047804763,2.66589521426268,"usgs_ws_01666500","01666500",464293046.257376
"94",1983,1987,200.901038712365,199.497797832083,206.798286867865,0.0191400354243662,15.0072934895374,"usgs_ws_02051000","02051000",144937406.448347
"95",1983,1987,221.21592185664,232.056117662578,218.502606672446,0.0320256961260639,51.4282640932491,"usgs_ws_01671025","01671025",1207710904.84417
"96",1983,1987,218.683830763036,232.17895709447,219.857783983732,0.0334368918479545,55.8846512817564,"usgs_ws_02062500","02062500",6223099594.926
"97",1983,1987,280.502749880994,262.110615125436,NA,NA,NA,"usgs_ws_02027500","02027500",123527986.977875
"98",1983,1987,227.737528911578,232.788096205143,228.756921877048,0.0116240871987734,7.13295974472808,"usgs_ws_02075500","02075500",6698712228.55323
"99",1983,1987,NA,251.163664810311,NA,NA,NA,"usgs_ws_02011490","02011490",12689912.2379998
"100",1983,1987,187.018788980667,197.909132386631,182.913467943419,0.040941588910311,60.0538654020164,"usgs_ws_01634000","01634000",1994017493.52069
"101",1983,1987,212.692115781501,222.211111123794,214.53064734255,0.0233254178256818,25.4968324204275,"usgs_ws_02042500","02042500",651065126.134058
"102",1983,1987,218.387934198954,234.04713914909,219.112274549867,0.0394871781445915,78.1309248685798,"usgs_ws_02035000","02035000",16184361368.2907
"103",1983,1987,217.920522860804,230.826219813942,220.64572544784,0.0304856205068789,46.2710347541394,"usgs_ws_02077000","02077000",1416008028.38206
"104",1983,1987,204.11803687564,227.752458825127,207.596459739823,0.0598637071639314,162.824937605881,"usgs_ws_02013100","02013100",1583226778.02646
"105",1983,1987,251.428254685351,244.531258399974,246.563694167945,0.0143190945489416,12.5605503231555,"usgs_ws_01665500","01665500",296487823.971996
"106",1983,1987,202.203098524306,214.446430290903,208.14266357808,0.029398104113777,37.4858467574417,"usgs_ws_01638480","01638480",231530033.229766
"107",1983,1987,236.710259045756,253.965076235972,NA,NA,NA,"usgs_ws_01626000","01626000",328514897.362503
"108",1983,1987,222.787715346821,241.549652887495,230.65475447476,0.0406692431630386,88.7665693907478,"usgs_ws_02061500","02061500",814828423.80029
"109",1983,1987,212.569275159991,232.318563611067,211.198690467366,0.0540376749936012,139.660323054912,"usgs_ws_02025500","02025500",8428090228.51836
"110",1983,1987,211.054542298894,220.296750184042,202.683967111306,0.0416853100652062,77.6158438550966,"usgs_ws_03490000","03490000",1738263722.03573
"111",1983,1987,227.786455782224,229.55826010488,213.32468999842,0.0398340315387774,79.3017930907895,"usgs_ws_03473000","03473000",785212583.985672
"112",1983,1987,205.813120810051,221.084454639218,208.547000804296,0.0384451485266084,66.3125809012601,"usgs_ws_02039500","02039500",782176002.350829
"113",1983,1987,234.745258946508,218.814748314547,NA,NA,NA,"usgs_ws_03471500","03471500",198287155.934274
"114",1983,1987,194.358452486841,197.921326475616,185.609904691237,0.0328875084413631,40.1337109907906,"usgs_ws_01632000","01632000",542767682.476967
"115",1983,1987,220.507788303555,220.405087837597,205.480151641637,0.0401306098967936,74.7656885803024,"usgs_ws_02017500","02017500",271938885.682366
"116",1983,1987,234.697080430082,252.946740280528,199.56932823982,0.118434008856727,736.026195793502,"usgs_ws_01626850","01626850",382484766.219302
"117",1983,1987,204.043789642724,236.23046487478,205.200578918489,0.0848594493380019,333.362341063791,"usgs_ws_03209200","03209200",1362554358.44218
"118",1983,1987,219.861670775804,229.177528409292,221.519286454759,0.0222334087597646,24.6969271701188,"usgs_ws_02079500","02079500",20366675573.7567
"119",1983,1987,192.840765496472,218.169944980758,203.43081457699,0.0621105523199852,161.826406322376,"usgs_ws_02054500","02054500",658458238.142593
"120",1983,1987,215.441933720761,240.174445046123,NA,NA,NA,"usgs_ws_02022500","02022500",90906193.368695
"121",1983,1987,203.834462230777,226.83385034052,208.0352304492,0.0575266530564086,150.001069477635,"usgs_ws_03208950","03208950",172188912.950058
"122",1983,1987,202.823060212481,204.525724601947,205.88081589999,0.00749556123084962,2.34753471561325,"usgs_ws_01643700","01643700",315311574.332072
"123",1983,1987,222.330919715422,224.02586518785,203.31009797637,0.0531144272277085,132.301251823921,"usgs_ws_02018000","02018000",851865579.038167
"124",1983,1987,215.524704025206,233.527147445262,219.968187680395,0.0420524166226614,87.9463176652506,"usgs_ws_02049500","02049500",1587615689.12163
"125",1983,1987,241.09703317221,241.509442004088,246.879009955013,0.0132659437453127,10.4055994235155,"usgs_ws_02072500","02072500",669886699.671033
"126",1983,1987,207.701844420398,217.229554399519,NA,NA,NA,"usgs_ws_01638350","01638350",81829833.9597626
"127",1983,1987,219.16393816125,236.486554868019,212.727922943883,0.0551543315711206,150.994655392403,"usgs_ws_01674000","01674000",663316340.43919
"128",1983,1987,194.663553722459,232.205569426645,201.730381244058,0.0952129539225804,398.013348186243,"usgs_ws_01625000","01625000",964748478.119823
"129",1983,1987,226.842058518041,232.264961025126,227.669867892022,0.012761418580361,8.5346701438144,"usgs_ws_02076000","02076000",7150792121.92409
"130",1983,1987,218.14693264593,242.001263285362,198.45142999836,0.0993379888327667,475.588315686907,"usgs_ws_03521500","03521500",355023859.517368
"131",1983,1987,207.267877623999,214.582005621356,NA,NA,NA,"usgs_ws_01654000","01654000",61781349.3063163
"132",1983,1987,221.21592185664,232.291604608828,218.502606672446,0.0326106642773192,53.3615486342439,"usgs_ws_01671020","01671020",1195019430.59464
"133",1983,1987,218.847525817071,230.847411693799,218.642024365842,0.0313683800252155,48.8351619544052,"usgs_ws_01672500","01672500",1022231010.17991
"134",1983,1987,206.31978411044,233.685495781771,206.620192283505,0.0729027816534271,246.917178967033,"usgs_ws_03209000","03209000",572746327.341673
"135",1983,1987,220.502756471974,214.494244056929,NA,NA,NA,"usgs_ws_01636210","01636210",36245223.4625335
"136",1983,1987,201.01083505665,212.120216525671,201.38724260732,0.0307955992340518,39.7927947334068,"usgs_ws_01644280","01644280",197014722.305778
"137",1983,1987,205.615503803872,225.566118854642,197.55131943356,0.0688124563902278,207.981182844303,"usgs_ws_01631000","01631000",4230045448.71749
"138",1983,1987,209.663721085844,235.884203849436,209.122275130692,0.0700983512048595,234.001284804209,"usgs_ws_03170000","03170000",800468899.861655
"139",1983,1987,221.254837968864,219.772058248018,201.96955000838,0.0500716469584325,115.175044506954,"usgs_ws_03488000","03488000",572312493.930823
"140",1983,1987,215.870457871502,218.857602509502,NA,NA,NA,"usgs_ws_01643805","01643805",98653506.585549
"141",1983,1987,210.02730797027,228.318850654329,210.610981601498,0.0480597160847591,108.081639177123,"usgs_ws_03176500","03176500",9794840721.79541
"142",1983,1987,192.559887422503,217.652108311571,206.40059570823,0.0611487109589737,157.96354847659,"usgs_ws_02039000","02039000",180131274.456192
"143",1983,1987,221.060312897322,238.591812609617,224.953185192019,0.0403421858104902,84.7533491168401,"usgs_ws_03168000","03168000",5726801560.68145
"144",1983,1987,240.45121235043,238.031119188006,240.974069102305,0.00654700425318425,2.46519738264346,"usgs_ws_02032640","02032640",280429242.505543
"145",1983,1987,187.167415006475,190.791690305666,NA,NA,NA,"usgs_ws_01615000","01615000",150507297.201678
"146",1983,1987,212.456728103772,232.014892763655,212.607095622668,0.0513580271694078,126.534500853253,"usgs_ws_02026000","02026000",9444441426.31322
"147",1983,1987,233.081209861272,254.777794669187,240.541174183502,0.0454005859141563,121.512370478235,"usgs_ws_03164000","03164000",2954905986.34597
"148",1983,1987,222.191845857056,239.80671754394,221.327038353605,0.0457844735707815,108.75502325685,"usgs_ws_02024000","02024000",1673771710.86912
"149",1983,1987,211.322195349554,231.684841622685,210.307620845804,0.0553788387134024,145.442048801969,"usgs_ws_02024752","02024752",7961404152.46684
"150",1983,1987,226.74652238662,235.036985351662,229.68004866158,0.0182389217003593,17.6723538803586,"usgs_ws_02058400","02058400",909415393.031254
"151",1983,1987,248.445040554848,260.657354404485,215.854342939235,0.0958445258804153,536.434002831603,"usgs_ws_03529500","03529500",290185382.705737
"152",1983,1987,206.778399410487,219.46579143932,207.96595947407,0.0331473057516543,49.104391771144,"usgs_ws_02040000","02040000",1877236920.11687
"153",1983,1987,232.99675964506,240.88706432922,240.33314910696,0.0184997759652077,19.3977234031655,"usgs_ws_02034000","02034000",1715497565.62336
"154",1983,1987,192.263437131706,203.270114301476,178.40887980531,0.0651168438292881,155.196113617218,"usgs_ws_01632900","01632900",242136650.317969
"155",1983,1987,187.143488735087,211.021359422016,185.069097575054,0.074183257735239,207.995950366639,"usgs_ws_03173000","03173000",773227016.28835
"156",1983,1987,213.731991940701,219.167535182428,NA,NA,NA,"usgs_ws_01673550","01673550",66078662.1987425
"157",1983,1987,NA,217.852348758828,NA,NA,NA,"usgs_ws_01645784","01645784",2042210.76794874
"158",1983,1987,193.535449178786,213.279165544466,199.11850516173,0.0503900399218046,103.584858752057,"usgs_ws_03478400","03478400",69749571.750196
"159",1983,1987,236.345991156359,254.06548202944,241.48724851328,0.037366429114385,83.1041403997304,"usgs_ws_02061000","02061000",294024722.017034
"160",1983,1987,217.086632881353,236.931698897477,219.405356667805,0.048336493905694,117.729299522297,"usgs_ws_02046000","02046000",291446814.970076
"161",1983,1987,219.915660742409,234.112374642619,222.004513110719,0.0340144873116266,58.7517167761108,"usgs_ws_02047000","02047000",3730477372.58245
"162",1983,1987,223.263046226113,242.783449895414,224.57992048569,0.047391101038397,119.024800033123,"usgs_ws_02059500","02059500",485703761.838651
"163",1983,1987,219.248635530059,226.307384365286,213.127885430203,0.0300385826824152,43.498118180594,"usgs_ws_02041000","02041000",408541002.191427
"164",1983,1987,182.134291362083,193.788573054114,188.96529101758,0.031099392744464,34.2914812757577,"usgs_ws_01616100","01616100",28446307.5602715
"165",1983,1987,217.82767834847,230.566970096422,215.03230044093,0.0374455587564244,68.571608865112,"usgs_ws_01674500","01674500",1559335859.90549
"166",1983,1987,204.773693816923,221.79980109427,NA,NA,NA,"usgs_ws_01658500","01658500",19725900.3190089
"167",1983,1987,205.822218344704,241.819024601392,210.961283866538,0.0886857353963562,379.063369729787,"usgs_ws_03207800","03207800",768290208.766574
"168",1983,1987,194.356503170029,219.393860645555,NA,NA,NA,"usgs_ws_01643590","01643590",20399448.1462486
"169",1983,1987,198.921619483609,220.111909162177,203.995544540737,0.0532765706110859,122.418383459705,"usgs_ws_02055000","02055000",993928750.789965
"170",1983,1987,219.613302399064,235.202437725796,215.3523210146,0.0467789265198388,109.200706007001,"usgs_ws_02020500","02020500",364961358.476462
"171",1983,1987,230.650414928957,246.294165833998,240.41711407714,0.0330463323641629,62.4425153304753,"usgs_ws_02030000","02030000",299384470.642828
"172",1983,1987,205.260517552389,215.553648251256,216.68492803342,0.0296225335376303,39.6242480614292,"usgs_ws_01662800","01662800",66665826.823936
"173",1983,1987,220.881379370571,232.59330149746,NA,NA,NA,"usgs_ws_01670300","01670300",14451379.0095834
"174",1983,1987,219.419131490575,231.831966158323,220.678376056023,0.0305037126451773,46.6777889224341,"usgs_ws_02045500","02045500",1493310197.58654
"175",1983,1987,219.239681799267,238.266206113357,219.28869715599,0.0486300291207968,120.359479367797,"usgs_ws_02011470","02011470",195632586.421466
"176",1983,1987,184.380808254424,192.209511860539,190.60830371583,0.0218754221535074,17.1056945661534,"usgs_ws_01636316","01636316",55343159.3744726
"177",1983,1987,197.208481934715,206.722938958338,187.73727066941,0.0481325570643076,90.1140559439383,"usgs_ws_01634500","01634500",264227056.477521
"178",1983,1987,208.545581178714,210.593354652189,200.81069505189,0.0249673217838952,26.6203780748203,"usgs_ws_03474000","03474000",341053098.204821
"179",1983,1987,255.196147238866,243.336233385673,250.3947808824,0.0238967769585733,35.5889613762857,"usgs_ws_02069700","02069700",221502850.269753
"180",1983,1987,207.042781228405,210.041373824454,207.09079686834,0.00825511396083141,2.94996123878464,"usgs_ws_01644000","01644000",858758018.70125
"181",1983,1987,212.34870535349,225.841645250026,216.16727814759,0.0318863516093464,48.3723840113487,"usgs_ws_02038000","02038000",85695863.4688673
"182",1983,1987,193.760842589398,211.463308366882,192.637842539426,0.052987034944516,111.50609788932,"usgs_ws_01638500","01638500",24734568589.6518
"183",1983,1987,220.821962912534,227.816353846376,220.34906780733,0.0187511030376809,17.4842491841434,"usgs_ws_02077303","02077303",526773223.247774
"184",1983,1987,230.947062759305,232.308988475939,NA,NA,NA,"usgs_ws_02071000","02071000",2710709999.84841
"185",1983,1987,256.74082330798,246.308409370641,240.491615429707,0.0332186270584825,67.7845181637727,"usgs_ws_02068500","02068500",321904888.090359
"186",1983,1987,235.898641815033,238.327062265028,237.87249852982,0.00543882351963558,1.66666073363794,"usgs_ws_02074000","02074000",1408838904.68747
"187",1983,1987,257.726055432074,279.147293227751,263.373325292385,0.0416211505421665,123.263191666682,"usgs_ws_03161000","03161000",533712043.008783
"188",1983,1987,225.067509850524,241.474086464468,224.73342450559,0.041532998558129,91.5895220047283,"usgs_ws_02052500","02052500",179871003.549627
