"","start_year","end_year","prism_precip","daymet_precip","nldas_precip","CV","var","hydrocode","gage","area"
"1",1988,1992,203.30584357097,220.555698921331,206.10347181325,0.0440876361418685,85.7085169623266,"usgs_ws_02019500","02019500",5365784522.49612
"2",1988,1992,186.838324204688,207.563729787828,176.930957091222,0.082079167461174,244.344187131434,"usgs_ws_01622000","01622000",971856267.58662
"3",1988,1992,198.095288075059,229.37533706508,205.53694169855,0.0774426161380805,267.014794520183,"usgs_ws_02011400","02011400",407332735.234042
"4",1988,1992,203.672472191482,225.584216257541,NA,NA,NA,"usgs_ws_03473500","03473500",19156091.5240318
"5",1988,1992,208.48032614805,212.462608711802,211.038785220725,0.00957892377281449,4.07192676297593,"usgs_ws_01670400","01670400",886099663.319639
"6",1988,1992,196.460893675327,201.810556104007,202.59747554431,0.0166711364021605,11.1492945568483,"usgs_ws_02036500","02036500",57886589.7215646
"7",1988,1992,208.466576673694,209.684427114748,204.35085444389,0.0134694336177624,7.81155443416757,"usgs_ws_01656000","01656000",241631463.662678
"8",1988,1992,203.514913016437,210.32843579483,205.08017767237,0.0172984620467226,12.7363932357923,"usgs_ws_01671100","01671100",276332504.781457
"9",1988,1992,215.220677702754,225.726088912981,221.25766278616,0.0238847068629762,27.7959476073485,"usgs_ws_02065500","02065500",252647034.169526
"10",1988,1992,198.639100748468,231.133682630643,210.912791714368,0.0768323624190953,269.237628511954,"usgs_ws_02011800","02011800",893169520.411534
"11",1988,1992,200.169606912565,229.622088489796,209.38090271692,0.0707157892411288,227.000373824096,"usgs_ws_02012500","02012500",1061345672.12231
"12",1988,1992,214.977086313159,243.828213372007,215.309747172712,0.0737055657163485,274.30018502894,"usgs_ws_02047500","02047500",749848252.778392
"13",1988,1992,218.296259296809,228.951173436642,218.59539756901,0.0273357648092491,36.8097954756227,"usgs_ws_02038850","02038850",22096843.5505302
"14",1988,1992,206.838238230349,216.964240996421,208.341503055532,0.0259319282766208,29.8578911250626,"usgs_ws_02044500","02044500",820524386.158795
"15",1988,1992,222.772951121441,224.723802914519,219.69358713841,0.0114035746818195,6.43189600212608,"usgs_ws_02056650","02056650",144486541.602307
"16",1988,1992,214.069031607282,228.646141473353,214.063175633423,0.0384503659640979,70.8591765047512,"usgs_ws_01669520","01669520",282985893.809692
"17",1988,1992,222.566914445105,228.4014011899,NA,NA,NA,"usgs_ws_03177710","03177710",114620314.0111
"18",1988,1992,180.408312726389,194.299226053316,175.5552916502,0.0530383630104213,94.6407272550724,"usgs_ws_01613900","01613900",41272610.2911715
"19",1988,1992,203.191123480346,214.973283829758,206.016724908677,0.0295644758513935,37.8372122729723,"usgs_ws_02041650","02041650",3475473272.4327
"20",1988,1992,197.232629978602,222.301199658626,189.590918729203,0.0842751404171999,292.79856918386,"usgs_ws_01628500","01628500",2793593902.13781
"21",1988,1992,221.17212416357,232.50585926477,218.74469854952,0.0327706470148255,53.9525817811431,"usgs_ws_02021500","02021500",851391440.152936
"22",1988,1992,247.860249487823,251.355530786365,261.581596634563,0.0281172381628351,50.8441302681637,"usgs_ws_02072000","02072000",556864395.508404
"23",1988,1992,174.610668539245,187.807644779233,167.235549460691,0.0590335036786795,108.627278182809,"usgs_ws_01633000","01633000",1315748433.86932
"24",1988,1992,194.458513017624,216.005403050963,194.040548679477,0.062344438013695,157.816331976217,"usgs_ws_03167000","03167000",667477710.26182
"25",1988,1992,253.458893749974,281.425845231606,237.62560863272,0.0861287806289022,491.884003149774,"usgs_ws_03208800","03208800",95043793.8748591
"26",1988,1992,220.191336715008,230.105173279191,206.918362392023,0.0531054114217133,135.347366986202,"usgs_ws_03475000","03475000",534069647.552109
"27",1988,1992,243.557096920702,232.087201389987,267.00761268797,0.0719022172597455,316.82005307611,"usgs_ws_02032250","02032250",199283814.488085
"28",1988,1992,191.999606002859,216.220992165175,210.66851533574,0.0615076210039345,161.005620374132,"usgs_ws_02054530","02054530",727631546.04281
"29",1988,1992,215.717251022115,217.616659891977,200.90754549789,0.0432711991622068,83.6882726006422,"usgs_ws_02014000","02014000",396744127.706971
"30",1988,1992,229.929641645979,204.987264776508,213.6701547519,0.0585651248189181,160.31427604704,"usgs_ws_01663500","01663500",738284290.783199
"31",1988,1992,197.264924586882,220.339412114837,189.94838772393,0.0783230232872457,251.596341645572,"usgs_ws_01629500","01629500",3551793889.98061
"32",1988,1992,234.548588408717,249.200018686165,219.582811024862,0.0631660187974755,219.302981921785,"usgs_ws_03527000","03527000",2907445818.5179
"33",1988,1992,188.852346447993,209.407079365262,NA,NA,NA,"usgs_ws_01636690","01636690",34994960.5588756
"34",1988,1992,228.496157246618,242.795174153171,228.690933204323,0.035143287388037,67.23823915179,"usgs_ws_02059485","02059485",322836034.276773
"35",1988,1992,210.256343473053,213.286938704145,209.11661236048,0.0102207712556374,4.64585271272546,"usgs_ws_02052000","02052000",1927152204.95598
"36",1988,1992,230.614378745793,245.530687504132,208.691851538683,0.0811731596098424,343.365550234961,"usgs_ws_01627500","01627500",547846787.671377
"37",1988,1992,214.428598331674,225.267209470837,217.636188086773,0.0254105094745047,30.9994351378443,"usgs_ws_02037500","02037500",17481116130.8158
"38",1988,1992,252.665346335323,285.277867109277,NA,NA,NA,"usgs_ws_03208700","03208700",48019209.6942083
"39",1988,1992,192.790710356062,228.268297948468,217.6452356386,0.0855246246869684,331.542683539413,"usgs_ws_02053800","02053800",283413786.56914
"40",1988,1992,214.628383767432,219.55219130444,NA,NA,NA,"usgs_ws_01652500","01652500",32594846.5125465
"41",1988,1992,199.802983508909,211.902565378957,195.845512580667,0.0413076814636684,69.9817336908247,"usgs_ws_02013000","02013000",419461445.677496
"42",1988,1992,218.424091828397,233.321931249443,226.780646202833,0.033015633067981,55.7610050815336,"usgs_ws_02060500","02060500",4613442943.13841
"43",1988,1992,202.865522155655,217.886803904171,213.153585083189,0.0363456825075805,58.9810840960822,"usgs_ws_02056000","02056000",1318896498.48103
"44",1988,1992,241.716283879597,251.549452750536,245.018961629297,0.0203340326848274,25.0410341078929,"usgs_ws_02075045","02075045",5478165059.84464
"45",1988,1992,192.303981247635,222.823930281962,203.277233785395,0.0749963244218269,238.992150707383,"usgs_ws_02016000","02016000",1193758746.06934
"46",1988,1992,214.461678297539,209.716447917189,213.310200343468,0.0116479723243318,6.12636155711685,"usgs_ws_01668000","01668000",4127911829.04237
"47",1988,1992,218.742834309417,240.356591159731,NA,NA,NA,"usgs_ws_01661800","01661800",17521831.4954999
"48",1988,1992,211.804651743501,222.647063578781,NA,NA,NA,"usgs_ws_01669000","01669000",72345930.9029209
"49",1988,1992,245.658565293963,248.072556203013,256.065712291158,0.0217943781636371,29.6711008299423,"usgs_ws_02073000","02073000",981525405.804484
"50",1988,1992,243.370111806729,256.402888593065,260.08798690413,0.0346788526695798,77.1534280161627,"usgs_ws_02070000","02070000",278486436.590555
"51",1988,1992,219.562997381343,231.372933302104,226.551615930519,0.0262942980626527,35.2600794793164,"usgs_ws_02066000","02066000",7678558027.17106
"52",1988,1992,190.836461461905,207.78395017682,202.57844403797,0.0433198950537635,75.3648037867279,"usgs_ws_01638420","01638420",59861189.5381482
"53",1988,1992,171.75127391016,188.309442862365,164.30406903911,0.0702991822680316,150.981965305902,"usgs_ws_01632082","01632082",118181776.223707
"54",1988,1992,199.364336750607,221.399099719776,203.851781596507,0.0559283769802943,135.596052278613,"usgs_ws_02016500","02016500",3549379261.86498
"55",1988,1992,252.617471339192,244.022849593337,236.89739170405,0.0321925107573707,61.9600961369187,"usgs_ws_02028500","02028500",245393985.112639
"56",1988,1992,185.116387200579,197.005383736563,175.01180316774,0.0592794015465077,121.194740557776,"usgs_ws_01635500","01635500",223978841.944323
"57",1988,1992,215.247964069187,228.037279328298,217.756291763556,0.0307554866633375,45.9261663209357,"usgs_ws_02029000","02029000",11857653436.5887
"58",1988,1992,215.730313709833,239.374573693215,NA,NA,NA,"usgs_ws_01620500","01620500",44659598.0088622
"59",1988,1992,288.608541691913,266.056485213634,NA,NA,NA,"usgs_ws_02071530","02071530",68186938.410185
"60",1988,1992,215.743397404982,238.870548742306,212.96140240067,0.0639197010272209,202.314748222626,"usgs_ws_02011460","02011460",157590657.587209
"61",1988,1992,205.909804454429,211.373446761674,207.895977710734,0.0132707565292078,7.64817707763862,"usgs_ws_01673000","01673000",2791506385.69128
"62",1988,1992,204.579353775778,227.083535496257,205.23887854547,0.0603232110473828,164.010367521287,"usgs_ws_01646000","01646000",149646365.087063
"63",1988,1992,196.477323810342,204.622828650624,196.07961769396,0.024222452225673,23.2489787846871,"usgs_ws_01643880","01643880",122168130.457453
"64",1988,1992,244.58996214165,268.712565337872,243.758694457708,0.0561642292755532,200.881110471441,"usgs_ws_03165500","03165500",3496114159.10409
"65",1988,1992,205.345924545481,237.566506464903,213.582565465757,0.0764942434084693,280.206263121042,"usgs_ws_02011500","02011500",346648774.053348
"66",1988,1992,285.673262901642,308.063415944539,262.889036316958,0.0791038929258627,510.194084847217,"usgs_ws_03531500","03531500",826493815.399906
"67",1988,1992,217.221977891907,227.169609848712,204.83713423404,0.0517000273107736,125.179866842964,"usgs_ws_03175500","03175500",578022259.33723
"68",1988,1992,220.371875778166,213.325735692859,222.465953792967,0.0218930456390678,22.929473291901,"usgs_ws_01667500","01667500",1210019740.46022
"69",1988,1992,205.616835377888,220.111545957119,207.4749939262,0.0373673025584181,62.2053058660784,"usgs_ws_01673800","01673800",200730882.143942
"70",1988,1992,223.233545828687,226.388746186898,NA,NA,NA,"usgs_ws_02018500","02018500",88676820.5584542
"71",1988,1992,264.314279941879,272.287668300727,233.75642937801,0.0792054182448091,413.66892098738,"usgs_ws_03524500","03524500",225654466.800083
"72",1988,1992,216.119457306521,216.819819752032,NA,NA,NA,"usgs_ws_02079640","02079640",138607271.447473
"73",1988,1992,263.445286562601,252.36860751628,242.93488315327,0.0405911548865706,105.394103677654,"usgs_ws_02027000","02027000",240729505.758264
"74",1988,1992,218.499100952094,230.079565082349,227.57287092078,0.0270324287001948,37.1206610894001,"usgs_ws_02056900","02056900",297708998.721141
"75",1988,1992,257.566044589448,280.81926425775,235.72020996601,0.0874035371195271,508.646235557712,"usgs_ws_03165000","03165000",102072840.922244
"76",1988,1992,222.87422173468,238.843600442843,216.527509969412,0.0508604500066524,132.218283429086,"usgs_ws_03208500","03208500",740436166.079864
"77",1988,1992,NA,223.494097196027,NA,NA,NA,"usgs_ws_01654500","01654500",9615198.40411969
"78",1988,1992,215.371417802967,226.609665711568,217.584679503538,0.0270780432477888,35.4411865775854,"usgs_ws_02030500","02030500",586227939.031891
"79",1988,1992,225.148856846582,248.929302253043,223.291302483071,0.0615000185490497,204.37785402469,"usgs_ws_03171000","03171000",7164832865.49279
"80",1988,1992,240.636773852852,254.670056463685,NA,NA,NA,"usgs_ws_02024915","02024915",70184162.7172679
"81",1988,1992,230.743324129673,241.233972053777,208.62685506564,0.0733704001697348,277.069329334314,"usgs_ws_03524000","03524000",1380470168.15182
"82",1988,1992,209.305839709842,209.030291941747,208.46101199623,0.00206210392123963,0.185623349093031,"usgs_ws_02051500","02051500",1429637356.96726
"83",1988,1992,216.218842649218,204.364821711092,208.70323975767,0.028592147428271,35.9706617286435,"usgs_ws_01664000","01664000",1603218330.32013
"84",1988,1992,230.610166228607,246.042404757343,241.328195277785,0.0330442142020608,62.5423172873297,"usgs_ws_02074500","02074500",288622122.537259
"85",1988,1992,216.444093437567,226.379675999563,223.77730194204,0.0231866798796217,26.5440164252609,"usgs_ws_02055100","02055100",30260425.2791649
"86",1988,1992,216.060794615622,229.006935996059,220.042381814948,0.0299092130165705,43.9698074890294,"usgs_ws_02077500","02077500",746336122.351962
"87",1988,1992,221.193921482923,234.551732367859,243.41784404399,0.0480031810013541,125.156963648605,"usgs_ws_02031000","02031000",246607887.90553
"88",1988,1992,203.177306514653,222.84707965392,NA,NA,NA,"usgs_ws_01660400","01660400",90667126.4938592
"89",1988,1992,209.49990969814,216.7970082239,211.48238979098,0.0177485437152745,14.2371738834473,"usgs_ws_01653000","01653000",87625394.9855376
"90",1988,1992,190.764276274762,218.343365561675,198.77275694353,0.0700190364140231,201.291775033693,"usgs_ws_02015700","02015700",283788240.656139
"91",1988,1992,174.710645358099,190.400173505075,167.89012215668,0.0649673531652877,133.230540320534,"usgs_ws_01621050","01621050",37059064.7025727
"92",1988,1992,223.252874940227,228.860678879142,225.308646600987,0.0125636978861797,8.04843257392434,"usgs_ws_02064000","02064000",427385214.956092
"93",1988,1992,217.746146633534,210.167231920584,221.724098077405,0.0271129196228734,34.4708668804402,"usgs_ws_01666500","01666500",464293046.257376
"94",1988,1992,198.081578466233,196.021104105123,207.93328551226,0.0317253586741552,40.5336253650099,"usgs_ws_02051000","02051000",144937406.448347
"95",1988,1992,207.208130115276,213.098427654472,209.553015717622,0.0141244294173507,8.79400656505213,"usgs_ws_01671025","01671025",1207710904.84417
"96",1988,1992,220.010507116843,233.527922372705,227.246097590967,0.0298081685487494,45.7559345495145,"usgs_ws_02062500","02062500",6223099594.926
"97",1988,1992,278.21809613309,253.245915437579,NA,NA,NA,"usgs_ws_02027500","02027500",123527986.977875
"98",1988,1992,238.191361208312,248.416431478214,240.84439652412,0.0218821455016044,28.1543952928988,"usgs_ws_02075500","02075500",6698712228.55323
"99",1988,1992,NA,252.155468889665,NA,NA,NA,"usgs_ws_02011490","02011490",12689912.2379998
"100",1988,1992,173.346473149876,187.577049998818,168.162218306035,0.0569995015659711,101.053584233108,"usgs_ws_01634000","01634000",1994017493.52069
"101",1988,1992,204.432553293904,214.535276265288,205.120694426532,0.0271339236076251,31.8621501422648,"usgs_ws_02042500","02042500",651065126.134058
"102",1988,1992,215.708962978318,226.979192094462,218.958660293687,0.0263024169596042,33.6512545565208,"usgs_ws_02035000","02035000",16184361368.2907
"103",1988,1992,223.783012142431,240.708550952046,228.814400900042,0.0376092065703263,75.5432570475947,"usgs_ws_02077000","02077000",1416008028.38206
"104",1988,1992,199.641602576914,223.638123093932,205.320285676044,0.0598508942184797,157.270601055362,"usgs_ws_02013100","02013100",1583226778.02646
"105",1988,1992,243.53263806948,221.307614495572,231.93173154228,0.047861089230835,123.567428022632,"usgs_ws_01665500","01665500",296487823.971996
"106",1988,1992,190.627529841168,203.790942452181,202.57844403797,0.0365589093526202,52.9283223519265,"usgs_ws_01638480","01638480",231530033.229766
"107",1988,1992,231.260801708319,251.67867140729,NA,NA,NA,"usgs_ws_01626000","01626000",328514897.362503
"108",1988,1992,226.179029997496,241.313988272887,237.529602675365,0.0335154291709643,62.0373394106936,"usgs_ws_02061500","02061500",814828423.80029
"109",1988,1992,209.045781938467,226.391447527369,211.803179967019,0.043203697268986,86.8821515037078,"usgs_ws_02025500","02025500",8428090228.51836
"110",1988,1992,228.791149179814,240.097449730481,214.977299309968,0.0551902809322655,158.279472919633,"usgs_ws_03490000","03490000",1738263722.03573
"111",1988,1992,248.558995002177,243.980834232172,225.188612415433,0.0517661566811942,153.380323182719,"usgs_ws_03473000","03473000",785212583.985672
"112",1988,1992,207.915997649134,224.896759860602,213.959152545754,0.0399235382452657,74.0828766934617,"usgs_ws_02039500","02039500",782176002.350829
"113",1988,1992,253.081700174761,229.922179551759,NA,NA,NA,"usgs_ws_03471500","03471500",198287155.934274
"114",1988,1992,179.674867680787,186.795128613674,168.461542412753,0.0518344600420825,85.4261937176137,"usgs_ws_01632000","01632000",542767682.476967
"115",1988,1992,216.00032135737,209.100000226525,208.778142923863,0.0193096455213068,16.64631419291,"usgs_ws_02017500","02017500",271938885.682366
"116",1988,1992,229.164364256579,250.170004117488,199.69469838626,0.112023123050679,642.909100189237,"usgs_ws_01626850","01626850",382484766.219302
"117",1988,1992,228.868400331162,248.420489669739,221.15617454238,0.0603659283872697,197.517583914137,"usgs_ws_03209200","03209200",1362554358.44218
"118",1988,1992,224.762681563047,235.486871915056,229.18064607706,0.0234529772296997,29.0491922455014,"usgs_ws_02079500","02079500",20366675573.7567
"119",1988,1992,191.501438661156,216.3759589527,210.66851533574,0.0631968534653486,169.782250104101,"usgs_ws_02054500","02054500",658458238.142593
"120",1988,1992,214.980831025887,231.424829682464,NA,NA,NA,"usgs_ws_02022500","02022500",90906193.368695
"121",1988,1992,234.064829320287,253.582270979376,227.66685128649,0.0566178131550145,182.245604949217,"usgs_ws_03208950","03208950",172188912.950058
"122",1988,1992,196.517679647843,200.625503908289,195.53145204362,0.0136756396693418,7.29937157366186,"usgs_ws_01643700","01643700",315311574.332072
"123",1988,1992,217.744543441422,213.328195460434,208.02030693158,0.0228554749457035,23.7064309705452,"usgs_ws_02018000","02018000",851865579.038167
"124",1988,1992,220.966137823922,249.26782645322,222.993434884894,0.0683210111515767,249.239860821489,"usgs_ws_02049500","02049500",1587615689.12163
"125",1988,1992,247.246837509276,249.624449006376,261.581596634563,0.0303869549890691,59.0186225022392,"usgs_ws_02072500","02072500",669886699.671033
"126",1988,1992,193.032805028386,207.919905897706,NA,NA,NA,"usgs_ws_01638350","01638350",81829833.9597626
"127",1988,1992,203.915345321616,220.885933547888,206.3557019832,0.0436103903514588,84.180639117479,"usgs_ws_01674000","01674000",663316340.43919
"128",1988,1992,191.290050565893,227.74427953746,197.703523426512,0.0946664431820647,378.748411960455,"usgs_ws_01625000","01625000",964748478.119823
"129",1988,1992,236.89783060171,247.568303720662,238.863825751203,0.0235527033104943,32.2486783718161,"usgs_ws_02076000","02076000",7150792121.92409
"130",1988,1992,227.423414969074,242.980969595215,204.349399718695,0.0864194100619291,377.807646140762,"usgs_ws_03521500","03521500",355023859.517368
"131",1988,1992,208.357534173865,222.470205478371,NA,NA,NA,"usgs_ws_01654000","01654000",61781349.3063163
"132",1988,1992,207.208130115276,213.245406263468,209.553015717622,0.014493173991878,9.26348995344438,"usgs_ws_01671020","01671020",1195019430.59464
"133",1988,1992,206.219487657887,211.053889719204,208.187149428874,0.0116606636980338,5.91022267127905,"usgs_ws_01672500","01672500",1022231010.17991
"134",1988,1992,237.02691199626,261.250213746389,228.099171401833,0.0708456943539355,294.244084721627,"usgs_ws_03209000","03209000",572746327.341673
"135",1988,1992,210.764562897309,205.093901586265,NA,NA,NA,"usgs_ws_01636210","01636210",36245223.4625335
"136",1988,1992,206.076321087638,220.6620074019,203.67499581121,0.0437474751189474,84.51119518725,"usgs_ws_01644280","01644280",197014722.305778
"137",1988,1992,197.028693926564,216.838875186517,190.438805199104,0.0682136859032483,188.805601722141,"usgs_ws_01631000","01631000",4230045448.71749
"138",1988,1992,215.930373787882,242.485432281628,208.660963857962,0.080073283944713,317.018352746505,"usgs_ws_03170000","03170000",800468899.861655
"139",1988,1992,234.285887694152,237.32360335365,211.554875656894,0.0618422812448807,198.325658629245,"usgs_ws_03488000","03488000",572312493.930823
"140",1988,1992,197.512862528686,211.328786713242,NA,NA,NA,"usgs_ws_01643805","01643805",98653506.585549
"141",1988,1992,218.574491832478,238.621571706227,215.873085313947,0.0553923835206463,154.446106963773,"usgs_ws_03176500","03176500",9794840721.79541
"142",1988,1992,192.49861430915,220.638915384604,211.32289757887,0.0688692703282848,205.503062165439,"usgs_ws_02039000","02039000",180131274.456192
"143",1988,1992,231.650988283444,254.75162245986,231.378250410412,0.0560752610755421,180.004701043643,"usgs_ws_03168000","03168000",5726801560.68145
"144",1988,1992,233.764082891808,219.244321769489,232.081465875105,0.0347776776393523,63.0744886437422,"usgs_ws_02032640","02032640",280429242.505543
"145",1988,1992,175.456092139198,185.345536272839,NA,NA,NA,"usgs_ws_01615000","01615000",150507297.201678
"146",1988,1992,210.098793533342,226.454807016195,213.498115976334,0.0398315669359904,74.4917354708489,"usgs_ws_02026000","02026000",9444441426.31322
"147",1988,1992,247.401954155868,271.573836144256,248.561004892161,0.0532875151484298,185.868946617872,"usgs_ws_03164000","03164000",2954905986.34597
"148",1988,1992,217.635100002378,233.912497169664,219.411594557303,0.0399244229857935,79.7309613364067,"usgs_ws_02024000","02024000",1673771710.86912
"149",1988,1992,207.910674424746,225.673937275729,210.839742957545,0.0443342630550111,90.6943784420973,"usgs_ws_02024752","02024752",7961404152.46684
"150",1988,1992,230.959124550201,244.252575228205,241.74831277124,0.0295577965758872,49.8989573084768,"usgs_ws_02058400","02058400",909415393.031254
"151",1988,1992,289.72301831089,299.92026445222,242.516361273725,0.110408604287089,937.943399602898,"usgs_ws_03529500","03529500",290185382.705737
"152",1988,1992,205.094337276597,218.36055109667,209.21857110252,0.0321939645656727,46.0962553307063,"usgs_ws_02040000","02040000",1877236920.11687
"153",1988,1992,224.820149558323,228.005614466871,233.75236352041,0.0197802541213241,20.4927929387397,"usgs_ws_02034000","02034000",1715497565.62336
"154",1988,1992,178.027529088687,196.501688986114,169.62746955154,0.0757954894130867,189.013209060166,"usgs_ws_01632900","01632900",242136650.317969
"155",1988,1992,201.919659134945,212.610033406013,196.850331495972,0.0394771922976097,64.7250648433575,"usgs_ws_03173000","03173000",773227016.28835
"156",1988,1992,203.93462469163,210.037673646884,NA,NA,NA,"usgs_ws_01673550","01673550",66078662.1987425
"157",1988,1992,NA,229.990413145161,NA,NA,NA,"usgs_ws_01645784","01645784",2042210.76794874
"158",1988,1992,215.494978490426,234.701045369434,215.65391566565,0.049754600664046,121.948569323224,"usgs_ws_03478400","03478400",69749571.750196
"159",1988,1992,238.761682728682,252.251803283236,250.48479274203,0.0296636948399391,53.7561645356975,"usgs_ws_02061000","02061000",294024722.017034
"160",1988,1992,206.594518745775,220.658479766486,206.27906020953,0.0388886944250876,67.4437034125269,"usgs_ws_02046000","02046000",291446814.970076
"161",1988,1992,211.703044585754,227.581582159366,212.999762578865,0.0405514159842387,77.7398158847525,"usgs_ws_02047000","02047000",3730477372.58245
"162",1988,1992,224.577943590369,240.687100784433,228.28754059804,0.0364911773525889,71.1691913797223,"usgs_ws_02059500","02059500",485703761.838651
"163",1988,1992,203.503779531266,214.450874464637,204.439939793833,0.0292490113136262,36.822349416756,"usgs_ws_02041000","02041000",408541002.191427
"164",1988,1992,177.473127000275,187.441325475243,178.77317134061,0.0299012445934809,29.3653320374886,"usgs_ws_01616100","01616100",28446307.5602715
"165",1988,1992,204.363776776443,219.062081993064,205.7369865453,0.0387121282775189,65.9140083337121,"usgs_ws_01674500","01674500",1559335859.90549
"166",1988,1992,202.457432263921,223.976798901826,NA,NA,NA,"usgs_ws_01658500","01658500",19725900.3190089
"167",1988,1992,213.588399172826,240.598502064981,213.43800502024,0.0702694846182231,244.543479393884,"usgs_ws_03207800","03207800",768290208.766574
"168",1988,1992,189.685456776467,211.544644049191,NA,NA,NA,"usgs_ws_01643590","01643590",20399448.1462486
"169",1988,1992,197.19544843536,215.284657807109,211.037449918167,0.0455121313115975,89.4765459328195,"usgs_ws_02055000","02055000",993928750.789965
"170",1988,1992,214.284086908797,228.326439045114,212.797525671757,0.0392219184170352,73.4241113981668,"usgs_ws_02020500","02020500",364961358.476462
"171",1988,1992,223.964382599361,236.40201743835,245.19353791625,0.0453539148500836,113.777104694999,"usgs_ws_02030000","02030000",299384470.642828
"172",1988,1992,196.270329158923,198.98944339039,203.04599153454,0.0170970757717842,11.6264609463213,"usgs_ws_01662800","01662800",66665826.823936
"173",1988,1992,209.643144826493,213.218566595218,NA,NA,NA,"usgs_ws_01670300","01670300",14451379.0095834
"174",1988,1992,209.174008780686,220.60857324962,208.364702083807,0.0321901056441697,46.8861038414734,"usgs_ws_02045500","02045500",1493310197.58654
"175",1988,1992,214.336855283252,238.919942597176,212.96140240067,0.0657726430727217,213.344310274968,"usgs_ws_02011470","02011470",195632586.421466
"176",1988,1992,177.088914442934,186.787047642245,181.85141709735,0.0266579486186091,23.515944660099,"usgs_ws_01636316","01636316",55343159.3744726
"177",1988,1992,182.865584396226,197.017885858934,170.69903705932,0.071770735816563,173.499052154911,"usgs_ws_01634500","01634500",264227056.477521
"178",1988,1992,220.623755008488,230.602688813085,207.20973787745,0.0534832468152595,137.790854824225,"usgs_ws_03474000","03474000",341053098.204821
"179",1988,1992,267.195040162261,272.216757217834,268.67560177766,0.00957950121425308,6.6582477891183,"usgs_ws_02069700","02069700",221502850.269753
"180",1988,1992,197.197399199194,206.393381738871,200.115419873292,0.0233516557865332,22.0822907850292,"usgs_ws_01644000","01644000",858758018.70125
"181",1988,1992,199.164351583104,205.351675994985,202.62153854943,0.0153216022858377,9.61479592827113,"usgs_ws_02038000","02038000",85695863.4688673
"182",1988,1992,184.13824612349,200.5970882141,180.613146006965,0.0566027169258099,113.779626655544,"usgs_ws_01638500","01638500",24734568589.6518
"183",1988,1992,216.81659960149,230.385687714511,218.737408144383,0.0330782518075924,53.9153457702035,"usgs_ws_02077303","02077303",526773223.247774
"184",1988,1992,246.92024253738,259.65285010402,NA,NA,NA,"usgs_ws_02071000","02071000",2710709999.84841
"185",1988,1992,272.714217445466,278.001926067567,258.952610962943,0.0364362672542028,96.7030135678848,"usgs_ws_02068500","02068500",321904888.090359
"186",1988,1992,242.488414267277,246.802357167827,249.896234353342,0.0151001750660648,13.8429963026273,"usgs_ws_02074000","02074000",1408838904.68747
"187",1988,1992,283.976426385444,302.671778599678,279.043108360363,0.043194617902013,155.361313071528,"usgs_ws_03161000","03161000",533712043.008783
"188",1988,1992,216.516380011017,230.833412290814,215.39034859419,0.0389719658423258,74.1222627317305,"usgs_ws_02052500","02052500",179871003.549627
