"","start_year","end_year","prism_precip","daymet_precip","nldas_precip","daymet_ndays_with_data","prism_ndays_with_data","nldas2_ndays_with_data","daymet_missing","prism_missing","nldas2_missing","var","CV","nldas2_dif_from_mean","prism_dif_from_mean","daymet_dif_from_mean","hydrocode"
"1",1988,1992,203.30584357097,220.555698921331,206.10347181325,1826,1827,1827,0,0,0,85.7085169623266,0.0440876361418685,-3.88486628860045,-6.68249453088052,10.5673608194809,"usgs_ws_02019500"
"2",1988,1992,186.838324204688,207.563729787828,176.930957091222,1826,1827,1827,0,0,0,244.344187131434,0.082079167461174,-13.5133799366909,-3.60601282322452,17.1193927599155,"usgs_ws_01622000"
"3",1988,1992,198.095288075059,229.37533706508,205.53694169855,1826,1827,1827,0,0,0,267.014794520183,0.0774426161380805,-5.46558058101311,-12.9072342045037,18.3728147855169,"usgs_ws_02011400"
"4",1988,1992,203.672472191482,225.584216257541,NA,1826,1827,0,0,0,1827,NA,NA,NA,NA,NA,"usgs_ws_03473500"
"5",1988,1992,208.48032614805,212.462608711802,211.038785220725,1826,1827,1827,0,0,0,4.07192676297593,0.00957892377281449,0.378211860532502,-2.18024721214215,1.80203535160962,"usgs_ws_01670400"
"6",1988,1992,196.460893675327,201.810556104007,202.59747554431,1826,1827,1827,0,0,0,11.1492945568483,0.0166711364021605,2.30783376976225,-3.828748099221,1.52091432945878,"usgs_ws_02036500"
"7",1988,1992,208.466576673694,209.684427114748,204.35085444389,1826,1827,1827,0,0,0,7.81155443416757,0.0134694336177624,-3.14976496688749,0.965957262916817,2.18380770397067,"usgs_ws_01656000"
"8",1988,1992,203.514913016437,210.32843579483,205.08017767237,1826,1827,1827,0,0,0,12.7363932357923,0.0172984620467226,-1.22766448884252,-2.79292914477503,4.02059363361752,"usgs_ws_01671100"
"9",1988,1992,215.220677702754,225.726088912981,221.25766278616,1826,1827,1827,0,0,0,27.7959476073485,0.0238847068629762,0.522852985528601,-5.51413209787785,4.99127911234928,"usgs_ws_02065500"
"10",1988,1992,198.639100748468,231.133682630643,210.912791714368,1826,1827,1827,0,0,0,269.237628511954,0.0768323624190953,-2.64906665012495,-14.9227576160253,17.5718242661502,"usgs_ws_02011800"
"11",1988,1992,200.169606912565,229.622088489796,209.38090271692,1826,1827,1827,0,0,0,227.000373824096,0.0707157892411288,-3.67662998950692,-12.8879257938623,16.5645557833692,"usgs_ws_02012500"
"12",1988,1992,214.977086313159,243.828213372007,215.309747172712,1826,1827,1827,0,0,0,274.30018502894,0.0737055657163485,-9.39526844658036,-9.7279293061342,19.1231977527146,"usgs_ws_02047500"
"13",1988,1992,218.296259296809,228.951173436642,218.59539756901,1826,1827,1827,0,0,0,36.8097954756227,0.0273357648092491,-3.35221253181012,-3.65135080401151,7.00356333582164,"usgs_ws_02038850"
"14",1988,1992,206.838238230349,216.964240996421,208.341503055532,1826,1827,1827,0,0,0,29.8578911250626,0.0259319282766208,-2.37315770523531,-3.87642253041832,6.24958023565364,"usgs_ws_02044500"
"15",1988,1992,222.772951121441,224.723802914519,219.69358713841,1826,1827,1827,0,0,0,6.43189600212608,0.0114035746818195,-2.70319325304646,0.376170729984153,2.32702252306234,"usgs_ws_02056650"
"16",1988,1992,214.069031607282,228.646141473353,214.063175633423,1826,1827,1827,0,0,0,70.8591765047512,0.0384503659640979,-4.86294060459639,-4.85708463073735,9.72002523533376,"usgs_ws_01669520"
"17",1988,1992,222.566914445105,228.4014011899,NA,1826,1827,0,0,0,1827,NA,NA,NA,NA,NA,"usgs_ws_03177710"
"18",1988,1992,180.408312726389,194.299226053316,175.5552916502,1826,1827,1827,0,0,0,94.6407272550724,0.0530383630104213,-7.86565182643483,-3.01263075024605,10.8782825766809,"usgs_ws_01613900"
"19",1988,1992,203.191123480346,214.973283829758,206.016724908677,1826,1827,1827,0,0,0,37.8372122729723,0.0295644758513935,-2.0436524975832,-4.86925392591439,6.91290642349756,"usgs_ws_02041650"
"20",1988,1992,197.232629978602,222.301199658626,189.590918729203,1826,1827,1827,0,0,0,292.79856918386,0.0842751404171999,-13.4506640596072,-5.80895281020832,19.2596168698155,"usgs_ws_01628500"
"21",1988,1992,221.17212416357,232.50585926477,218.74469854952,1826,1827,1827,0,0,0,53.9525817811431,0.0327706470148255,-5.39619544310003,-2.96876982904996,8.36496527214999,"usgs_ws_02021500"
"22",1988,1992,247.860249487823,251.355530786365,261.581596634563,1826,1827,1827,0,0,0,50.8441302681637,0.0281172381628351,7.98247099831281,-5.73887614842758,-2.2435948498852,"usgs_ws_02072000"
"23",1988,1992,174.610668539245,187.807644779233,167.235549460691,1826,1827,1827,0,0,0,108.627278182809,0.0590335036786795,-9.3157381323654,-1.9406190538115,11.2563571861769,"usgs_ws_01633000"
"24",1988,1992,194.458513017624,216.005403050963,194.040548679477,1826,1827,1827,0,0,0,157.816331976217,0.062344438013695,-7.46093956987713,-7.04297523173082,14.5039148016079,"usgs_ws_03167000"
"25",1988,1992,253.458893749974,281.425845231606,237.62560863272,1826,1827,1827,0,0,0,491.884003149774,0.0861287806289022,-19.8778405720467,-4.04455545479283,23.9223960268395,"usgs_ws_03208800"
"26",1988,1992,220.191336715008,230.105173279191,206.918362392023,1826,1827,1827,0,0,0,135.347366986202,0.0531054114217133,-12.1532617367176,1.11971258626758,11.03354915045,"usgs_ws_03475000"
"27",1988,1992,243.557096920702,232.087201389987,267.00761268797,1826,1827,1827,0,0,0,316.82005307611,0.0719022172597455,19.4569756884169,-3.99354007885125,-15.4634356095656,"usgs_ws_02032250"
"28",1988,1992,191.999606002859,216.220992165175,210.66851533574,1826,1827,1827,0,0,0,161.005620374132,0.0615076210039345,4.37214416781526,-14.2967651650658,9.92462099725049,"usgs_ws_02054530"
"29",1988,1992,215.717251022115,217.616659891977,200.90754549789,1826,1827,1827,0,0,0,83.6882726006422,0.0432711991622068,-10.5062733061039,4.30343221812072,6.20284108798322,"usgs_ws_02014000"
"30",1988,1992,229.929641645979,204.987264776508,213.6701547519,1826,1827,1827,0,0,0,160.31427604704,0.0585651248189181,-2.52553230622905,13.7339545878502,-11.2084222816212,"usgs_ws_01663500"
"31",1988,1992,197.264924586882,220.339412114837,189.94838772393,1826,1827,1827,0,0,0,251.596341645572,0.0783230232872457,-12.56918708462,-5.25265022166755,17.8218373062875,"usgs_ws_01629500"
"32",1988,1992,234.548588408717,249.200018686165,219.582811024862,1826,1827,1827,0,0,0,219.302981921785,0.0631660187974755,-14.8609950150524,0.104782368802489,14.7562126462499,"usgs_ws_03527000"
"33",1988,1992,188.852346447993,209.407079365262,NA,1826,1827,0,0,0,1827,NA,NA,NA,NA,NA,"usgs_ws_01636690"
"34",1988,1992,228.496157246618,242.795174153171,228.690933204323,1826,1827,1827,0,0,0,67.23823915179,0.035143287388037,-4.63648833038093,-4.83126428808595,9.4677526184669,"usgs_ws_02059485"
"35",1988,1992,210.256343473053,213.286938704145,209.11661236048,1826,1827,1827,0,0,0,4.64585271272546,0.0102207712556374,-1.7700191520793,-0.630288039506468,2.4003071915858,"usgs_ws_02052000"
"36",1988,1992,230.614378745793,245.530687504132,208.691851538683,1826,1827,1827,0,0,0,343.365550234961,0.0811731596098424,-19.5871210575193,2.33540614959034,17.251714907929,"usgs_ws_01627500"
"37",1988,1992,214.428598331674,225.267209470837,217.636188086773,1826,1827,1827,0,0,0,30.9994351378443,0.0254105094745047,-1.47447720965508,-4.68206696475423,6.15654417440933,"usgs_ws_02037500"
"38",1988,1992,252.665346335323,285.277867109277,NA,1826,1827,0,0,0,1827,NA,NA,NA,NA,NA,"usgs_ws_03208700"
"39",1988,1992,192.790710356062,228.268297948468,217.6452356386,1826,1827,1827,0,0,0,331.542683539413,0.0855246246869684,4.7438209908899,-20.1107042916479,15.366883300758,"usgs_ws_02053800"
"40",1988,1992,214.628383767432,219.55219130444,NA,1826,1827,0,0,0,1827,NA,NA,NA,NA,NA,"usgs_ws_01652500"
"41",1988,1992,199.802983508909,211.902565378957,195.845512580667,1826,1827,1827,0,0,0,69.9817336908247,0.0413076814636684,-6.67150790884429,-2.71403698060161,9.38554488944592,"usgs_ws_02013000"
"42",1988,1992,218.424091828397,233.321931249443,226.780646202833,1826,1827,1827,0,0,0,55.7610050815336,0.033015633067981,0.60508977594219,-7.7514645984943,7.14637482255213,"usgs_ws_02060500"
"43",1988,1992,202.865522155655,217.886803904171,213.153585083189,1826,1827,1827,0,0,0,58.9810840960822,0.0363456825075805,1.85161470218367,-8.43644822534984,6.5848335231662,"usgs_ws_02056000"
"44",1988,1992,241.716283879597,251.549452750536,245.018961629297,1826,1827,1827,0,0,0,25.0410341078929,0.0203340326848274,-1.07593779051302,-4.37861554021313,5.45455333072616,"usgs_ws_02075045"
"45",1988,1992,192.303981247635,222.823930281962,203.277233785395,1826,1827,1827,0,0,0,238.992150707383,0.0749963244218269,-2.85781465293576,-13.8310671906957,16.6888818436315,"usgs_ws_02016000"
"46",1988,1992,214.461678297539,209.716447917189,213.310200343468,1826,1827,1827,0,0,0,6.12636155711685,0.0116479723243318,0.814091490736104,1.96556944480716,-2.77966093554326,"usgs_ws_01668000"
"47",1988,1992,218.742834309417,240.356591159731,NA,1826,1827,0,0,0,1827,NA,NA,NA,NA,NA,"usgs_ws_01661800"
"48",1988,1992,211.804651743501,222.647063578781,NA,1826,1827,0,0,0,1827,NA,NA,NA,NA,NA,"usgs_ws_01669000"
"49",1988,1992,245.658565293963,248.072556203013,256.065712291158,1826,1827,1827,0,0,0,29.6711008299423,0.0217943781636371,6.13343436178013,-4.27371263541482,-1.85972172636528,"usgs_ws_02073000"
"50",1988,1992,243.370111806729,256.402888593065,260.08798690413,1826,1827,1827,0,0,0,77.1534280161627,0.0346788526695798,6.80099113615546,-9.91688396124567,3.11589282509021,"usgs_ws_02070000"
"51",1988,1992,219.562997381343,231.372933302104,226.551615930519,1826,1827,1827,0,0,0,35.2600794793164,0.0262942980626527,0.722433725863709,-6.2661848233121,5.54375109744842,"usgs_ws_02066000"
"52",1988,1992,190.836461461905,207.78395017682,202.57844403797,1826,1827,1827,0,0,0,75.3648037867279,0.0433198950537635,2.17882547907152,-9.56315709699305,7.38433161792156,"usgs_ws_01638420"
"53",1988,1992,171.75127391016,188.309442862365,164.30406903911,1826,1827,1827,0,0,0,150.981965305902,0.0702991822680316,-10.4841928981017,-3.03698802705202,13.5211809251537,"usgs_ws_01632082"
"54",1988,1992,199.364336750607,221.399099719776,203.851781596507,1826,1827,1827,0,0,0,135.596052278613,0.0559283769802943,-4.35329109245669,-8.8407359383562,13.1940270308129,"usgs_ws_02016500"
"55",1988,1992,252.617471339192,244.022849593337,236.89739170405,1826,1827,1827,0,0,0,61.9600961369187,0.0321925107573707,-7.61517917480967,8.10490046033195,-0.489721285522251,"usgs_ws_02028500"
"56",1988,1992,185.116387200579,197.005383736563,175.01180316774,1826,1827,1827,0,0,0,121.194740557776,0.0592794015465077,-10.6993882005539,-0.594804167715267,11.2941923682691,"usgs_ws_01635500"
"57",1988,1992,215.247964069187,228.037279328298,217.756291763556,1826,1827,1827,0,0,0,45.9261663209357,0.0307554866633375,-2.59088662345778,-5.09921431782612,7.69010094128393,"usgs_ws_02029000"
"58",1988,1992,215.730313709833,239.374573693215,NA,1826,1827,0,0,0,1827,NA,NA,NA,NA,NA,"usgs_ws_01620500"
"59",1988,1992,288.608541691913,266.056485213634,NA,1826,1827,0,0,0,1827,NA,NA,NA,NA,NA,"usgs_ws_02071530"
"60",1988,1992,215.743397404982,238.870548742306,212.96140240067,1826,1827,1827,0,0,0,202.314748222626,0.0639197010272209,-9.56371378198267,-6.78171877767025,16.3454325596529,"usgs_ws_02011460"
"61",1988,1992,205.909804454429,211.373446761674,207.895977710734,1826,1827,1827,0,0,0,7.64817707763862,0.0132707565292078,-0.497098598212148,-2.48327185451657,2.98037045272875,"usgs_ws_01673000"
"62",1988,1992,204.579353775778,227.083535496257,205.23887854547,1826,1827,1827,0,0,0,164.010367521287,0.0603232110473828,-7.06171072703151,-7.72123549672361,14.7829462237551,"usgs_ws_01646000"
"63",1988,1992,196.477323810342,204.622828650624,196.07961769396,1826,1827,1827,0,0,0,23.2489787846871,0.024222452225673,-2.9803056910155,-2.58259957463301,5.56290526564854,"usgs_ws_01643880"
"64",1988,1992,244.58996214165,268.712565337872,243.758694457708,1826,1827,1827,0,0,0,200.881110471441,0.0561642292755532,-8.59504618803547,-7.76377850409321,16.3588246921287,"usgs_ws_03165500"
"65",1988,1992,205.345924545481,237.566506464903,213.582565465757,1826,1827,1827,0,0,0,280.206263121042,0.0764942434084693,-5.24910002629042,-13.4857409465656,18.734840972856,"usgs_ws_02011500"
"66",1988,1992,285.673262901642,308.063415944539,262.889036316958,1826,1827,1827,0,0,0,510.194084847217,0.0791038929258627,-22.6528687374213,0.131357847262166,22.5215108901591,"usgs_ws_03531500"
"67",1988,1992,217.221977891907,227.169609848712,204.83713423404,1826,1827,1827,0,0,0,125.179866842964,0.0517000273107736,-11.5724397575129,0.812403900353672,10.7600358571592,"usgs_ws_03175500"
"68",1988,1992,220.371875778166,213.325735692859,222.465953792967,1826,1827,1827,0,0,0,22.929473291901,0.0218930456390678,3.74476537163684,1.65068735683516,-5.39545272847201,"usgs_ws_01667500"
"69",1988,1992,205.616835377888,220.111545957119,207.4749939262,1826,1827,1827,0,0,0,62.2053058660784,0.0373673025584181,-3.59279782753572,-5.45095637584777,9.04375420338346,"usgs_ws_01673800"
"70",1988,1992,223.233545828687,226.388746186898,NA,1826,1827,0,0,0,1827,NA,NA,NA,NA,NA,"usgs_ws_02018500"
"71",1988,1992,264.314279941879,272.287668300727,233.75642937801,1826,1827,1827,0,0,0,413.66892098738,0.0792054182448091,-23.0296964955288,7.52815406834065,15.5015424271881,"usgs_ws_03524500"
"72",1988,1992,216.119457306521,216.819819752032,NA,1826,1827,0,0,0,1827,NA,NA,NA,NA,NA,"usgs_ws_02079640"
"73",1988,1992,263.445286562601,252.36860751628,242.93488315327,1826,1827,1827,0,0,0,105.394103677654,0.0405911548865706,-9.98137592411368,10.5290274852169,-0.547651561103265,"usgs_ws_02027000"
"74",1988,1992,218.499100952094,230.079565082349,227.57287092078,1826,1827,1827,0,0,0,37.1206610894001,0.0270324287001948,2.18902526903921,-6.88474469964711,4.69571943060794,"usgs_ws_02056900"
"75",1988,1992,257.566044589448,280.81926425775,235.72020996601,1826,1827,1827,0,0,0,508.646235557712,0.0874035371195271,-22.3149629717261,-0.469128348288109,22.7840913200143,"usgs_ws_03165000"
"76",1988,1992,222.87422173468,238.843600442843,216.527509969412,1826,1827,1827,0,0,0,132.218283429086,0.0508604500066524,-9.55426741290017,-3.20755564763132,12.7618230605315,"usgs_ws_03208500"
"77",1988,1992,NA,223.494097196027,NA,1826,0,0,0,1827,1827,NA,NA,NA,NA,NA,"usgs_ws_01654500"
"78",1988,1992,215.371417802967,226.609665711568,217.584679503538,1826,1827,1827,0,0,0,35.4411865775854,0.0270780432477888,-2.27057483581996,-4.48383653639033,6.75441137221026,"usgs_ws_02030500"
"79",1988,1992,225.148856846582,248.929302253043,223.291302483071,1826,1827,1827,0,0,0,204.37785402469,0.0615000185490497,-9.1651847111608,-7.30763034765013,16.4728150588109,"usgs_ws_03171000"
"80",1988,1992,240.636773852852,254.670056463685,NA,1826,1827,0,0,0,1827,NA,NA,NA,NA,NA,"usgs_ws_02024915"
"81",1988,1992,230.743324129673,241.233972053777,208.62685506564,1826,1827,1827,0,0,0,277.069329334314,0.0733704001697348,-18.2411953507234,3.87527371331004,14.3659216374134,"usgs_ws_03524000"
"82",1988,1992,209.305839709842,209.030291941747,208.46101199623,1826,1827,1827,0,0,0,0.185623349093031,0.00206210392123963,-0.471369219709999,0.373458493902461,0.0979107258075089,"usgs_ws_02051500"
"83",1988,1992,216.218842649218,204.364821711092,208.70323975767,1826,1827,1827,0,0,0,35.9706617286435,0.028592147428271,-1.05906161499007,6.45654127655823,-5.39747966156813,"usgs_ws_01664000"
"84",1988,1992,230.610166228607,246.042404757343,241.328195277785,1826,1827,1827,0,0,0,62.5423172873297,0.0330442142020608,2.00127318987305,-8.71675585930453,6.71548266943151,"usgs_ws_02074500"
"85",1988,1992,216.444093437567,226.379675999563,223.77730194204,1826,1827,1827,0,0,0,26.5440164252609,0.0231866798796217,1.57694481564997,-5.75626368882268,4.17931887317275,"usgs_ws_02055100"
"86",1988,1992,216.060794615622,229.006935996059,220.042381814948,1826,1827,1827,0,0,0,43.9698074890294,0.0299092130165705,-1.66098899392841,-5.64257619325429,7.30356518718273,"usgs_ws_02077500"
"87",1988,1992,221.193921482923,234.551732367859,243.41784404399,1826,1827,1827,0,0,0,125.156963648605,0.0480031810013541,10.3633447457327,-11.8605778153341,1.49723306960135,"usgs_ws_02031000"
"88",1988,1992,203.177306514653,222.84707965392,NA,1826,1827,0,0,0,1827,NA,NA,NA,NA,NA,"usgs_ws_01660400"
"89",1988,1992,209.49990969814,216.7970082239,211.48238979098,1826,1827,1827,0,0,0,14.2371738834473,0.0177485437152745,-1.11071278002686,-3.09319287286641,4.20390565289327,"usgs_ws_01653000"
"90",1988,1992,190.764276274762,218.343365561675,198.77275694353,1826,1827,1827,0,0,0,201.291775033693,0.0700190364140231,-3.85404264979215,-11.8625233185604,15.7165659683526,"usgs_ws_02015700"
"91",1988,1992,174.710645358099,190.400173505075,167.89012215668,1826,1827,1827,0,0,0,133.230540320534,0.0649673531652877,-9.77685818327106,-2.95633498185248,12.7331931651235,"usgs_ws_01621050"
"92",1988,1992,223.252874940227,228.860678879142,225.308646600987,1826,1827,1827,0,0,0,8.04843257392434,0.0125636978861797,-0.498753539132082,-2.55452519989132,3.05327873902337,"usgs_ws_02064000"
"93",1988,1992,217.746146633534,210.167231920584,221.724098077405,1826,1827,1827,0,0,0,34.4708668804402,0.0271129196228734,5.17827253356387,1.2003210896932,-6.3785936232571,"usgs_ws_01666500"
"94",1988,1992,198.081578466233,196.021104105123,207.93328551226,1826,1827,1827,0,0,0,40.5336253650099,0.0317253586741552,7.25462948438781,-2.59707756163877,-4.65755192274904,"usgs_ws_02051000"
"95",1988,1992,207.208130115276,213.098427654472,209.553015717622,1826,1827,1827,0,0,0,8.79400656505213,0.0141244294173507,-0.400175444834531,-2.74506104718091,3.14523649201547,"usgs_ws_01671025"
"96",1988,1992,220.010507116843,233.527922372705,227.246097590967,1826,1827,1827,0,0,0,45.7559345495145,0.0298081685487494,0.31792189746173,-6.91766857666167,6.59974667919997,"usgs_ws_02062500"
"97",1988,1992,278.21809613309,253.245915437579,NA,1826,1827,0,0,0,1827,NA,NA,NA,NA,NA,"usgs_ws_02027500"
"98",1988,1992,238.191361208312,248.416431478214,240.84439652412,1826,1827,1827,0,0,0,28.1543952928988,0.0218821455016044,-1.63966654609575,-4.29270186190325,5.93236840799898,"usgs_ws_02075500"
"99",1988,1992,NA,252.155468889665,NA,1826,0,0,0,1827,1827,NA,NA,NA,NA,NA,"usgs_ws_02011490"
"100",1988,1992,173.346473149876,187.577049998818,168.162218306035,1826,1827,1827,0,0,0,101.053584233108,0.0569995015659711,-8.19969551220817,-3.01544066836706,11.2151361805752,"usgs_ws_01634000"
"101",1988,1992,204.432553293904,214.535276265288,205.120694426532,1826,1827,1827,0,0,0,31.8621501422648,0.0271339236076251,-2.90881356870906,-3.59695470133775,6.50576827004681,"usgs_ws_02042500"
"102",1988,1992,215.708962978318,226.979192094462,218.958660293687,1826,1827,1827,0,0,0,33.6512545565208,0.0263024169596042,-1.59027816180168,-4.83997547717101,6.43025363897269,"usgs_ws_02035000"
"103",1988,1992,223.783012142431,240.708550952046,228.814400900042,1826,1827,1827,0,0,0,75.5432570475947,0.0376092065703263,-2.28758709813087,-7.31897585574191,9.60656295387281,"usgs_ws_02077000"
"104",1988,1992,199.641602576914,223.638123093932,205.320285676044,1826,1827,1827,0,0,0,157.270601055362,0.0598508942184797,-4.21305143958588,-9.89173453871595,14.1047859783019,"usgs_ws_02013100"
"105",1988,1992,243.53263806948,221.307614495572,231.93173154228,1826,1827,1827,0,0,0,123.567428022632,0.047861089230835,-0.325596493497386,11.275310033703,-10.9497135402056,"usgs_ws_01665500"
"106",1988,1992,190.627529841168,203.790942452181,202.57844403797,1826,1827,1827,0,0,0,52.9283223519265,0.0365589093526202,3.57947192753045,-8.37144226927163,4.79197034174115,"usgs_ws_01638480"
"107",1988,1992,231.260801708319,251.67867140729,NA,1826,1827,0,0,0,1827,NA,NA,NA,NA,NA,"usgs_ws_01626000"
"108",1988,1992,226.179029997496,241.313988272887,237.529602675365,1826,1827,1827,0,0,0,62.0373394106936,0.0335154291709643,2.52206236011583,-8.82851031775357,6.30644795763772,"usgs_ws_02061500"
"109",1988,1992,209.045781938467,226.391447527369,211.803179967019,1826,1827,1827,0,0,0,86.8821515037078,0.043203697268986,-3.9436231772662,-6.70102120581788,10.6446443830841,"usgs_ws_02025500"
"110",1988,1992,228.791149179814,240.097449730481,214.977299309968,1826,1827,1827,0,0,0,158.279472919633,0.0551902809322655,-12.978000096786,0.835849773059863,12.1421503237262,"usgs_ws_03490000"
"111",1988,1992,248.558995002177,243.980834232172,225.188612415433,1826,1827,1827,0,0,0,153.380323182719,0.0517661566811942,-14.0542014678276,9.31618111891629,4.73802034891133,"usgs_ws_03473000"
"112",1988,1992,207.915997649134,224.896759860602,213.959152545754,1826,1827,1827,0,0,0,74.0828766934617,0.0399235382452657,-1.63148413940914,-7.67463903602936,9.30612317543853,"usgs_ws_02039500"
"113",1988,1992,253.081700174761,229.922179551759,NA,1826,1827,0,0,0,1827,NA,NA,NA,NA,NA,"usgs_ws_03471500"
"114",1988,1992,179.674867680787,186.795128613674,168.461542412753,1826,1827,1827,0,0,0,85.4261937176137,0.0518344600420825,-9.84897048965124,1.36435477838225,8.48461571126896,"usgs_ws_01632000"
"115",1988,1992,216.00032135737,209.100000226525,208.778142923863,1826,1827,1827,0,0,0,16.64631419291,0.0193096455213068,-2.51467857872277,4.70749985478361,-2.19282127606084,"usgs_ws_02017500"
"116",1988,1992,229.164364256579,250.170004117488,199.69469838626,1826,1827,1827,0,0,0,642.909100189237,0.112023123050679,-26.6483238671825,2.82134200313689,23.8269818640456,"usgs_ws_01626850"
"117",1988,1992,228.868400331162,248.420489669739,221.15617454238,1826,1827,1827,0,0,0,197.517583914137,0.0603659283872697,-11.6588469720473,-3.94662118326494,15.6054681553122,"usgs_ws_03209200"
"118",1988,1992,224.762681563047,235.486871915056,229.18064607706,1826,1827,1827,0,0,0,29.0491922455014,0.0234529772296997,-0.629420441327284,-5.04738495534087,5.67680539666816,"usgs_ws_02079500"
"119",1988,1992,191.501438661156,216.3759589527,210.66851533574,1826,1827,1827,0,0,0,169.782250104101,0.0631968534653486,4.4865443525411,-14.6805323220427,10.1939879695016,"usgs_ws_02054500"
"120",1988,1992,214.980831025887,231.424829682464,NA,1826,1827,0,0,0,1827,NA,NA,NA,NA,NA,"usgs_ws_02022500"
"121",1988,1992,234.064829320287,253.582270979376,227.66685128649,1826,1827,1827,0,0,0,182.245604949217,0.0566178131550145,-10.7711325755611,-4.37315454176368,15.1442871173248,"usgs_ws_03208950"
"122",1988,1992,196.517679647843,200.625503908289,195.53145204362,1826,1827,1827,0,0,0,7.29937157366186,0.0136756396693418,-2.02675982296407,-1.04053221874062,3.06729204170472,"usgs_ws_01643700"
"123",1988,1992,217.744543441422,213.328195460434,208.02030693158,1826,1827,1827,0,0,0,23.7064309705452,0.0228554749457035,-5.01070834623198,4.71352816361042,0.29718018262156,"usgs_ws_02018000"
"124",1988,1992,220.966137823922,249.26782645322,222.993434884894,1826,1827,1827,0,0,0,249.239860821489,0.0683210111515767,-8.08236483578486,-10.1096618967568,18.1920267325416,"usgs_ws_02049500"
"125",1988,1992,247.246837509276,249.624449006376,261.581596634563,1826,1827,1827,0,0,0,59.0186225022392,0.0303869549890691,8.76396891782511,-5.57079020746266,-3.19317871036242,"usgs_ws_02072500"
"126",1988,1992,193.032805028386,207.919905897706,NA,1826,1827,0,0,0,1827,NA,NA,NA,NA,NA,"usgs_ws_01638350"
"127",1988,1992,203.915345321616,220.885933547888,206.3557019832,1826,1827,1827,0,0,0,84.180639117479,0.0436103903514588,-4.02995830103458,-6.47031496261872,10.5002732636533,"usgs_ws_01674000"
"128",1988,1992,191.290050565893,227.74427953746,197.703523426512,1826,1827,1827,0,0,0,378.748411960455,0.0946664431820647,-7.87576108344325,-14.2892339440615,22.1649950275047,"usgs_ws_01625000"
"129",1988,1992,236.89783060171,247.568303720662,238.863825751203,1826,1827,1827,0,0,0,32.2486783718161,0.0235527033104943,-2.24616093998853,-4.21215608948168,6.45831702947018,"usgs_ws_02076000"
"130",1988,1992,227.423414969074,242.980969595215,204.349399718695,1826,1827,1827,0,0,0,377.807646140762,0.0864194100619291,-20.5685283756331,2.50548687474591,18.0630415008872,"usgs_ws_03521500"
"131",1988,1992,208.357534173865,222.470205478371,NA,1826,1827,0,0,0,1827,NA,NA,NA,NA,NA,"usgs_ws_01654000"
"132",1988,1992,207.208130115276,213.245406263468,209.553015717622,1826,1827,1827,0,0,0,9.26348995344438,0.014493173991878,-0.449168314499701,-2.79405391684608,3.24322223134575,"usgs_ws_01671020"
"133",1988,1992,206.219487657887,211.053889719204,208.187149428874,1826,1827,1827,0,0,0,5.91022267127905,0.0116606636980338,-0.299692839781073,-2.26735461076805,2.56704745054915,"usgs_ws_01672500"
"134",1988,1992,237.02691199626,261.250213746389,228.099171401833,1826,1827,1827,0,0,0,294.244084721627,0.0708456943539355,-14.0262609796613,-5.09852038523385,19.1247813648951,"usgs_ws_03209000"
"135",1988,1992,210.764562897309,205.093901586265,NA,1826,1827,0,0,0,1827,NA,NA,NA,NA,NA,"usgs_ws_01636210"
"136",1988,1992,206.076321087638,220.6620074019,203.67499581121,1826,1827,1827,0,0,0,84.51119518725,0.0437474751189474,-6.46277895570594,-4.06145367927809,10.524232634984,"usgs_ws_01644280"
"137",1988,1992,197.028693926564,216.838875186517,190.438805199104,1826,1827,1827,0,0,0,188.805601722141,0.0682136859032483,-10.9966529049578,-4.40676417749788,15.4034170824557,"usgs_ws_01631000"
"138",1988,1992,215.930373787882,242.485432281628,208.660963857962,1826,1827,1827,0,0,0,317.018352746505,0.080073283944713,-13.6979594511951,-6.42854952127541,20.1265089724705,"usgs_ws_03170000"
"139",1988,1992,234.285887694152,237.32360335365,211.554875656894,1826,1827,1827,0,0,0,198.325658629245,0.0618422812448807,-16.1665799113379,6.56443212592001,9.60214778541791,"usgs_ws_03488000"
"140",1988,1992,197.512862528686,211.328786713242,NA,1826,1827,0,0,0,1827,NA,NA,NA,NA,NA,"usgs_ws_01643805"
"141",1988,1992,218.574491832478,238.621571706227,215.873085313947,1826,1827,1827,0,0,0,154.446106963773,0.0553923835206463,-8.48329763693721,-5.78189111840624,14.2651887553434,"usgs_ws_03176500"
"142",1988,1992,192.49861430915,220.638915384604,211.32289757887,1826,1827,1827,0,0,0,205.503062165439,0.0688692703282848,3.16942182132863,-15.6548614483914,12.4854396270628,"usgs_ws_02039000"
"143",1988,1992,231.650988283444,254.75162245986,231.378250410412,1826,1827,1827,0,0,0,180.004701043643,0.0560752610755421,-7.88203664082619,-7.60929876779483,15.491335408621,"usgs_ws_03168000"
"144",1988,1992,233.764082891808,219.244321769489,232.081465875105,1826,1827,1827,0,0,0,63.0744886437422,0.0347776776393523,3.71817569630451,5.40079271300712,-9.11896840931166,"usgs_ws_02032640"
"145",1988,1992,175.456092139198,185.345536272839,NA,1826,1827,0,0,0,1827,NA,NA,NA,NA,NA,"usgs_ws_01615000"
"146",1988,1992,210.098793533342,226.454807016195,213.498115976334,1826,1827,1827,0,0,0,74.4917354708489,0.0398315669359904,-3.18578953228911,-6.58511197528193,9.77090150757101,"usgs_ws_02026000"
"147",1988,1992,247.401954155868,271.573836144256,248.561004892161,1826,1827,1827,0,0,0,185.868946617872,0.0532875151484298,-7.28459350526683,-8.44364424156063,15.7282377468275,"usgs_ws_03164000"
"148",1988,1992,217.635100002378,233.912497169664,219.411594557303,1826,1827,1827,0,0,0,79.7309613364067,0.0399244229857935,-4.24146935247862,-6.01796390740387,10.2594332598825,"usgs_ws_02024000"
"149",1988,1992,207.910674424746,225.673937275729,210.839742957545,1826,1827,1827,0,0,0,90.6943784420973,0.0443342630550111,-3.96837526179516,-6.89744379459384,10.865819056389,"usgs_ws_02024752"
"150",1988,1992,230.959124550201,244.252575228205,241.74831277124,1826,1827,1827,0,0,0,49.8989573084768,0.0295577965758872,2.76164192135795,-8.02754629968055,5.2659043783226,"usgs_ws_02058400"
"151",1988,1992,289.72301831089,299.92026445222,242.516361273725,1826,1827,1827,0,0,0,937.943399602898,0.110408604287089,-34.8701867385532,12.3364702986115,22.5337164399418,"usgs_ws_03529500"
"152",1988,1992,205.094337276597,218.36055109667,209.21857110252,1826,1827,1827,0,0,0,46.0962553307063,0.0321939645656727,-1.67258205607564,-5.7968158819989,7.46939793807451,"usgs_ws_02040000"
"153",1988,1992,224.820149558323,228.005614466871,233.75236352041,1826,1827,1827,0,0,0,20.4927929387397,0.0197802541213241,4.89298767187537,-4.0392262902113,-0.853761381664043,"usgs_ws_02034000"
"154",1988,1992,178.027529088687,196.501688986114,169.62746955154,1826,1827,1827,0,0,0,189.013209060166,0.0757954894130867,-11.7580929905737,-3.35803345342705,15.1161264440008,"usgs_ws_01632900"
"155",1988,1992,201.919659134945,212.610033406013,196.850331495972,1826,1827,1827,0,0,0,64.7250648433575,0.0394771922976097,-6.94300984967145,-1.87368221069858,8.81669206037003,"usgs_ws_03173000"
"156",1988,1992,203.93462469163,210.037673646884,NA,1826,1827,0,0,0,1827,NA,NA,NA,NA,NA,"usgs_ws_01673550"
"157",1988,1992,NA,229.990413145161,NA,1826,0,0,0,1827,1827,NA,NA,NA,NA,NA,"usgs_ws_01645784"
"158",1988,1992,215.494978490426,234.701045369434,215.65391566565,1826,1827,1827,0,0,0,121.948569323224,0.049754600664046,-6.29606417618683,-6.45500135141035,12.7510655275971,"usgs_ws_03478400"
"159",1988,1992,238.761682728682,252.251803283236,250.48479274203,1826,1827,1827,0,0,0,53.7561645356975,0.0296636948399391,3.31869982404729,-8.40441018930056,5.08571036525325,"usgs_ws_02061000"
"160",1988,1992,206.594518745775,220.658479766486,206.27906020953,1826,1827,1827,0,0,0,67.4437034125269,0.0388886944250876,-4.89829269773367,-4.58283416148896,9.48112685922263,"usgs_ws_02046000"
"161",1988,1992,211.703044585754,227.581582159366,212.999762578865,1826,1827,1827,0,0,0,77.7398158847525,0.0405514159842387,-4.42836719579685,-5.72508518890714,10.153452384704,"usgs_ws_02047000"
"162",1988,1992,224.577943590369,240.687100784433,228.28754059804,1826,1827,1827,0,0,0,71.1691913797223,0.0364911773525889,-2.89665439290738,-6.60625140057795,9.50290579348533,"usgs_ws_02059500"
"163",1988,1992,203.503779531266,214.450874464637,204.439939793833,1826,1827,1827,0,0,0,36.822349416756,0.0292490113136262,-3.02492480274532,-3.96108506531274,6.98600986805806,"usgs_ws_02041000"
"164",1988,1992,177.473127000275,187.441325475243,178.77317134061,1826,1827,1827,0,0,0,29.3653320374886,0.0299012445934809,-2.45603659809942,-3.756080938434,6.21211753653344,"usgs_ws_01616100"
"165",1988,1992,204.363776776443,219.062081993064,205.7369865453,1826,1827,1827,0,0,0,65.9140083337121,0.0387121282775189,-3.98396189296918,-5.35717166182604,9.34113355479525,"usgs_ws_01674500"
"166",1988,1992,202.457432263921,223.976798901826,NA,1826,1827,0,0,0,1827,NA,NA,NA,NA,NA,"usgs_ws_01658500"
"167",1988,1992,213.588399172826,240.598502064981,213.43800502024,1826,1827,1827,0,0,0,244.543479393884,0.0702694846182231,-9.10363039910894,-8.95323624652298,18.0568666456319,"usgs_ws_03207800"
"168",1988,1992,189.685456776467,211.544644049191,NA,1826,1827,0,0,0,1827,NA,NA,NA,NA,NA,"usgs_ws_01643590"
"169",1988,1992,197.19544843536,215.284657807109,211.037449918167,1826,1827,1827,0,0,0,89.4765459328195,0.0455121313115975,3.19826453128826,-10.6437369515189,7.4454724202306,"usgs_ws_02055000"
"170",1988,1992,214.284086908797,228.326439045114,212.797525671757,1826,1827,1827,0,0,0,73.4241113981668,0.0392219184170352,-5.67182487013255,-4.18526363309184,9.85708850322439,"usgs_ws_02020500"
"171",1988,1992,223.964382599361,236.40201743835,245.19353791625,1826,1827,1827,0,0,0,113.777104694999,0.0453539148500836,10.0068919315964,-11.222263385293,1.2153714536966,"usgs_ws_02030000"
"172",1988,1992,196.270329158923,198.98944339039,203.04599153454,1826,1827,1827,0,0,0,11.6264609463213,0.0170970757717842,3.61073683992248,-3.16492553569461,-0.445811304227902,"usgs_ws_01662800"
"173",1988,1992,209.643144826493,213.218566595218,NA,1826,1827,0,0,0,1827,NA,NA,NA,NA,NA,"usgs_ws_01670300"
"174",1988,1992,209.174008780686,220.60857324962,208.364702083807,1826,1827,1827,0,0,0,46.8861038414734,0.0321901056441697,-4.3510592875636,-3.54175259068529,7.89281187824892,"usgs_ws_02045500"
"175",1988,1992,214.336855283252,238.919942597176,212.96140240067,1826,1827,1827,0,0,0,213.344310274968,0.0657726430727217,-9.11133102636279,-7.73587814378035,16.8472091701432,"usgs_ws_02011470"
"176",1988,1992,177.088914442934,186.787047642245,181.85141709735,1826,1827,1827,0,0,0,23.515944660099,0.0266579486186091,-0.0577092968260615,-4.82021195124238,4.87792124806847,"usgs_ws_01636316"
"177",1988,1992,182.865584396226,197.017885858934,170.69903705932,1826,1827,1827,0,0,0,173.499052154911,0.071770735816563,-12.8284653788401,-0.661918041933689,13.4903834207738,"usgs_ws_01634500"
"178",1988,1992,220.623755008488,230.602688813085,207.20973787745,1826,1827,1827,0,0,0,137.790854824225,0.0534832468152595,-12.2689893555578,1.14502777548037,11.1239615800774,"usgs_ws_03474000"
"179",1988,1992,267.195040162261,272.216757217834,268.67560177766,1826,1827,1827,0,0,0,6.6582477891183,0.00957950121425308,-0.686864608258361,-2.16742622365769,2.85429083191599,"usgs_ws_02069700"
"180",1988,1992,197.197399199194,206.393381738871,200.115419873292,1826,1827,1827,0,0,0,22.0822907850292,0.0233516557865332,-1.11998039716059,-4.03800107125824,5.1579814684188,"usgs_ws_01644000"
"181",1988,1992,199.164351583104,205.351675994985,202.62153854943,1826,1827,1827,0,0,0,9.61479592827113,0.0153216022858377,0.242349840256992,-3.21483712606934,2.97248728581232,"usgs_ws_02038000"
"182",1988,1992,184.13824612349,200.5970882141,180.613146006965,1826,1827,1827,0,0,0,113.779626655544,0.0566027169258099,-7.83634744121991,-4.31124732469502,12.147594765915,"usgs_ws_01638500"
"183",1988,1992,216.81659960149,230.385687714511,218.737408144383,1826,1827,1827,0,0,0,53.9153457702035,0.0330782518075924,-3.24249034241151,-5.16329888530458,8.40578922771607,"usgs_ws_02077303"
"184",1988,1992,246.92024253738,259.65285010402,248.727747829972,1826,1827,1827,0,0,0,47.457371754539,0.0273623332642638,-3.03919899381873,-4.84670428641084,7.8859032802296,"usgs_ws_02071000"
"185",1988,1992,272.714217445466,278.001926067567,258.952610962943,1826,1827,1827,0,0,0,96.7030135678848,0.0364362672542028,-10.9369738623822,2.82463262014028,8.11234124224188,"usgs_ws_02068500"
"186",1988,1992,242.488414267277,246.802357167827,249.896234353342,1826,1827,1827,0,0,0,13.8429963026273,0.0151001750660648,3.50056575719344,-3.90725432887157,0.406688571678103,"usgs_ws_02074000"
"187",1988,1992,283.976426385444,302.671778599678,279.043108360363,1826,1827,1827,0,0,0,155.361313071528,0.043194617902013,-9.52066275479888,-4.58734472971759,14.1080074845165,"usgs_ws_03161000"
"188",1988,1992,216.516380011017,230.833412290814,215.39034859419,1826,1827,1827,0,0,0,74.1222627317305,0.0389719658423258,-5.52303170448366,-4.39700028765628,9.92003199213994,"usgs_ws_02052500"
