"","start_year","end_year","prism_precip","daymet_precip","nldas_precip","CV","var","hydrocode","gage","area"
"1",1993,1997,213.117423207859,231.468625020769,207.024859149944,0.0585804462058633,161.897272454275,"usgs_ws_02019500","02019500",5365784522.49612
"2",1993,1997,220.377821877786,231.796147100655,214.554437381643,0.0394651553390363,76.9277519866295,"usgs_ws_01622000","01622000",971856267.58662
"3",1993,1997,217.573797977313,249.220147875465,211.24085816449,0.0900267431787241,414.004005916549,"usgs_ws_02011400","02011400",407332735.234042
"4",1993,1997,199.071879070092,226.579453065414,NA,NA,NA,"usgs_ws_03473500","03473500",19156091.5240318
"5",1993,1997,235.60759020301,246.834856638625,229.258917106835,0.0375161620619588,79.2118020205891,"usgs_ws_01670400","01670400",886099663.319639
"6",1993,1997,220.258675537055,236.24369472282,230.97682945183,0.0355470624617488,66.3565885821423,"usgs_ws_02036500","02036500",57886589.7215646
"7",1993,1997,235.295867607785,248.241232947649,229.21852535274,0.0408939367835602,94.3966628181498,"usgs_ws_01656000","01656000",241631463.662678
"8",1993,1997,228.877260534237,244.445571650823,223.084752355465,0.047588277322994,122.035010498822,"usgs_ws_01671100","01671100",276332504.781457
"9",1993,1997,234.792759311854,236.877090962963,245.66900667694,0.0241415784253414,33.3224961833388,"usgs_ws_02065500","02065500",252647034.169526
"10",1993,1997,215.130888056031,249.012092865071,205.948736540342,0.101545020828924,514.450100619972,"usgs_ws_02011800","02011800",893169520.411534
"11",1993,1997,214.925422971038,246.007323737107,202.96422433628,0.100398550490806,493.643872340226,"usgs_ws_02012500","02012500",1061345672.12231
"12",1993,1997,226.824912214545,246.257051110833,217.609246445937,0.063520586484662,213.872204960224,"usgs_ws_02047500","02047500",749848252.778392
"13",1993,1997,232.264337610944,246.639053519271,241.26013815442,0.0302547966214636,52.7482692275553,"usgs_ws_02038850","02038850",22096843.5505302
"14",1993,1997,229.943967920403,238.79329128097,229.337469511458,0.0227465665948942,28.0151549327821,"usgs_ws_02044500","02044500",820524386.158795
"15",1993,1997,231.146719221167,226.608560009238,232.147024965625,0.0128346691358252,8.71168244805834,"usgs_ws_02056650","02056650",144486541.602307
"16",1993,1997,223.404438158199,235.771049693634,222.711489358627,0.0323282749570391,53.9942291751419,"usgs_ws_01669520","01669520",282985893.809692
"17",1993,1997,224.899181979686,232.242075279539,NA,NA,NA,"usgs_ws_03177710","03177710",114620314.0111
"18",1993,1997,215.006835100467,223.506648820055,206.74033998618,0.0389773357656032,70.2818144425201,"usgs_ws_01613900","01613900",41272610.2911715
"19",1993,1997,233.113177222646,239.530760525305,233.747239027275,0.0150188519694396,12.5060884561396,"usgs_ws_02041650","02041650",3475473272.4327
"20",1993,1997,222.851200594662,240.600207200681,208.249435520869,0.0723575718207239,262.468534508352,"usgs_ws_01628500","01628500",2793593902.13781
"21",1993,1997,231.492378394502,249.783087688436,232.3278307438,0.0434166571199282,106.655670351066,"usgs_ws_02021500","02021500",851391440.152936
"22",1993,1997,253.325301746999,252.591111574236,238.484655028363,0.033709120112164,69.9626577529556,"usgs_ws_02072000","02072000",556864395.508404
"23",1993,1997,216.432615383383,225.680706549675,205.608718804239,0.046530598103287,100.928103238162,"usgs_ws_01633000","01633000",1315748433.86932
"24",1993,1997,194.520354400325,215.934510128868,175.85337842534,0.102623070909832,402.253196042082,"usgs_ws_03167000","03167000",667477710.26182
"25",1993,1997,255.944249366746,286.878163376204,212.57556754665,0.148230386146937,1393.10422429454,"usgs_ws_03208800","03208800",95043793.8748591
"26",1993,1997,221.639279820232,235.788479752598,189.73146465966,0.109365142920712,556.592861053074,"usgs_ws_03475000","03475000",534069647.552109
"27",1993,1997,267.112683741984,260.105219591986,269.35232655254,0.0181681293392123,23.2715901453829,"usgs_ws_02032250","02032250",199283814.488085
"28",1993,1997,200.142618693784,222.88770868281,227.19848095483,0.0670701134503877,211.323593146476,"usgs_ws_02054530","02054530",727631546.04281
"29",1993,1997,216.651171425881,220.869101174446,198.0168392125,0.0574022580590247,147.875857529983,"usgs_ws_02014000","02014000",396744127.706971
"30",1993,1997,262.748689795861,248.791000061038,258.371930203182,0.0278163607196805,50.9612249423887,"usgs_ws_01663500","01663500",738284290.783199
"31",1993,1997,225.111634361534,241.996825070682,208.36636054927,0.0746820470844442,282.753667376329,"usgs_ws_01629500","01629500",3551793889.98061
"32",1993,1997,239.715470879079,251.495341954167,200.271877716001,0.116392778645339,719.73428211982,"usgs_ws_03527000","03527000",2907445818.5179
"33",1993,1997,221.882128026497,236.200816510251,NA,NA,NA,"usgs_ws_01636690","01636690",34994960.5588756
"34",1993,1997,238.267200841872,243.799623558007,232.49210979764,0.0237385214054394,31.9698741866781,"usgs_ws_02059485","02059485",322836034.276773
"35",1993,1997,224.667933158894,234.2225293656,228.723324579145,0.0209221157756891,22.9962935880028,"usgs_ws_02052000","02052000",1927152204.95598
"36",1993,1997,253.440115479906,257.644442689761,204.451274445623,0.123986314233347,874.516010169805,"usgs_ws_01627500","01627500",547846787.671377
"37",1993,1997,229.655778555745,240.489185315064,225.019923078766,0.0342602844000041,63.0253220252775,"usgs_ws_02037500","02037500",17481116130.8158
"38",1993,1997,255.857618364948,291.647487278871,NA,NA,NA,"usgs_ws_03208700","03208700",48019209.6942083
"39",1993,1997,202.163298134447,233.279171560933,226.73367755423,0.0743231348661492,269.124102619496,"usgs_ws_02053800","02053800",283413786.56914
"40",1993,1997,233.409496161063,242.402296201895,NA,NA,NA,"usgs_ws_01652500","01652500",32594846.5125465
"41",1993,1997,203.856453625071,220.277788477619,182.692643273397,0.0931519713862578,355.035041160603,"usgs_ws_02013000","02013000",419461445.677496
"42",1993,1997,225.178343316945,233.228947672227,231.99752542176,0.0188431659167395,18.8049793038096,"usgs_ws_02060500","02060500",4613442943.13841
"43",1993,1997,210.380839541371,222.83065932801,223.029273486924,0.0331246820904675,52.5033902631529,"usgs_ws_02056000","02056000",1318896498.48103
"44",1993,1997,247.035595190952,254.460203363357,238.051013679484,0.0333323486148298,67.5181695885536,"usgs_ws_02075045","02075045",5478165059.84464
"45",1993,1997,208.793124075311,242.986689033987,215.886196302893,0.0810854428092944,325.658044079499,"usgs_ws_02016000","02016000",1193758746.06934
"46",1993,1997,243.24195803632,247.66969006163,244.184703454886,0.00951848576526823,5.43978524356166,"usgs_ws_01668000","01668000",4127911829.04237
"47",1993,1997,221.504272972135,244.911086260797,NA,NA,NA,"usgs_ws_01661800","01661800",17521831.4954999
"48",1993,1997,219.273080596723,229.971318498279,NA,NA,NA,"usgs_ws_01669000","01669000",72345930.9029209
"49",1993,1997,253.813958067613,252.920094814073,238.004155293828,0.0357750305108265,78.872351172267,"usgs_ws_02073000","02073000",981525405.804484
"50",1993,1997,250.779284009423,258.264935715332,238.83786125584,0.0393043164584081,96.0072968161017,"usgs_ws_02070000","02070000",278486436.590555
"51",1993,1997,228.452695716963,235.046546634629,233.151671216023,0.0146192759014694,11.5249655862031,"usgs_ws_02066000","02066000",7678558027.17106
"52",1993,1997,222.074076781512,234.366838520328,244.22538385014,0.0475172956743994,123.16388533932,"usgs_ws_01638420","01638420",59861189.5381482
"53",1993,1997,208.489842479168,222.485459083343,199.42558406771,0.0552861823481552,134.965983402896,"usgs_ws_01632082","01632082",118181776.223707
"54",1993,1997,210.797989762444,235.237719108592,204.045769034365,0.0757313593002776,269.305100784457,"usgs_ws_02016500","02016500",3549379261.86498
"55",1993,1997,275.908007897897,255.43947600921,231.493249022035,0.087423464626746,494.175565100078,"usgs_ws_02028500","02028500",245393985.112639
"56",1993,1997,222.953203107282,239.414956379621,223.675832070973,0.0406793682901311,86.5385912369346,"usgs_ws_01635500","01635500",223978841.944323
"57",1993,1997,226.960811539758,239.002689416687,221.367703013029,0.0393341659233019,81.2137385419697,"usgs_ws_02029000","02029000",11857653436.5887
"58",1993,1997,242.591922313186,265.5388485942,NA,NA,NA,"usgs_ws_01620500","01620500",44659598.0088622
"59",1993,1997,288.004712740241,266.303111631845,NA,NA,NA,"usgs_ws_02071530","02071530",68186938.410185
"60",1993,1997,234.641176687914,263.630983918655,219.0541340372,0.0946086023461389,511.74339453742,"usgs_ws_02011460","02011460",157590657.587209
"61",1993,1997,231.549048307875,244.387693989718,227.074839387369,0.0383502165582128,80.7640504817211,"usgs_ws_01673000","01673000",2791506385.69128
"62",1993,1997,229.066519150623,244.622352989346,235.19865062925,0.0331607299229987,61.3988615101291,"usgs_ws_01646000","01646000",149646365.087063
"63",1993,1997,218.661410663542,231.162061853771,237.46010460634,0.0417660461126375,91.5537527746546,"usgs_ws_01643880","01643880",122168130.457453
"64",1993,1997,242.255609759971,270.210633680404,232.863526336787,0.0781957990398572,377.416836725945,"usgs_ws_03165500","03165500",3496114159.10409
"65",1993,1997,222.66485128062,256.651306140431,212.374383710977,0.100497991033932,536.903116093962,"usgs_ws_02011500","02011500",346648774.053348
"66",1993,1997,274.140933823069,295.677460293122,223.920170785593,0.139170892038293,1355.8426016548,"usgs_ws_03531500","03531500",826493815.399906
"67",1993,1997,215.58446732403,228.653236542306,191.54891052297,0.0888049951520777,354.205288161118,"usgs_ws_03175500","03175500",578022259.33723
"68",1993,1997,248.95855798308,250.71205924271,250.378588452396,0.00372443226831644,0.867075994883816,"usgs_ws_01667500","01667500",1210019740.46022
"69",1993,1997,232.036963855833,258.550932891901,220.73355620393,0.0818693815392342,376.818593025089,"usgs_ws_01673800","01673800",200730882.143942
"70",1993,1997,229.603498578958,226.162519183449,NA,NA,NA,"usgs_ws_02018500","02018500",88676820.5584542
"71",1993,1997,267.639750895574,279.795275819053,219.06702380794,0.125762891812061,1032.49786587006,"usgs_ws_03524500","03524500",225654466.800083
"72",1993,1997,218.299340350103,222.365362798044,NA,NA,NA,"usgs_ws_02079640","02079640",138607271.447473
"73",1993,1997,287.730475547992,251.351135528618,241.82811090207,0.0930654295829287,586.861909728364,"usgs_ws_02027000","02027000",240729505.758264
"74",1993,1997,227.212998863351,233.084659438091,241.521904043805,0.0307458706737784,51.7347103174738,"usgs_ws_02056900","02056900",297708998.721141
"75",1993,1997,251.681103228229,276.132688333937,237.58169128617,0.0764537319473828,380.475467445075,"usgs_ws_03165000","03165000",102072840.922244
"76",1993,1997,235.323216757556,254.514036224516,195.394154069217,0.132043280361141,909.629677506533,"usgs_ws_03208500","03208500",740436166.079864
"77",1993,1997,NA,245.69135317634,NA,NA,NA,"usgs_ws_01654500","01654500",9615198.40411969
"78",1993,1997,227.68830406994,242.342523873868,231.531568924617,0.032491087638233,57.7322649532954,"usgs_ws_02030500","02030500",586227939.031891
"79",1993,1997,226.997279807792,251.461577190091,213.61299667829,0.0831966615873085,368.359321343094,"usgs_ws_03171000","03171000",7164832865.49279
"80",1993,1997,265.958351963531,269.915334619742,NA,NA,NA,"usgs_ws_02024915","02024915",70184162.7172679
"81",1993,1997,239.160017290677,239.541608239097,186.28488405835,0.138220348221955,938.700666075406,"usgs_ws_03524000","03524000",1380470168.15182
"82",1993,1997,224.823276260279,233.19962703568,227.90884998553,0.0185278430423381,17.9460565534854,"usgs_ws_02051500","02051500",1429637356.96726
"83",1993,1997,247.344868827094,243.069809966257,248.53531889046,0.0116685936373623,8.26084790292324,"usgs_ws_01664000","01664000",1603218330.32013
"84",1993,1997,239.0667941167,253.702398728226,242.705593659375,0.0310812984643668,58.0619176965024,"usgs_ws_02074500","02074500",288622122.537259
"85",1993,1997,222.845159800796,230.085714822554,221.51777316284,0.0205124408459882,21.2662027656651,"usgs_ws_02055100","02055100",30260425.2791649
"86",1993,1997,234.531473772151,245.931441173177,235.737169817688,0.026233459326486,39.222688028008,"usgs_ws_02077500","02077500",746336122.351962
"87",1993,1997,238.867263461538,251.314661986655,236.50438361781,0.0328483417008668,63.3108794269436,"usgs_ws_02031000","02031000",246607887.90553
"88",1993,1997,227.738044198866,258.726923908412,NA,NA,NA,"usgs_ws_01660400","01660400",90667126.4938592
"89",1993,1997,232.096831608256,239.874991545081,242.16011108135,0.0221622518756941,27.8318561752413,"usgs_ws_01653000","01653000",87625394.9855376
"90",1993,1997,217.152180785911,253.636780078161,211.909061281225,0.0998815191340554,516.636467275435,"usgs_ws_02015700","02015700",283788240.656139
"91",1993,1997,210.847948393457,221.127809748465,206.48037527887,0.0353350400363825,56.5497634884247,"usgs_ws_01621050","01621050",37059064.7025727
"92",1993,1997,233.207209481377,233.009363828953,235.322665131913,0.00548348550944063,1.64427640497516,"usgs_ws_02064000","02064000",427385214.956092
"93",1993,1997,247.315871990843,249.729542458835,259.774433585205,0.026191187427111,43.6568999781997,"usgs_ws_01666500","01666500",464293046.257376
"94",1993,1997,229.487870031872,241.836554790885,230.399232683235,0.0294198395125986,47.3554890256514,"usgs_ws_02051000","02051000",144937406.448347
"95",1993,1997,233.654736407726,246.734143318763,227.87228053128,0.0409311373968507,93.379591486896,"usgs_ws_01671025","01671025",1207710904.84417
"96",1993,1997,227.317191469099,234.984322709147,232.914002226437,0.0171159745603632,15.7325698344506,"usgs_ws_02062500","02062500",6223099594.926
"97",1993,1997,309.849491687947,259.43004881069,NA,NA,NA,"usgs_ws_02027500","02027500",123527986.977875
"98",1993,1997,245.364868218047,253.579287000777,237.178880333104,0.0334191719793767,67.2434020759277,"usgs_ws_02075500","02075500",6698712228.55323
"99",1993,1997,NA,274.254944169609,NA,NA,NA,"usgs_ws_02011490","02011490",12689912.2379998
"100",1993,1997,214.162474578759,224.879232565712,209.596524145115,0.0362834046755731,61.5429969637367,"usgs_ws_01634000","01634000",1994017493.52069
"101",1993,1997,223.774060821617,233.059043716407,218.013706310015,0.0337461722753662,57.625794854674,"usgs_ws_02042500","02042500",651065126.134058
"102",1993,1997,230.02276262671,240.740128201259,224.633522398512,0.0353706210106254,67.2214309301461,"usgs_ws_02035000","02035000",16184361368.2907
"103",1993,1997,235.389040606595,245.542304882885,229.350861382207,0.0345598364530068,66.9518710742817,"usgs_ws_02077000","02077000",1416008028.38206
"104",1993,1997,210.962036259193,237.115936302696,196.882750017415,0.0949655121017521,416.827011204926,"usgs_ws_02013100","02013100",1583226778.02646
"105",1993,1997,273.098404231188,263.336747065592,256.498518430385,0.031564065119237,69.6012550142808,"usgs_ws_01665500","01665500",296487823.971996
"106",1993,1997,217.82282572438,230.521931880626,244.22538385014,0.0571976539608364,174.357828105414,"usgs_ws_01638480","01638480",231530033.229766
"107",1993,1997,254.839183361272,258.254495281248,NA,NA,NA,"usgs_ws_01626000","01626000",328514897.362503
"108",1993,1997,236.082685702606,244.837952485404,245.533477076195,0.0217513916816552,27.7426514135759,"usgs_ws_02061500","02061500",814828423.80029
"109",1993,1997,220.220933835059,238.592663158921,216.042414539669,0.0533290951162943,143.915695773555,"usgs_ws_02025500","02025500",8428090228.51836
"110",1993,1997,234.503700863388,243.161104282594,198.280600711685,0.105671521541991,566.887203223611,"usgs_ws_03490000","03490000",1738263722.03573
"111",1993,1997,247.26708447863,253.700334883961,212.37057137296,0.0935257501967949,494.550448264534,"usgs_ws_03473000","03473000",785212583.985672
"112",1993,1997,235.362623337488,240.712360977864,239.458552142194,0.0117305491668215,7.82806036507966,"usgs_ws_02039500","02039500",782176002.350829
"113",1993,1997,250.953718251717,246.944168689389,NA,NA,NA,"usgs_ws_03471500","03471500",198287155.934274
"114",1993,1997,224.71999280839,227.258191430612,215.82388819838,0.0269744531164116,36.0544033141181,"usgs_ws_01632000","01632000",542767682.476967
"115",1993,1997,217.547474376601,216.108893739907,215.116764456953,0.00565144801421835,1.49369757930645,"usgs_ws_02017500","02017500",271938885.682366
"116",1993,1997,251.97050021913,257.901065434323,195.85689710125,0.145542640481269,1172.23114713087,"usgs_ws_01626850","01626850",382484766.219302
"117",1993,1997,239.60662971483,261.924379622993,200.911601799293,0.131842312978018,952.991034018622,"usgs_ws_03209200","03209200",1362554358.44218
"118",1993,1997,234.161813774669,242.190482961368,232.729819860288,0.021574029846734,26.002380298732,"usgs_ws_02079500","02079500",20366675573.7567
"119",1993,1997,199.554372087046,223.380266253979,227.19848095483,0.0691254947872582,224.408125241596,"usgs_ws_02054500","02054500",658458238.142593
"120",1993,1997,225.612556308013,249.805300131299,NA,NA,NA,"usgs_ws_02022500","02022500",90906193.368695
"121",1993,1997,242.013198119165,263.947099709088,206.57378084112,0.12189049523214,838.124342314886,"usgs_ws_03208950","03208950",172188912.950058
"122",1993,1997,222.645741880268,235.648390996074,239.06846767958,0.0372752657418932,75.0786218715402,"usgs_ws_01643700","01643700",315311574.332072
"123",1993,1997,221.529504476084,218.21506444897,212.49552363391,0.0210200405912432,20.8852449475397,"usgs_ws_02018000","02018000",851865579.038167
"124",1993,1997,227.714815170283,246.544559543882,218.80348035854,0.0613060061488193,200.589772611575,"usgs_ws_02049500","02049500",1587615689.12163
"125",1993,1997,254.781952700595,252.10666605728,238.484655028363,0.0351767239450258,76.3863757521942,"usgs_ws_02072500","02072500",669886699.671033
"126",1993,1997,217.859849862905,231.112424562842,NA,NA,NA,"usgs_ws_01638350","01638350",81829833.9597626
"127",1993,1997,230.86126444949,257.190370815084,219.834206308833,0.0813407367460837,368.383479977714,"usgs_ws_01674000","01674000",663316340.43919
"128",1993,1997,210.416996635643,240.578372219529,211.26604321746,0.0777962920827039,294.940348122642,"usgs_ws_01625000","01625000",964748478.119823
"129",1993,1997,244.630934765456,253.394037737197,236.267303380235,0.0349893790756482,73.3445555625216,"usgs_ws_02076000","02076000",7150792121.92409
"130",1993,1997,234.320574548334,235.325017072316,177.218680343705,0.154258991202394,1106.33026575988,"usgs_ws_03521500","03521500",355023859.517368
"131",1993,1997,237.061397456945,245.657678567916,NA,NA,NA,"usgs_ws_01654000","01654000",61781349.3063163
"132",1993,1997,233.654736407726,246.97815478037,227.87228053128,0.0414866225351713,95.9974506529305,"usgs_ws_01671020","01671020",1195019430.59464
"133",1993,1997,231.908886802821,245.278418998891,228.851523579756,0.0371209297890077,76.3224590217837,"usgs_ws_01672500","01672500",1022231010.17991
"134",1993,1997,244.970434870399,271.820718731398,209.187773394407,0.129848606604634,987.37040788468,"usgs_ws_03209000","03209000",572746327.341673
"135",1993,1997,253.979152881691,248.80056187832,NA,NA,NA,"usgs_ws_01636210","01636210",36245223.4625335
"136",1993,1997,220.90112476659,239.532621208944,235.11757971933,0.041992390736092,94.7888070766312,"usgs_ws_01644280","01644280",197014722.305778
"137",1993,1997,227.016007014207,242.212572458018,212.951590899309,0.0643560513764275,214.158073953353,"usgs_ws_01631000","01631000",4230045448.71749
"138",1993,1997,221.209925921482,244.077243866573,205.432877862828,0.0869078888339677,377.536083213053,"usgs_ws_03170000","03170000",800468899.861655
"139",1993,1997,239.92370873432,232.912027722505,190.2870712589,0.121531233910849,721.641060666987,"usgs_ws_03488000","03488000",572312493.930823
"140",1993,1997,221.044587821612,231.791340426424,NA,NA,NA,"usgs_ws_01643805","01643805",98653506.585549
"141",1993,1997,220.464225972963,243.131675303171,207.19485025309,0.0812715632486618,330.224164302136,"usgs_ws_03176500","03176500",9794840721.79541
"142",1993,1997,233.265132575816,240.078852028286,231.518235256,0.0192519357782169,20.4604304241501,"usgs_ws_02039000","02039000",180131274.456192
"143",1993,1997,231.45444572987,256.384266133485,219.881801081736,0.0790739987184813,347.975334060439,"usgs_ws_03168000","03168000",5726801560.68145
"144",1993,1997,258.908616733649,252.425254993634,241.663935616565,0.0347026075328848,75.8698335028499,"usgs_ws_02032640","02032640",280429242.505543
"145",1993,1997,210.672729697344,218.501467446534,NA,NA,NA,"usgs_ws_01615000","01615000",150507297.201678
"146",1993,1997,220.970246914704,238.287280064219,218.119649780548,0.0483380097688036,119.123142063587,"usgs_ws_02026000","02026000",9444441426.31322
"147",1993,1997,244.82388906979,273.850734231641,235.818858838178,0.0790261625949873,395.011975911031,"usgs_ws_03164000","03164000",2954905986.34597
"148",1993,1997,230.476089232404,248.183489492003,230.184492864065,0.0436284103875108,106.266822001363,"usgs_ws_02024000","02024000",1673771710.86912
"149",1993,1997,218.710726948423,237.782121097491,214.532855113762,0.055411705372443,153.616842773032,"usgs_ws_02024752","02024752",7961404152.46684
"150",1993,1997,240.179912500477,243.646414115286,243.48611348468,0.00807116555029355,3.82888244759823,"usgs_ws_02058400","02058400",909415393.031254
"151",1993,1997,284.253765736587,292.287659906581,219.75967378827,0.149786224524029,1580.72335369176,"usgs_ws_03529500","03529500",290185382.705737
"152",1993,1997,235.086814135549,241.093236109395,236.03477098054,0.0136017932754266,10.4272994279528,"usgs_ws_02040000","02040000",1877236920.11687
"153",1993,1997,244.725086594956,250.080033535985,240.37453066116,0.0198376225984683,23.6332632879268,"usgs_ws_02034000","02034000",1715497565.62336
"154",1993,1997,216.607844004319,232.406529601194,193.40862806265,0.0916014832201691,384.773068551183,"usgs_ws_01632900","01632900",242136650.317969
"155",1993,1997,201.511308742149,222.655823771662,185.892918492358,0.0907314570213688,340.4226390672,"usgs_ws_03173000","03173000",773227016.28835
"156",1993,1997,222.593427185081,227.292389759307,NA,NA,NA,"usgs_ws_01673550","01673550",66078662.1987425
"157",1993,1997,NA,247.15485833555,NA,NA,NA,"usgs_ws_01645784","01645784",2042210.76794874
"158",1993,1997,215.217104333358,240.973901306809,203.73231080279,0.0866970502598306,363.708189340057,"usgs_ws_03478400","03478400",69749571.750196
"159",1993,1997,252.967191589616,255.797014369612,259.24004943837,0.0122711054721409,9.86852217359351,"usgs_ws_02061000","02061000",294024722.017034
"160",1993,1997,227.310334988607,240.990721603365,229.89984461829,0.0312250474603856,52.8110150582548,"usgs_ws_02046000","02046000",291446814.970076
"161",1993,1997,223.957342741736,238.960914284532,225.484301761457,0.035982846670478,68.1763079974723,"usgs_ws_02047000","02047000",3730477372.58245
"162",1993,1997,231.451790797593,241.603353387398,231.807850569872,0.0245195447791578,33.1888128373865,"usgs_ws_02059500","02059500",485703761.838651
"163",1993,1997,232.266969127641,238.165990716501,232.927478799143,0.0137854477843805,10.4461226400462,"usgs_ws_02041000","02041000",408541002.191427
"164",1993,1997,213.126099440712,218.652391407381,214.94359638444,0.0130654365191617,7.93305976058736,"usgs_ws_01616100","01616100",28446307.5602715
"165",1993,1997,227.958792096455,248.027236256709,223.42231177182,0.0561648167278933,171.454068942682,"usgs_ws_01674500","01674500",1559335859.90549
"166",1993,1997,224.924571393662,251.488737203474,NA,NA,NA,"usgs_ws_01658500","01658500",19725900.3190089
"167",1993,1997,231.802260993043,249.787111573882,201.578634442955,0.106980065552384,593.496619922908,"usgs_ws_03207800","03207800",768290208.766574
"168",1993,1997,216.348167914791,230.995524561991,NA,NA,NA,"usgs_ws_01643590","01643590",20399448.1462486
"169",1993,1997,204.983667165471,221.169701169549,225.057592659643,0.0490455287909444,113.344313627585,"usgs_ws_02055000","02055000",993928750.789965
"170",1993,1997,230.389362724099,250.580615479094,231.406391363583,0.0479039174437701,129.395317583577,"usgs_ws_02020500","02020500",364961358.476462
"171",1993,1997,240.790636960432,250.696725948804,237.64686848672,0.0280223544367538,46.3854431737637,"usgs_ws_02030000","02030000",299384470.642828
"172",1993,1997,225.608349958694,232.362398726148,245.78768390638,0.0437869594647855,105.510162582658,"usgs_ws_01662800","01662800",66665826.823936
"173",1993,1997,237.914458932761,254.525885540359,NA,NA,NA,"usgs_ws_01670300","01670300",14451379.0095834
"174",1993,1997,227.257247345103,238.887060173345,229.759034010756,0.0263891925717191,37.4720574275465,"usgs_ws_02045500","02045500",1493310197.58654
"175",1993,1997,232.42514707625,262.825296612941,219.0541340372,0.0942072313372019,503.144625795931,"usgs_ws_02011470","02011470",195632586.421466
"176",1993,1997,209.546504228983,221.002943136951,222.87077783047,0.0331223933873891,52.0458443169364,"usgs_ws_01636316","01636316",55343159.3744726
"177",1993,1997,220.522825088392,226.737016227728,214.01880848348,0.0288516235979732,40.4452019565059,"usgs_ws_01634500","01634500",264227056.477521
"178",1993,1997,220.68948144978,234.284823319504,187.778134864705,0.111610108059693,571.810354271552,"usgs_ws_03474000","03474000",341053098.204821
"179",1993,1997,261.039558798448,268.190468158102,251.06963164052,0.0330604201750764,73.9429992110258,"usgs_ws_02069700","02069700",221502850.269753
"180",1993,1997,223.271800371985,234.968244844969,239.594456939992,0.0361661685012955,70.7729615158018,"usgs_ws_01644000","01644000",858758018.70125
"181",1993,1997,226.56720100209,239.285533165177,223.77015233188,0.0359739527840634,68.3844161127321,"usgs_ws_02038000","02038000",85695863.4688673
"182",1993,1997,220.583013327306,236.427318504402,210.62619634279,0.0584690909734116,169.313019301086,"usgs_ws_01638500","01638500",24734568589.6518
"183",1993,1997,235.209703331875,247.845276934555,235.53664687476,0.0300697631522069,51.8778310496465,"usgs_ws_02077303","02077303",526773223.247774
"184",1993,1997,247.796867102192,257.809732640153,NA,NA,NA,"usgs_ws_02071000","02071000",2710709999.84841
"185",1993,1997,271.497572262781,274.075533697624,242.363346099233,0.0670564681477293,310.185310263972,"usgs_ws_02068500","02068500",321904888.090359
"186",1993,1997,249.895797666991,253.127398638131,239.782991195344,0.0281161821318592,48.4642182614614,"usgs_ws_02074000","02074000",1408838904.68747
"187",1993,1997,279.64107075648,309.257413948678,261.27406628477,0.0854313160058502,586.146048396233,"usgs_ws_03161000","03161000",533712043.008783
"188",1993,1997,222.589988947612,237.447244027339,231.26320362222,0.0323880867570159,55.7008395046774,"usgs_ws_02052500","02052500",179871003.549627
