"","start_year","end_year","prism_precip","daymet_precip","nldas_precip","daymet_ndays_with_data","prism_ndays_with_data","nldas2_ndays_with_data","daymet_missing","prism_missing","nldas2_missing","var","CV","nldas2_dif_from_mean","prism_dif_from_mean","daymet_dif_from_mean","hydrocode"
"1",1993,1997,213.117423207859,231.468625020769,207.024859149944,1824,1826,1826,0,0,0,161.897272454275,0.0585804462058633,-10.1787766429134,-4.08621258499818,14.2649892279116,"usgs_ws_02019500"
"2",1993,1997,220.377821877786,231.796147100655,214.554437381643,1824,1826,1826,0,0,0,76.9277519866295,0.0394651553390363,-7.68836473838468,-1.86498024224218,9.55334498062686,"usgs_ws_01622000"
"3",1993,1997,217.573797977313,249.220147875465,211.24085816449,1824,1826,1826,0,0,0,414.004005916549,0.0900267431787241,-14.7707431745994,-8.43780336177636,23.2085465363758,"usgs_ws_02011400"
"4",1993,1997,199.071879070092,226.579453065414,NA,1824,1826,0,0,0,1826,NA,NA,NA,NA,NA,"usgs_ws_03473500"
"5",1993,1997,235.60759020301,246.834856638625,229.258917106835,1824,1826,1826,0,0,0,79.2118020205891,0.0375161620619588,-7.97487087598836,-1.62619777981348,9.60106865580184,"usgs_ws_01670400"
"6",1993,1997,220.258675537055,236.24369472282,230.97682945183,1824,1826,1826,0,0,0,66.3565885821423,0.0355470624617488,1.81709621459518,-8.90105770018019,7.08396148558498,"usgs_ws_02036500"
"7",1993,1997,235.295867607785,248.241232947649,229.21852535274,1824,1826,1826,0,0,0,94.3966628181498,0.0408939367835602,-8.36668328331785,-2.28934102827301,10.6560243115908,"usgs_ws_01656000"
"8",1993,1997,228.877260534237,244.445571650823,223.084752355465,1824,1826,1826,0,0,0,122.035010498822,0.047588277322994,-9.05110915804354,-3.25860097927142,12.309710137315,"usgs_ws_01671100"
"9",1993,1997,234.792759311854,236.877090962963,245.66900667694,1824,1826,1826,0,0,0,33.3224961833388,0.0241415784253414,6.55605435968772,-4.3201930053983,-2.23586135428943,"usgs_ws_02065500"
"10",1993,1997,215.130888056031,249.012092865071,205.948736540342,1824,1826,1826,0,0,0,514.450100619972,0.101545020828924,-17.4151692801398,-8.23301776445012,25.6481870445899,"usgs_ws_02011800"
"11",1993,1997,214.925422971038,246.007323737107,202.96422433628,1824,1826,1826,0,0,0,493.643872340226,0.100398550490806,-18.3347660118615,-6.37356737710385,24.7083333889653,"usgs_ws_02012500"
"12",1993,1997,226.824912214545,246.257051110833,217.609246445937,1824,1826,1826,0,0,0,213.872204960224,0.063520586484662,-12.6211568111678,-3.40549104256019,16.026647853728,"usgs_ws_02047500"
"13",1993,1997,232.264337610944,246.639053519271,241.26013815442,1824,1826,1826,0,0,0,52.7482692275553,0.0302547966214636,1.2056283928749,-7.79017215060085,6.58454375772592,"usgs_ws_02038850"
"14",1993,1997,229.943967920403,238.79329128097,229.337469511458,1824,1826,1826,0,0,0,28.0151549327821,0.0227465665948942,-3.35410672615222,-2.74760831720721,6.1017150433594,"usgs_ws_02044500"
"15",1993,1997,231.146719221167,226.608560009238,232.147024965625,1824,1826,1826,0,0,0,8.71168244805834,0.0128346691358252,2.17959023361507,1.17928448915731,-3.35887472277241,"usgs_ws_02056650"
"16",1993,1997,223.404438158199,235.771049693634,222.711489358627,1824,1826,1826,0,0,0,53.9942291751419,0.0323282749570391,-4.58416971152619,-3.89122091195424,8.47539062348042,"usgs_ws_01669520"
"17",1993,1997,224.899181979686,232.242075279539,NA,1824,1826,0,0,0,1826,NA,NA,NA,NA,NA,"usgs_ws_03177710"
"18",1993,1997,215.006835100467,223.506648820055,206.74033998618,1824,1826,1826,0,0,0,70.2818144425201,0.0389773357656032,-8.34426798272094,-0.0777728684334704,8.42204085115443,"usgs_ws_01613900"
"19",1993,1997,233.113177222646,239.530760525305,233.747239027275,1824,1826,1826,0,0,0,12.5060884561396,0.0150188519694396,-1.71648656446703,-2.35054836909612,4.06703493356315,"usgs_ws_02041650"
"20",1993,1997,222.851200594662,240.600207200681,208.249435520869,1824,1826,1826,0,0,0,262.468534508352,0.0723575718207239,-15.6508455845353,-1.04908051074185,16.6999260952771,"usgs_ws_01628500"
"21",1993,1997,231.492378394502,249.783087688436,232.3278307438,1824,1826,1826,0,0,0,106.655670351066,0.0434166571199282,-5.53993486511277,-6.37538721441041,11.9153220795232,"usgs_ws_02021500"
"22",1993,1997,253.325301746999,252.591111574236,238.484655028363,1824,1826,1826,0,0,0,69.9626577529556,0.033709120112164,-9.64903442150285,5.19161229713288,4.45742212437,"usgs_ws_02072000"
"23",1993,1997,216.432615383383,225.680706549675,205.608718804239,1824,1826,1826,0,0,0,100.928103238162,0.046530598103287,-10.2986281081933,0.525268470950863,9.77335963724246,"usgs_ws_01633000"
"24",1993,1997,194.520354400325,215.934510128868,175.85337842534,1824,1826,1826,0,0,0,402.253196042082,0.102623070909832,-19.5827025595042,-0.915726584519518,20.4984291440236,"usgs_ws_03167000"
"25",1993,1997,255.944249366746,286.878163376204,212.57556754665,1824,1826,1826,0,0,0,1393.10422429454,0.148230386146937,-39.22375921655,4.14492260354629,35.0788366130037,"usgs_ws_03208800"
"26",1993,1997,221.639279820232,235.788479752598,189.73146465966,1824,1826,1826,0,0,0,556.592861053074,0.109365142920712,-25.9882767511702,5.91953840940221,20.068738341768,"usgs_ws_03475000"
"27",1993,1997,267.112683741984,260.105219591986,269.35232655254,1824,1826,1826,0,0,0,23.2715901453829,0.0181681293392123,3.82891659036994,1.58927377981377,-5.41819037018377,"usgs_ws_02032250"
"28",1993,1997,200.142618693784,222.88770868281,227.19848095483,1824,1826,1826,0,0,0,211.323593146476,0.0670701134503877,10.4555448443553,-16.6003174166911,6.14477257233571,"usgs_ws_02054530"
"29",1993,1997,216.651171425881,220.869101174446,198.0168392125,1824,1826,1826,0,0,0,147.875857529983,0.0574022580590247,-13.8288647251091,4.8054674882718,9.02339723683727,"usgs_ws_02014000"
"30",1993,1997,262.748689795861,248.791000061038,258.371930203182,1824,1826,1826,0,0,0,50.9612249423887,0.0278163607196805,1.7347235164878,6.11148310916764,-7.8462066256555,"usgs_ws_01663500"
"31",1993,1997,225.111634361534,241.996825070682,208.36636054927,1824,1826,1826,0,0,0,282.753667376329,0.0746820470844442,-16.7919127778922,-0.0466389656280342,16.8385517435202,"usgs_ws_01629500"
"32",1993,1997,239.715470879079,251.495341954167,200.271877716001,1824,1826,1826,0,0,0,719.73428211982,0.116392778645339,-30.2223524670819,9.22124069599701,21.0011117710849,"usgs_ws_03527000"
"33",1993,1997,221.882128026497,236.200816510251,NA,1824,1826,0,0,0,1826,NA,NA,NA,NA,NA,"usgs_ws_01636690"
"34",1993,1997,238.267200841872,243.799623558007,232.49210979764,1824,1826,1826,0,0,0,31.9698741866781,0.0237385214054394,-5.69420160153311,0.0808894426990605,5.61331215883402,"usgs_ws_02059485"
"35",1993,1997,224.667933158894,234.2225293656,228.723324579145,1824,1826,1826,0,0,0,22.9962935880028,0.0209221157756891,-0.48127112206808,-4.53666254231899,5.01793366438704,"usgs_ws_02052000"
"36",1993,1997,253.440115479906,257.644442689761,204.451274445623,1824,1826,1826,0,0,0,874.516010169805,0.123986314233347,-34.0606697594733,14.9281712748091,19.1324984846642,"usgs_ws_01627500"
"37",1993,1997,229.655778555745,240.489185315064,225.019923078766,1824,1826,1826,0,0,0,63.0253220252775,0.0342602844000041,-6.70170590442589,-2.06585042744655,8.76755633187247,"usgs_ws_02037500"
"38",1993,1997,255.857618364948,291.647487278871,NA,1824,1826,0,0,0,1826,NA,NA,NA,NA,NA,"usgs_ws_03208700"
"39",1993,1997,202.163298134447,233.279171560933,226.73367755423,1824,1826,1826,0,0,0,269.124102619496,0.0743231348661492,6.00829513769321,-18.5620842820896,12.5537891443964,"usgs_ws_02053800"
"40",1993,1997,233.409496161063,242.402296201895,NA,1824,1826,0,0,0,1826,NA,NA,NA,NA,NA,"usgs_ws_01652500"
"41",1993,1997,203.856453625071,220.277788477619,182.692643273397,1824,1826,1826,0,0,0,355.035041160603,0.0931519713862578,-19.5829851852989,1.58082516637549,18.0021600189234,"usgs_ws_02013000"
"42",1993,1997,225.178343316945,233.228947672227,231.99752542176,1824,1826,1826,0,0,0,18.8049793038096,0.0188431659167395,1.86258661811601,-4.95659548669894,3.09400886858296,"usgs_ws_02060500"
"43",1993,1997,210.380839541371,222.83065932801,223.029273486924,1824,1826,1826,0,0,0,52.5033902631529,0.0331246820904675,4.28234936815548,-8.3660845773972,4.08373520924175,"usgs_ws_02056000"
"44",1993,1997,247.035595190952,254.460203363357,238.051013679484,1824,1826,1826,0,0,0,67.5181695885536,0.0333323486148298,-8.46459039844731,0.519991113020751,7.94459928542656,"usgs_ws_02075045"
"45",1993,1997,208.793124075311,242.986689033987,215.886196302893,1824,1826,1826,0,0,0,325.658044079499,0.0810854428092944,-6.66914016783741,-13.7622123954194,20.4313525632568,"usgs_ws_02016000"
"46",1993,1997,243.24195803632,247.66969006163,244.184703454886,1824,1826,1826,0,0,0,5.43978524356166,0.00951848576526823,-0.847413729392571,-1.79015914795883,2.63757287735137,"usgs_ws_01668000"
"47",1993,1997,221.504272972135,244.911086260797,NA,1824,1826,0,0,0,1826,NA,NA,NA,NA,NA,"usgs_ws_01661800"
"48",1993,1997,219.273080596723,229.971318498279,NA,1824,1826,0,0,0,1826,NA,NA,NA,NA,NA,"usgs_ws_01669000"
"49",1993,1997,253.813958067613,252.920094814073,238.004155293828,1824,1826,1826,0,0,0,78.872351172267,0.0357750305108265,-10.2419140980099,5.56788867577492,4.6740254222349,"usgs_ws_02073000"
"50",1993,1997,250.779284009423,258.264935715332,238.83786125584,1824,1826,1826,0,0,0,96.0072968161017,0.0393043164584081,-10.4561657376917,1.48525701589142,8.97090872180024,"usgs_ws_02070000"
"51",1993,1997,228.452695716963,235.046546634629,233.151671216023,1824,1826,1826,0,0,0,11.5249655862031,0.0146192759014694,0.934700026818177,-3.7642754722423,2.82957544542415,"usgs_ws_02066000"
"52",1993,1997,222.074076781512,234.366838520328,244.22538385014,1824,1826,1826,0,0,0,123.16388533932,0.0475172956743994,10.6699507994801,-11.4813562691481,0.811405469667932,"usgs_ws_01638420"
"53",1993,1997,208.489842479168,222.485459083343,199.42558406771,1824,1826,1826,0,0,0,134.965983402896,0.0552861823481552,-10.7080444756972,-1.64378606423887,12.3518305399361,"usgs_ws_01632082"
"54",1993,1997,210.797989762444,235.237719108592,204.045769034365,1824,1826,1826,0,0,0,269.305100784457,0.0757313593002776,-12.6480569341023,-5.89583620602269,18.543893140125,"usgs_ws_02016500"
"55",1993,1997,275.908007897897,255.43947600921,231.493249022035,1824,1826,1826,0,0,0,494.175565100078,0.087423464626746,-22.786995287679,21.627763588183,1.15923169949599,"usgs_ws_02028500"
"56",1993,1997,222.953203107282,239.414956379621,223.675832070973,1824,1826,1826,0,0,0,86.5385912369346,0.0406793682901311,-5.00549844831897,-5.72812741201005,10.7336258603291,"usgs_ws_01635500"
"57",1993,1997,226.960811539758,239.002689416687,221.367703013029,1824,1826,1826,0,0,0,81.2137385419697,0.0393341659233019,-7.74269831012862,-2.14958978340019,9.89228809352883,"usgs_ws_02029000"
"58",1993,1997,242.591922313186,265.5388485942,NA,1824,1826,0,0,0,1826,NA,NA,NA,NA,NA,"usgs_ws_01620500"
"59",1993,1997,288.004712740241,266.303111631845,NA,1824,1826,0,0,0,1826,NA,NA,NA,NA,NA,"usgs_ws_02071530"
"60",1993,1997,234.641176687914,263.630983918655,219.0541340372,1824,1826,1826,0,0,0,511.74339453742,0.0946086023461389,-20.0546308440564,-4.46758819334249,24.5222190373989,"usgs_ws_02011460"
"61",1993,1997,231.549048307875,244.387693989718,227.074839387369,1824,1826,1826,0,0,0,80.7640504817211,0.0383502165582128,-7.26235450761865,-2.78814558711201,10.0505000947307,"usgs_ws_01673000"
"62",1993,1997,229.066519150623,244.622352989346,235.19865062925,1824,1826,1826,0,0,0,61.3988615101291,0.0331607299229987,-1.09719029382308,-7.2293217724496,8.3265120662727,"usgs_ws_01646000"
"63",1993,1997,218.661410663542,231.162061853771,237.46010460634,1824,1826,1826,0,0,0,91.5537527746546,0.0417660461126375,8.36557889845571,-10.433115044342,2.06753614588629,"usgs_ws_01643880"
"64",1993,1997,242.255609759971,270.210633680404,232.863526336787,1824,1826,1826,0,0,0,377.416836725945,0.0781957990398572,-15.5797302555999,-6.18764683241682,21.7673770880168,"usgs_ws_03165500"
"65",1993,1997,222.66485128062,256.651306140431,212.374383710977,1824,1826,1826,0,0,0,536.903116093962,0.100497991033932,-18.1891299996993,-7.89866243005579,26.0877924297551,"usgs_ws_02011500"
"66",1993,1997,274.140933823069,295.677460293122,223.920170785593,1824,1826,1826,0,0,0,1355.8426016548,0.139170892038293,-40.6593508483346,9.56141218914064,31.0979386591939,"usgs_ws_03531500"
"67",1993,1997,215.58446732403,228.653236542306,191.54891052297,1824,1826,1826,0,0,0,354.205288161118,0.0888049951520777,-20.3799609401319,3.6555958609278,16.7243650792041,"usgs_ws_03175500"
"68",1993,1997,248.95855798308,250.71205924271,250.378588452396,1824,1826,1826,0,0,0,0.867075994883816,0.00372443226831644,0.362186559667435,-1.05784390964874,0.695657349981275,"usgs_ws_01667500"
"69",1993,1997,232.036963855833,258.550932891901,220.73355620393,1824,1826,1826,0,0,0,376.818593025089,0.0818693815392342,-16.373594779958,-5.07018712805476,21.4437819080128,"usgs_ws_01673800"
"70",1993,1997,229.603498578958,226.162519183449,NA,1824,1826,0,0,0,1826,NA,NA,NA,NA,NA,"usgs_ws_02018500"
"71",1993,1997,267.639750895574,279.795275819053,219.06702380794,1824,1826,1826,0,0,0,1032.49786587006,0.125762891812061,-36.4336596995823,12.1390673880514,24.2945923115308,"usgs_ws_03524500"
"72",1993,1997,218.299340350103,222.365362798044,NA,1824,1826,0,0,0,1826,NA,NA,NA,NA,NA,"usgs_ws_02079640"
"73",1993,1997,287.730475547992,251.351135528618,241.82811090207,1824,1826,1826,0,0,0,586.861909728364,0.0930654295829287,-18.4751297574901,27.4272348884317,-8.95210513094159,"usgs_ws_02027000"
"74",1993,1997,227.212998863351,233.084659438091,241.521904043805,1824,1826,1826,0,0,0,51.7347103174738,0.0307458706737784,7.58204992872274,-6.72685525173162,-0.85519467699109,"usgs_ws_02056900"
"75",1993,1997,251.681103228229,276.132688333937,237.58169128617,1824,1826,1826,0,0,0,380.475467445075,0.0764537319473828,-17.550136329942,-3.45072438788276,21.0008607178247,"usgs_ws_03165000"
"76",1993,1997,235.323216757556,254.514036224516,195.394154069217,1824,1826,1826,0,0,0,909.629677506533,0.132043280361141,-33.0163149478794,6.91274774046005,26.1035672074194,"usgs_ws_03208500"
"77",1993,1997,NA,245.69135317634,NA,1824,0,0,0,1826,1826,NA,NA,NA,NA,NA,"usgs_ws_01654500"
"78",1993,1997,227.68830406994,242.342523873868,231.531568924617,1824,1826,1826,0,0,0,57.7322649532954,0.032491087638233,-2.32256336485773,-6.16582821953526,8.48839158439301,"usgs_ws_02030500"
"79",1993,1997,226.997279807792,251.461577190091,213.61299667829,1824,1826,1826,0,0,0,368.359321343094,0.0831966615873085,-17.0776212137678,-3.69333808426578,20.7709592980336,"usgs_ws_03171000"
"80",1993,1997,265.958351963531,269.915334619742,NA,1824,1826,0,0,0,1826,NA,NA,NA,NA,NA,"usgs_ws_02024915"
"81",1993,1997,239.160017290677,239.541608239097,186.28488405835,1824,1826,1826,0,0,0,938.700666075406,0.138220348221955,-35.3772858043581,17.4978474279689,17.8794383763892,"usgs_ws_03524000"
"82",1993,1997,224.823276260279,233.19962703568,227.90884998553,1824,1826,1826,0,0,0,17.9460565534854,0.0185278430423381,-0.735067774966154,-3.82064150021739,4.55570927518357,"usgs_ws_02051500"
"83",1993,1997,247.344868827094,243.069809966257,248.53531889046,1824,1826,1826,0,0,0,8.26084790292324,0.0116685936373623,2.21865299585639,1.02820293249059,-3.24685592834695,"usgs_ws_01664000"
"84",1993,1997,239.0667941167,253.702398728226,242.705593659375,1824,1826,1826,0,0,0,58.0619176965024,0.0310812984643668,-2.45266850872551,-6.09146805140037,8.54413656012588,"usgs_ws_02074500"
"85",1993,1997,222.845159800796,230.085714822554,221.51777316284,1824,1826,1826,0,0,0,21.2662027656651,0.0205124408459882,-3.29844276588997,-1.97105612793402,5.26949889382396,"usgs_ws_02055100"
"86",1993,1997,234.531473772151,245.931441173177,235.737169817688,1824,1826,1826,0,0,0,39.222688028008,0.026233459326486,-2.99619176998411,-4.20188781552127,7.19807958550538,"usgs_ws_02077500"
"87",1993,1997,238.867263461538,251.314661986655,236.50438361781,1824,1826,1826,0,0,0,63.3108794269436,0.0328483417008668,-5.72438607085772,-3.36150622712964,9.08589229798736,"usgs_ws_02031000"
"88",1993,1997,227.738044198866,258.726923908412,NA,1824,1826,0,0,0,1826,NA,NA,NA,NA,NA,"usgs_ws_01660400"
"89",1993,1997,232.096831608256,239.874991545081,242.16011108135,1824,1826,1826,0,0,0,27.8318561752413,0.0221622518756941,4.11613300312084,-5.94714646997272,1.83101346685191,"usgs_ws_01653000"
"90",1993,1997,217.152180785911,253.636780078161,211.909061281225,1824,1826,1826,0,0,0,516.636467275435,0.0998815191340554,-15.6569461005406,-10.4138265958547,26.0707726963952,"usgs_ws_02015700"
"91",1993,1997,210.847948393457,221.127809748465,206.48037527887,1824,1826,1826,0,0,0,56.5497634884247,0.0353350400363825,-6.33833586139397,-1.97076274680731,8.30909860820131,"usgs_ws_01621050"
"92",1993,1997,233.207209481377,233.009363828953,235.322665131913,1824,1826,1826,0,0,0,1.64427640497516,0.00548348550944063,1.47625231783252,-0.639203332704255,-0.837048985128234,"usgs_ws_02064000"
"93",1993,1997,247.315871990843,249.729542458835,259.774433585205,1824,1826,1826,0,0,0,43.6568999781997,0.026191187427111,7.50115090691062,-4.95741068745173,-2.5437402194589,"usgs_ws_01666500"
"94",1993,1997,229.487870031872,241.836554790885,230.399232683235,1824,1826,1826,0,0,0,47.3554890256514,0.0294198395125986,-3.50865315209543,-4.42001580345874,7.92866895555417,"usgs_ws_02051000"
"95",1993,1997,233.654736407726,246.734143318763,227.87228053128,1824,1826,1826,0,0,0,93.379591486896,0.0409311373968507,-8.2147728879763,-2.43231701153053,10.6470898995069,"usgs_ws_01671025"
"96",1993,1997,227.317191469099,234.984322709147,232.914002226437,1824,1826,1826,0,0,0,15.7325698344506,0.0171159745603632,1.17549675820885,-4.42131399912856,3.24581724091968,"usgs_ws_02062500"
"97",1993,1997,309.849491687947,259.43004881069,NA,1824,1826,0,0,0,1826,NA,NA,NA,NA,NA,"usgs_ws_02027500"
"98",1993,1997,245.364868218047,253.579287000777,237.178880333104,1824,1826,1826,0,0,0,67.2434020759277,0.0334191719793767,-8.19546485087224,-0.00947696592879765,8.20494181680101,"usgs_ws_02075500"
"99",1993,1997,NA,274.254944169609,NA,1824,0,0,0,1826,1826,NA,NA,NA,NA,NA,"usgs_ws_02011490"
"100",1993,1997,214.162474578759,224.879232565712,209.596524145115,1824,1826,1826,0,0,0,61.5429969637367,0.0362834046755731,-6.61621961808052,-2.05026918443636,8.66648880251688,"usgs_ws_01634000"
"101",1993,1997,223.774060821617,233.059043716407,218.013706310015,1824,1826,1826,0,0,0,57.625794854674,0.0337461722753662,-6.93523063933114,-1.17487612772948,8.11010676706059,"usgs_ws_02042500"
"102",1993,1997,230.02276262671,240.740128201259,224.633522398512,1824,1826,1826,0,0,0,67.2214309301461,0.0353706210106254,-7.16528201031531,-1.77604178211715,8.94132379243243,"usgs_ws_02035000"
"103",1993,1997,235.389040606595,245.542304882885,229.350861382207,1824,1826,1826,0,0,0,66.9518710742817,0.0345598364530068,-7.40987424168895,-1.3716950173006,8.78156925898958,"usgs_ws_02077000"
"104",1993,1997,210.962036259193,237.115936302696,196.882750017415,1824,1826,1826,0,0,0,416.827011204926,0.0949655121017521,-18.1041575090194,-4.02487126724176,22.1290287762612,"usgs_ws_02013100"
"105",1993,1997,273.098404231188,263.336747065592,256.498518430385,1824,1826,1826,0,0,0,69.6012550142808,0.031564065119237,-7.81270481200312,8.7871809887996,-0.974476176796429,"usgs_ws_01665500"
"106",1993,1997,217.82282572438,230.521931880626,244.22538385014,1824,1826,1826,0,0,0,174.357828105414,0.0571976539608364,13.3686700317579,-13.0338880940017,-0.334781937756247,"usgs_ws_01638480"
"107",1993,1997,254.839183361272,258.254495281248,NA,1824,1826,0,0,0,1826,NA,NA,NA,NA,NA,"usgs_ws_01626000"
"108",1993,1997,236.082685702606,244.837952485404,245.533477076195,1824,1826,1826,0,0,0,27.7426514135759,0.0217513916816552,3.38210532145999,-6.06868605212881,2.68658073066882,"usgs_ws_02061500"
"109",1993,1997,220.220933835059,238.592663158921,216.042414539669,1824,1826,1826,0,0,0,143.915695773555,0.0533290951162943,-8.909589304881,-4.73107000949076,13.6406593143717,"usgs_ws_02025500"
"110",1993,1997,234.503700863388,243.161104282594,198.280600711685,1824,1826,1826,0,0,0,566.887203223611,0.105671521541991,-27.0345345742045,9.18856557749939,17.8459689967051,"usgs_ws_03490000"
"111",1993,1997,247.26708447863,253.700334883961,212.37057137296,1824,1826,1826,0,0,0,494.550448264534,0.0935257501967949,-25.4087588722238,9.48775423344617,15.9210046387776,"usgs_ws_03473000"
"112",1993,1997,235.362623337488,240.712360977864,239.458552142194,1824,1826,1826,0,0,0,7.82806036507966,0.0117305491668215,0.947373323012016,-3.14855548169393,2.20118215868192,"usgs_ws_02039500"
"113",1993,1997,250.953718251717,246.944168689389,NA,1824,1826,0,0,0,1826,NA,NA,NA,NA,NA,"usgs_ws_03471500"
"114",1993,1997,224.71999280839,227.258191430612,215.82388819838,1824,1826,1826,0,0,0,36.0544033141181,0.0269744531164116,-6.77680261408045,2.11930199592931,4.65750061815118,"usgs_ws_01632000"
"115",1993,1997,217.547474376601,216.108893739907,215.116764456953,1824,1826,1826,0,0,0,1.49369757930645,0.00565144801421835,-1.14094640086697,1.28976351878066,-0.148817117913694,"usgs_ws_02017500"
"116",1993,1997,251.97050021913,257.901065434323,195.85689710125,1824,1826,1826,0,0,0,1172.23114713087,0.145542640481269,-39.3859238169841,16.7276793008955,22.6582445160886,"usgs_ws_01626850"
"117",1993,1997,239.60662971483,261.924379622993,200.911601799293,1824,1826,1826,0,0,0,952.991034018622,0.131842312978018,-33.2359352464124,5.45909266912432,27.776842577288,"usgs_ws_03209200"
"118",1993,1997,234.161813774669,242.190482961368,232.729819860288,1824,1826,1826,0,0,0,26.002380298732,0.021574029846734,-3.63088567182041,-2.19889175743887,5.82977742925925,"usgs_ws_02079500"
"119",1993,1997,199.554372087046,223.380266253979,227.19848095483,1824,1826,1826,0,0,0,224.408125241596,0.0691254947872582,10.4874411895451,-17.156667678239,6.66922648869394,"usgs_ws_02054500"
"120",1993,1997,225.612556308013,249.805300131299,NA,1824,1826,0,0,0,1826,NA,NA,NA,NA,NA,"usgs_ws_02022500"
"121",1993,1997,242.013198119165,263.947099709088,206.57378084112,1824,1826,1826,0,0,0,838.124342314886,0.12189049523214,-30.9375787153376,4.50183856270746,26.4357401526302,"usgs_ws_03208950"
"122",1993,1997,222.645741880268,235.648390996074,239.06846767958,1824,1826,1826,0,0,0,75.0786218715402,0.0372752657418932,6.61426749427275,-9.80845830503958,3.19419081076686,"usgs_ws_01643700"
"123",1993,1997,221.529504476084,218.21506444897,212.49552363391,1824,1826,1826,0,0,0,20.8852449475397,0.0210200405912432,-4.91784055241121,4.11614028976282,0.801700262648382,"usgs_ws_02018000"
"124",1993,1997,227.714815170283,246.544559543882,218.80348035854,1824,1826,1826,0,0,0,200.589772611575,0.0613060061488193,-12.2174713323614,-3.30613652061882,15.5236078529802,"usgs_ws_02049500"
"125",1993,1997,254.781952700595,252.10666605728,238.484655028363,1824,1826,1826,0,0,0,76.3863757521942,0.0351767239450258,-9.97310290038286,6.32419477184916,3.64890812853369,"usgs_ws_02072500"
"126",1993,1997,217.859849862905,231.112424562842,NA,1824,1826,0,0,0,1826,NA,NA,NA,NA,NA,"usgs_ws_01638350"
"127",1993,1997,230.86126444949,257.190370815084,219.834206308833,1824,1826,1826,0,0,0,368.383479977714,0.0813407367460837,-16.1277408823027,-5.10068274164561,21.2284236239483,"usgs_ws_01674000"
"128",1993,1997,210.416996635643,240.578372219529,211.26604321746,1824,1826,1826,0,0,0,294.940348122642,0.0777962920827039,-9.48776080675088,-10.3368073885674,19.8245681953182,"usgs_ws_01625000"
"129",1993,1997,244.630934765456,253.394037737197,236.267303380235,1824,1826,1826,0,0,0,73.3445555625216,0.0349893790756482,-8.4967885807277,-0.133157195506584,8.62994577623425,"usgs_ws_02076000"
"130",1993,1997,234.320574548334,235.325017072316,177.218680343705,1824,1826,1826,0,0,0,1106.33026575988,0.154258991202394,-38.4027436444132,18.6991505602155,19.7035930841977,"usgs_ws_03521500"
"131",1993,1997,237.061397456945,245.657678567916,NA,1824,1826,0,0,0,1826,NA,NA,NA,NA,NA,"usgs_ws_01654000"
"132",1993,1997,233.654736407726,246.97815478037,227.87228053128,1824,1826,1826,0,0,0,95.9974506529305,0.0414866225351713,-8.2961100418452,-2.51365416539943,10.8097642072446,"usgs_ws_01671020"
"133",1993,1997,231.908886802821,245.278418998891,228.851523579756,1824,1826,1826,0,0,0,76.3224590217837,0.0371209297890077,-6.49475288073347,-3.43738965766818,9.93214253840165,"usgs_ws_01672500"
"134",1993,1997,244.970434870399,271.820718731398,209.187773394407,1824,1826,1826,0,0,0,987.37040788468,0.129848606604634,-32.8052022709939,2.9774592049973,29.8277430659967,"usgs_ws_03209000"
"135",1993,1997,253.979152881691,248.80056187832,NA,1824,1826,0,0,0,1826,NA,NA,NA,NA,NA,"usgs_ws_01636210"
"136",1993,1997,220.90112476659,239.532621208944,235.11757971933,1824,1826,1826,0,0,0,94.7888070766312,0.041992390736092,3.26713782104213,-10.9493171316984,7.68217931065627,"usgs_ws_01644280"
"137",1993,1997,227.016007014207,242.212572458018,212.951590899309,1824,1826,1826,0,0,0,214.158073953353,0.0643560513764275,-14.4417992245357,-0.377383109637208,14.819182334173,"usgs_ws_01631000"
"138",1993,1997,221.209925921482,244.077243866573,205.432877862828,1824,1826,1826,0,0,0,377.536083213053,0.0869078888339677,-18.1404713541329,-2.36342329547878,20.5038946496117,"usgs_ws_03170000"
"139",1993,1997,239.92370873432,232.912027722505,190.2870712589,1824,1826,1826,0,0,0,721.641060666987,0.121531233910849,-30.7538646463416,18.8827728290784,11.8710918172632,"usgs_ws_03488000"
"140",1993,1997,221.044587821612,231.791340426424,NA,1824,1826,0,0,0,1826,NA,NA,NA,NA,NA,"usgs_ws_01643805"
"141",1993,1997,220.464225972963,243.131675303171,207.19485025309,1824,1826,1826,0,0,0,330.224164302136,0.0812715632486618,-16.4020669233179,-3.13269120344495,19.5347581267629,"usgs_ws_03176500"
"142",1993,1997,233.265132575816,240.078852028286,231.518235256,1824,1826,1826,0,0,0,20.4604304241501,0.0192519357782169,-3.43583803070069,-1.68894071088482,5.12477874158552,"usgs_ws_02039000"
"143",1993,1997,231.45444572987,256.384266133485,219.881801081736,1824,1826,1826,0,0,0,347.975334060439,0.0790739987184813,-16.0250365666275,-4.45239191849382,20.4774284851214,"usgs_ws_03168000"
"144",1993,1997,258.908616733649,252.425254993634,241.663935616565,1824,1826,1826,0,0,0,75.8698335028499,0.0347026075328848,-9.33533349805103,7.90934761903333,1.42598587901773,"usgs_ws_02032640"
"145",1993,1997,210.672729697344,218.501467446534,NA,1824,1826,0,0,0,1826,NA,NA,NA,NA,NA,"usgs_ws_01615000"
"146",1993,1997,220.970246914704,238.287280064219,218.119649780548,1824,1826,1826,0,0,0,119.123142063587,0.0483380097688036,-7.67274247260909,-4.82214533845308,12.4948878110622,"usgs_ws_02026000"
"147",1993,1997,244.82388906979,273.850734231641,235.818858838178,1824,1826,1826,0,0,0,395.011975911031,0.0790261625949873,-15.6789685416918,-6.67393831007934,22.3529068517711,"usgs_ws_03164000"
"148",1993,1997,230.476089232404,248.183489492003,230.184492864065,1824,1826,1826,0,0,0,106.266822001363,0.0436284103875108,-6.09686433209205,-5.80526796375341,11.9021322958455,"usgs_ws_02024000"
"149",1993,1997,218.710726948423,237.782121097491,214.532855113762,1824,1826,1826,0,0,0,153.616842773032,0.055411705372443,-9.14237927279697,-4.9645074381358,14.1068867109327,"usgs_ws_02024752"
"150",1993,1997,240.179912500477,243.646414115286,243.48611348468,1824,1826,1826,0,0,0,3.82888244759823,0.00807116555029355,1.04863345119887,-2.25756753300391,1.20893408180507,"usgs_ws_02058400"
"151",1993,1997,284.253765736587,292.287659906581,219.75967378827,1824,1826,1826,0,0,0,1580.72335369176,0.149786224524029,-45.6740260222094,18.8200659261077,26.8539600961017,"usgs_ws_03529500"
"152",1993,1997,235.086814135549,241.093236109395,236.03477098054,1824,1826,1826,0,0,0,10.4272994279528,0.0136017932754266,-1.37016942795481,-2.31812627294579,3.68829570090062,"usgs_ws_02040000"
"153",1993,1997,244.725086594956,250.080033535985,240.37453066116,1824,1826,1826,0,0,0,23.6332632879268,0.0198376225984683,-4.68535293620718,-0.334797002410738,5.02014993861789,"usgs_ws_02034000"
"154",1993,1997,216.607844004319,232.406529601194,193.40862806265,1824,1826,1826,0,0,0,384.773068551183,0.0916014832201691,-20.7323724934045,2.46684344826468,18.2655290451398,"usgs_ws_01632900"
"155",1993,1997,201.511308742149,222.655823771662,185.892918492358,1824,1826,1826,0,0,0,340.4226390672,0.0907314570213688,-17.4604318430317,-1.84204159324113,19.3024734362728,"usgs_ws_03173000"
"156",1993,1997,222.593427185081,227.292389759307,NA,1824,1826,0,0,0,1826,NA,NA,NA,NA,NA,"usgs_ws_01673550"
"157",1993,1997,NA,247.15485833555,NA,1824,0,0,0,1826,1826,NA,NA,NA,NA,NA,"usgs_ws_01645784"
"158",1993,1997,215.217104333358,240.973901306809,203.73231080279,1824,1826,1826,0,0,0,363.708189340057,0.0866970502598306,-16.2421280115289,-4.75733448096085,20.9994624924898,"usgs_ws_03478400"
"159",1993,1997,252.967191589616,255.797014369612,259.24004943837,1824,1826,1826,0,0,0,9.86852217359351,0.0122711054721409,3.2386309725041,-3.03422687625016,-0.204404096253938,"usgs_ws_02061000"
"160",1993,1997,227.310334988607,240.990721603365,229.89984461829,1824,1826,1826,0,0,0,52.8110150582548,0.0312250474603856,-2.83378911846395,-5.42329874814692,8.2570878666109,"usgs_ws_02046000"
"161",1993,1997,223.957342741736,238.960914284532,225.484301761457,1824,1826,1826,0,0,0,68.1763079974723,0.035982846670478,-3.98321783445127,-5.51017685417267,9.49339468862397,"usgs_ws_02047000"
"162",1993,1997,231.451790797593,241.603353387398,231.807850569872,1824,1826,1826,0,0,0,33.1888128373865,0.0245195447791578,-3.14648101508183,-3.50254078736174,6.64902180244357,"usgs_ws_02059500"
"163",1993,1997,232.266969127641,238.165990716501,232.927478799143,1824,1826,1826,0,0,0,10.4461226400462,0.0137854477843805,-1.52600074861854,-2.18651042012053,3.71251116873907,"usgs_ws_02041000"
"164",1993,1997,213.126099440712,218.652391407381,214.94359638444,1824,1826,1826,0,0,0,7.93305976058736,0.0130654365191617,-0.630432693070844,-2.44792963679916,3.07836232986998,"usgs_ws_01616100"
"165",1993,1997,227.958792096455,248.027236256709,223.42231177182,1824,1826,1826,0,0,0,171.454068942682,0.0561648167278933,-9.71380160317469,-5.17732127853938,14.8911228817141,"usgs_ws_01674500"
"166",1993,1997,224.924571393662,251.488737203474,NA,1824,1826,0,0,0,1826,NA,NA,NA,NA,NA,"usgs_ws_01658500"
"167",1993,1997,231.802260993043,249.787111573882,201.578634442955,1824,1826,1826,0,0,0,593.496619922908,0.106980065552384,-26.1440345603384,4.0795919897495,22.0644425705889,"usgs_ws_03207800"
"168",1993,1997,216.348167914791,230.995524561991,NA,1824,1826,0,0,0,1826,NA,NA,NA,NA,NA,"usgs_ws_01643590"
"169",1993,1997,204.983667165471,221.169701169549,225.057592659643,1824,1826,1826,0,0,0,113.344313627585,0.0490455287909444,7.98727232808884,-12.0866531660836,4.09938083799469,"usgs_ws_02055000"
"170",1993,1997,230.389362724099,250.580615479094,231.406391363583,1824,1826,1826,0,0,0,129.395317583577,0.0479039174437701,-6.05239849200879,-7.06942713149317,13.1218256235019,"usgs_ws_02020500"
"171",1993,1997,240.790636960432,250.696725948804,237.64686848672,1824,1826,1826,0,0,0,46.3854431737637,0.0280223544367538,-5.39787531193198,-2.25410683822039,7.65198215015238,"usgs_ws_02030000"
"172",1993,1997,225.608349958694,232.362398726148,245.78768390638,1824,1826,1826,0,0,0,105.510162582658,0.0437869594647855,11.201539709306,-8.97779423838034,-2.22374547092565,"usgs_ws_01662800"
"173",1993,1997,237.914458932761,254.525885540359,NA,1824,1826,0,0,0,1826,NA,NA,NA,NA,NA,"usgs_ws_01670300"
"174",1993,1997,227.257247345103,238.887060173345,229.759034010756,1824,1826,1826,0,0,0,37.4720574275465,0.0263891925717191,-2.20874649897848,-4.71053316463164,6.91927966361013,"usgs_ws_02045500"
"175",1993,1997,232.42514707625,262.825296612941,219.0541340372,1824,1826,1826,0,0,0,503.144625795931,0.0942072313372019,-19.0473918715969,-5.67637883254719,24.7237707041441,"usgs_ws_02011470"
"176",1993,1997,209.546504228983,221.002943136951,222.87077783047,1824,1826,1826,0,0,0,52.0458443169364,0.0331223933873891,5.06403609833538,-8.26023750315193,3.19620140481658,"usgs_ws_01636316"
"177",1993,1997,220.522825088392,226.737016227728,214.01880848348,1824,1826,1826,0,0,0,40.4452019565059,0.0288516235979732,-6.4074081163869,0.0966084885254475,6.31079962786143,"usgs_ws_01634500"
"178",1993,1997,220.68948144978,234.284823319504,187.778134864705,1824,1826,1826,0,0,0,571.810354271552,0.111610108059693,-26.4726783466245,6.43866823845013,20.0340101081744,"usgs_ws_03474000"
"179",1993,1997,261.039558798448,268.190468158102,251.06963164052,1824,1826,1826,0,0,0,73.9429992110258,0.0330604201750764,-9.03025455850329,0.939672599424398,8.09058195907892,"usgs_ws_02069700"
"180",1993,1997,223.271800371985,234.968244844969,239.594456939992,1824,1826,1826,0,0,0,70.7729615158018,0.0361661685012955,6.98295622100983,-9.33970034699669,2.35674412598686,"usgs_ws_01644000"
"181",1993,1997,226.56720100209,239.285533165177,223.77015233188,1824,1826,1826,0,0,0,68.3844161127321,0.0359739527840634,-6.10414316783556,-3.30709449762603,9.41123766546156,"usgs_ws_02038000"
"182",1993,1997,220.583013327306,236.427318504402,210.62619634279,1824,1826,1826,0,0,0,169.313019301086,0.0584690909734116,-11.9193130487094,-1.96249606419318,13.8818091129025,"usgs_ws_01638500"
"183",1993,1997,235.209703331875,247.845276934555,235.53664687476,1824,1826,1826,0,0,0,51.8778310496465,0.0300697631522069,-3.99389550563697,-4.32083904852155,8.31473455415849,"usgs_ws_02077303"
"184",1993,1997,271.497572262781,274.075533697624,242.363346099233,1824,1826,1826,0,0,0,310.185310263972,0.0670564681477293,-20.2821379206463,8.85208824290186,11.4300496777444,"usgs_ws_02068500"
"185",1993,1997,249.895797666991,253.127398638131,239.782991195344,1824,1826,1826,0,0,0,48.4642182614614,0.0281161821318592,-7.81907130481144,2.29373516683614,5.52533613797533,"usgs_ws_02074000"
"186",1993,1997,279.64107075648,309.257413948678,261.27406628477,1824,1826,1826,0,0,0,586.146048396233,0.0854313160058502,-22.1167840452062,-3.74977957349597,25.8665636187022,"usgs_ws_03161000"
"187",1993,1997,222.589988947612,237.447244027339,231.26320362222,1824,1826,1826,0,0,0,55.7008395046774,0.0323880867570159,0.829724756496574,-7.84348991811189,7.01376516161531,"usgs_ws_02052500"
