"","start_year","end_year","prism_precip","daymet_precip","nldas_precip","CV","var","hydrocode","gage","area"
"1",1998,2002,194.566563745074,213.922516791782,190.467038397702,0.0627462987829532,156.936415519216,"usgs_ws_02019500","02019500",5365784522.49612
"2",1998,2002,182.411895932408,191.689259854408,184.819307807622,0.0258403770503911,23.1768924005474,"usgs_ws_01622000","01622000",971856267.58662
"3",1998,2002,196.747717220759,221.29949094774,188.08666062186,0.0852700087319503,296.815932134312,"usgs_ws_02011400","02011400",407332735.234042
"4",1998,2002,192.396402964859,215.477045595428,NA,NA,NA,"usgs_ws_03473500","03473500",19156091.5240318
"5",1998,2002,188.160967795351,198.161431040319,197.423078393182,0.028640226906244,31.0568537453235,"usgs_ws_01670400","01670400",886099663.319639
"6",1998,2002,201.798244912055,202.157076269085,201.444203268,0.00176630060612453,0.127048890698182,"usgs_ws_02036500","02036500",57886589.7215646
"7",1998,2002,194.881197785051,209.602735722294,201.13096294137,0.0366008062287866,54.5923629664067,"usgs_ws_01656000","01656000",241631463.662678
"8",1998,2002,190.624241175458,201.13600102296,201.230307483205,0.0308421795435762,37.1657718873843,"usgs_ws_01671100","01671100",276332504.781457
"9",1998,2002,199.438441225372,203.44843151683,196.02732239013,0.0186065703894236,13.7981024193552,"usgs_ws_02065500","02065500",252647034.169526
"10",1998,2002,195.961965097722,219.913471592848,190.972928584643,0.0764822816163917,239.353363054105,"usgs_ws_02011800","02011800",893169520.411534
"11",1998,2002,196.961540548396,220.305357304625,189.9446132562,0.0785321476886553,252.657638091063,"usgs_ws_02012500","02012500",1061345672.12231
"12",1998,2002,229.757779797199,243.759276617256,220.20717796693,0.0512275736198377,140.326209892844,"usgs_ws_02047500","02047500",749848252.778392
"13",1998,2002,191.807977444576,203.353784353164,197.79192176821,0.0292140312798764,33.3412603754451,"usgs_ws_02038850","02038850",22096843.5505302
"14",1998,2002,215.867752707638,223.186938646918,213.836763503286,0.0225980017689308,24.1868625297578,"usgs_ws_02044500","02044500",820524386.158795
"15",1998,2002,201.047238543029,204.424389555901,187.894855400175,0.044154313627447,76.2693051175781,"usgs_ws_02056650","02056650",144486541.602307
"16",1998,2002,212.00225888143,224.494065293849,208.173652768043,0.0397171773304681,72.8432195382155,"usgs_ws_01669520","01669520",282985893.809692
"17",1998,2002,211.025929444118,221.566958959871,NA,NA,NA,"usgs_ws_03177710","03177710",114620314.0111
"18",1998,2002,183.514521927501,195.803236929096,190.38623666678,0.0324310063931739,37.9294786150626,"usgs_ws_01613900","01613900",41272610.2911715
"19",1998,2002,197.735519184104,207.572252366968,202.750677099137,0.0242674897157874,24.1934527811554,"usgs_ws_02041650","02041650",3475473272.4327
"20",1998,2002,183.618539762988,200.063439689803,183.311333587418,0.0507116092599328,91.8603613504753,"usgs_ws_01628500","01628500",2793593902.13781
"21",1998,2002,198.671748497613,210.466418018212,204.76754477014,0.028824203828017,34.7916862656488,"usgs_ws_02021500","02021500",851391440.152936
"22",1998,2002,210.861134980717,212.078958474341,217.484127940053,0.0165135151284815,12.4271644590167,"usgs_ws_02072000","02072000",556864395.508404
"23",1998,2002,176.661438909507,187.665979914723,173.994972894242,0.0403860886686554,52.5177327833449,"usgs_ws_01633000","01633000",1315748433.86932
"24",1998,2002,187.029179257956,206.659776312408,179.016056314287,0.0745038137495392,202.29095589318,"usgs_ws_03167000","03167000",667477710.26182
"25",1998,2002,230.988651318369,265.205637855933,198.87602865284,0.14316695813482,1100.27329320094,"usgs_ws_03208800","03208800",95043793.8748591
"26",1998,2002,211.929811257183,223.196411601623,191.324346097243,0.0774001532907082,261.225006215715,"usgs_ws_03475000","03475000",534069647.552109
"27",1998,2002,218.629865361835,216.044910814295,239.44866079827,0.0571017543554428,164.63995779156,"usgs_ws_02032250","02032250",199283814.488085
"28",1998,2002,182.140193283324,201.49376809518,188.201706353276,0.0519345407071676,97.9969506743197,"usgs_ws_02054530","02054530",727631546.04281
"29",1998,2002,209.604642441123,217.790504142492,190.626447426415,0.067642130862333,194.177699180749,"usgs_ws_02014000","02014000",396744127.706971
"30",1998,2002,220.514615524187,212.021368012451,224.929660175862,0.0299360372986974,43.0419798579752,"usgs_ws_01663500","01663500",738284290.783199
"31",1998,2002,184.730443810843,200.541498193257,183.285359004037,0.050511970766387,91.6420084167139,"usgs_ws_01629500","01629500",3551793889.98061
"32",1998,2002,225.74498785715,241.280558813436,195.508784361162,0.105395361943139,541.772883883084,"usgs_ws_03527000","03527000",2907445818.5179
"33",1998,2002,183.364574056032,205.404157290482,NA,NA,NA,"usgs_ws_01636690","01636690",34994960.5588756
"34",1998,2002,205.332460706002,211.906776589599,195.383776110857,0.0407366129601888,69.2012498885859,"usgs_ws_02059485","02059485",322836034.276773
"35",1998,2002,219.001690589678,227.792751523636,214.488210592975,0.0306944750578305,45.7775105668053,"usgs_ws_02052000","02052000",1927152204.95598
"36",1998,2002,208.323781765157,216.196300467065,185.579534596097,0.0781788937900197,252.777280399481,"usgs_ws_01627500","01627500",547846787.671377
"37",1998,2002,196.008173210423,208.12764741645,198.884839479322,0.0315027843781368,40.0977270692984,"usgs_ws_02037500","02037500",17481116130.8158
"38",1998,2002,230.491659908001,269.643358488707,NA,NA,NA,"usgs_ws_03208700","03208700",48019209.6942083
"39",1998,2002,181.188832835777,210.983362725132,190.22646098995,0.0786913088954931,233.373617270786,"usgs_ws_02053800","02053800",283413786.56914
"40",1998,2002,200.536683203374,214.285861351355,NA,NA,NA,"usgs_ws_01652500","01652500",32594846.5125465
"41",1998,2002,198.09702294922,212.370031959174,185.582062156517,0.0674622067623467,179.656392664871,"usgs_ws_02013000","02013000",419461445.677496
"42",1998,2002,196.070356019273,202.757433176702,191.843159548483,0.0279503027415727,30.284593290615,"usgs_ws_02060500","02060500",4613442943.13841
"43",1998,2002,188.713297386259,200.904514277197,186.67315985857,0.0400602136346684,59.2198965003951,"usgs_ws_02056000","02056000",1318896498.48103
"44",1998,2002,205.482358018345,210.009001546928,209.246561117214,0.0116378333072687,5.87350700221015,"usgs_ws_02075045","02075045",5478165059.84464
"45",1998,2002,182.089215766275,212.346756966445,190.02607505497,0.080526566696094,246.120895973635,"usgs_ws_02016000","02016000",1193758746.06934
"46",1998,2002,201.50516515097,204.976319751954,212.520896330193,0.0272954857520456,31.7193139036224,"usgs_ws_01668000","01668000",4127911829.04237
"47",1998,2002,211.951826342312,228.684954395759,NA,NA,NA,"usgs_ws_01661800","01661800",17521831.4954999
"48",1998,2002,200.648917374251,217.043757859191,NA,NA,NA,"usgs_ws_01669000","01669000",72345930.9029209
"49",1998,2002,205.484996273789,208.062869959992,212.83311099281,0.0178557532314593,13.8992370295167,"usgs_ws_02073000","02073000",981525405.804484
"50",1998,2002,200.286166238775,208.77202731596,217.999489766905,0.0423848507039886,78.4862886528479,"usgs_ws_02070000","02070000",278486436.590555
"51",1998,2002,197.359962733207,204.072404832674,194.254296189528,0.0252729597448176,25.1828834913047,"usgs_ws_02066000","02066000",7678558027.17106
"52",1998,2002,184.702895408747,203.541862570254,207.31555683223,0.0610210398262661,146.746651458049,"usgs_ws_01638420","01638420",59861189.5381482
"53",1998,2002,169.236373868351,181.626179888031,170.66274963815,0.0389959103059896,45.9564406476682,"usgs_ws_01632082","01632082",118181776.223707
"54",1998,2002,192.908980422685,215.67325017338,189.31274396111,0.071724860652942,204.336863622854,"usgs_ws_02016500","02016500",3549379261.86498
"55",1998,2002,222.513051872329,217.651146576565,208.43939995879,0.033061723590279,51.0936795064185,"usgs_ws_02028500","02028500",245393985.112639
"56",1998,2002,184.491035374511,198.889511702453,192.06915096138,0.0375492105368294,51.8768795087676,"usgs_ws_01635500","01635500",223978841.944323
"57",1998,2002,197.245613378351,211.780945044392,198.20826755269,0.0401575136684832,66.0700239991568,"usgs_ws_02029000","02029000",11857653436.5887
"58",1998,2002,206.819167125878,209.424863748959,NA,NA,NA,"usgs_ws_01620500","01620500",44659598.0088622
"59",1998,2002,245.939975139595,228.302588431927,NA,NA,NA,"usgs_ws_02071530","02071530",68186938.410185
"60",1998,2002,208.719115246901,226.319232988359,193.49940763923,0.0783928749402703,269.757430020583,"usgs_ws_02011460","02011460",157590657.587209
"61",1998,2002,190.455962710513,200.969832185934,199.440530347203,0.0288411160903043,32.2671118463969,"usgs_ws_01673000","01673000",2791506385.69128
"62",1998,2002,200.802846809874,216.327960784187,210.6192869627,0.0375273873067883,61.6634363315883,"usgs_ws_01646000","01646000",149646365.087063
"63",1998,2002,195.410033347179,198.912009833095,200.82792340765,0.0138487715519726,7.54801614007148,"usgs_ws_01643880","01643880",122168130.457453
"64",1998,2002,221.419602365151,237.902187858605,208.287267986875,0.0666812852592945,220.196218296815,"usgs_ws_03165500","03165500",3496114159.10409
"65",1998,2002,200.851639512254,222.058362732516,191.139836811257,0.077248056186209,249.999911097914,"usgs_ws_02011500","02011500",346648774.053348
"66",1998,2002,251.213760247695,263.476428107204,213.550543138753,0.107179835698437,676.914155985153,"usgs_ws_03531500","03531500",826493815.399906
"67",1998,2002,202.43168298697,215.725923550672,194.8789241322,0.0516500174379884,111.396397206271,"usgs_ws_03175500","03175500",578022259.33723
"68",1998,2002,203.65513236438,206.352337414256,212.014714881585,0.0205774212255622,18.2033422542596,"usgs_ws_01667500","01667500",1210019740.46022
"69",1998,2002,191.552686239846,204.309588339006,201.79788849836,0.0339215432359976,45.668559429152,"usgs_ws_01673800","01673800",200730882.143942
"70",1998,2002,206.508559132001,213.308923127395,NA,NA,NA,"usgs_ws_02018500","02018500",88676820.5584542
"71",1998,2002,241.39559951404,260.447525231368,197.77275246652,0.137775986502931,1032.3426331992,"usgs_ws_03524500","03524500",225654466.800083
"72",1998,2002,215.749373357499,226.457035563391,NA,NA,NA,"usgs_ws_02079640","02079640",138607271.447473
"73",1998,2002,228.407433267492,216.48420387613,214.3793677333,0.0344246376610673,57.2300594897987,"usgs_ws_02027000","02027000",240729505.758264
"74",1998,2002,197.146591495323,204.6144878979,192.98233255686,0.0297291950575257,34.7362611773763,"usgs_ws_02056900","02056900",297708998.721141
"75",1998,2002,223.058736635276,234.334528687394,200.41180900972,0.0787896647132803,298.462954601642,"usgs_ws_03165000","03165000",102072840.922244
"76",1998,2002,215.654958129867,245.045205983618,180.207723952538,0.151968137677295,1054.03202597631,"usgs_ws_03208500","03208500",740436166.079864
"77",1998,2002,NA,221.453741706114,NA,NA,NA,"usgs_ws_01654500","01654500",9615198.40411969
"78",1998,2002,187.709023736241,197.593389165046,193.047665269305,0.0256634208669313,24.4775631808377,"usgs_ws_02030500","02030500",586227939.031891
"79",1998,2002,206.465975439712,224.376709125242,197.294441988081,0.0657856384749119,189.726766716143,"usgs_ws_03171000","03171000",7164832865.49279
"80",1998,2002,219.117126424213,243.568430000029,NA,NA,NA,"usgs_ws_02024915","02024915",70184162.7172679
"81",1998,2002,226.49912219801,238.052408012909,192.17347666451,0.109008268806528,569.4341160139,"usgs_ws_03524000","03524000",1380470168.15182
"82",1998,2002,215.645752092732,225.710909467117,212.10281747032,0.0324109357946199,49.8399910838494,"usgs_ws_02051500","02051500",1429637356.96726
"83",1998,2002,207.454962510468,208.468296969342,217.58792744731,0.0264279124747143,31.1452475319138,"usgs_ws_01664000","01664000",1603218330.32013
"84",1998,2002,199.573299064453,209.314286298737,200.91509274606,0.0259727655242978,27.8722824863007,"usgs_ws_02074500","02074500",288622122.537259
"85",1998,2002,194.439986899356,206.037709658895,191.03180000751,0.0398975768906847,61.8833725937395,"usgs_ws_02055100","02055100",30260425.2791649
"86",1998,2002,220.700571376154,228.782229005282,210.422955360618,0.0418309689545166,84.6675849594785,"usgs_ws_02077500","02077500",746336122.351962
"87",1998,2002,196.435078020237,210.531289292846,212.31291386151,0.0421384821881178,75.6638382246808,"usgs_ws_02031000","02031000",246607887.90553
"88",1998,2002,193.378167309024,202.475364795216,NA,NA,NA,"usgs_ws_01660400","01660400",90667126.4938592
"89",1998,2002,197.237002918808,212.777972649727,210.97320053964,0.0410617871620626,72.2436779375362,"usgs_ws_01653000","01653000",87625394.9855376
"90",1998,2002,183.191919184246,215.98711900271,186.664476783015,0.0922553821114372,324.566855692341,"usgs_ws_02015700","02015700",283788240.656139
"91",1998,2002,173.294621226362,185.607166716474,178.94616356001,0.0343768106062053,37.9846117075862,"usgs_ws_01621050","01621050",37059064.7025727
"92",1998,2002,194.532490866253,203.025617179111,195.17182192816,0.0239388852506094,22.3706731027936,"usgs_ws_02064000","02064000",427385214.956092
"93",1998,2002,205.38643327082,207.359585278285,218.126600071765,0.0326085509309335,47.0222977539127,"usgs_ws_01666500","01666500",464293046.257376
"94",1998,2002,204.491424581144,217.585655237393,202.60529444617,0.0391836959537522,66.5712621333841,"usgs_ws_02051000","02051000",144937406.448347
"95",1998,2002,188.926061330827,199.746095117717,198.344247853868,0.0300715645679649,34.6234240472293,"usgs_ws_01671025","01671025",1207710904.84417
"96",1998,2002,196.704713842896,204.293774762339,193.856363212563,0.0272091248307469,29.1077511352898,"usgs_ws_02062500","02062500",6223099594.926
"97",1998,2002,245.484456959632,234.205888276027,NA,NA,NA,"usgs_ws_02027500","02027500",123527986.977875
"98",1998,2002,206.198596594652,211.069303190221,207.956813180045,0.0118351019214219,6.08378372745204,"usgs_ws_02075500","02075500",6698712228.55323
"99",1998,2002,NA,234.735595573467,NA,NA,NA,"usgs_ws_02011490","02011490",12689912.2379998
"100",1998,2002,175.816166472826,187.014311276266,176.908229691507,0.0343176761095762,38.120655685037,"usgs_ws_01634000","01634000",1994017493.52069
"101",1998,2002,203.654727100853,214.705671707145,207.183330382875,0.0270698910248135,31.8600061353405,"usgs_ws_02042500","02042500",651065126.134058
"102",1998,2002,195.949970256351,208.773111140542,198.604295008422,0.0336563254926869,45.8138672590223,"usgs_ws_02035000","02035000",16184361368.2907
"103",1998,2002,200.79290174816,211.012632494276,199.887802165077,0.0303006770027847,38.170658605314,"usgs_ws_02077000","02077000",1416008028.38206
"104",1998,2002,196.728824559852,217.473187754815,188.635847926295,0.0740199529387321,221.236173923563,"usgs_ws_02013100","02013100",1583226778.02646
"105",1998,2002,224.933231687574,217.290455704833,219.63347293272,0.0177480144039882,15.3315328853665,"usgs_ws_01665500","01665500",296487823.971996
"106",1998,2002,186.395266684609,203.004643808862,207.31555683223,0.0555351138198105,122.018986568559,"usgs_ws_01638480","01638480",231530033.229766
"107",1998,2002,209.438832582786,216.1613845104,NA,NA,NA,"usgs_ws_01626000","01626000",328514897.362503
"108",1998,2002,202.845950033232,213.428135684936,208.10970686737,0.0254224233243369,27.9959123772634,"usgs_ws_02061500","02061500",814828423.80029
"109",1998,2002,196.034512058523,214.669752624225,196.304926308315,0.0527925533010768,114.102026736942,"usgs_ws_02025500","02025500",8428090228.51836
"110",1998,2002,224.303860476027,234.362965812186,196.897507293706,0.088735105158144,375.99239615299,"usgs_ws_03490000","03490000",1738263722.03573
"111",1998,2002,237.401136724743,235.211319234174,216.01174656754,0.0512677472403128,138.487483753403,"usgs_ws_03473000","03473000",785212583.985672
"112",1998,2002,192.489507511927,201.748310537901,196.540575423192,0.0235693829471256,21.5428482867378,"usgs_ws_02039500","02039500",782176002.350829
"113",1998,2002,232.257228904581,232.830081711911,NA,NA,NA,"usgs_ws_03471500","03471500",198287155.934274
"114",1998,2002,184.039801849161,195.609802322976,180.664331154487,0.0419669186136542,61.4376369704691,"usgs_ws_01632000","01632000",542767682.476967
"115",1998,2002,208.388398638372,210.254347653916,193.368487621027,0.0453792421375069,85.7019602913189,"usgs_ws_02017500","02017500",271938885.682366
"116",1998,2002,207.402882652087,215.93830048326,180.23002645802,0.0926841169299982,347.716384192965,"usgs_ws_01626850","01626850",382484766.219302
"117",1998,2002,218.928462788505,248.397491639314,182.975744869841,0.151150046426731,1073.50442291965,"usgs_ws_03209200","03209200",1362554358.44218
"118",1998,2002,204.978795452344,211.636187099791,202.635956235269,0.0226206941196229,21.8023191265413,"usgs_ws_02079500","02079500",20366675573.7567
"119",1998,2002,181.725606605733,201.951336725916,188.201706353276,0.054182156210323,106.678727036467,"usgs_ws_02054500","02054500",658458238.142593
"120",1998,2002,198.709234498907,216.670332689911,NA,NA,NA,"usgs_ws_02022500","02022500",90906193.368695
"121",1998,2002,220.849299639827,249.124413526411,179.4795457378,0.161799192907883,1226.89103541779,"usgs_ws_03208950","03208950",172188912.950058
"122",1998,2002,196.600937033146,202.885679261662,201.05982117067,0.0161502472166614,10.452231733201,"usgs_ws_01643700","01643700",315311574.332072
"123",1998,2002,208.10774443826,211.59044594643,192.58762536959,0.049569517408345,102.351749262714,"usgs_ws_02018000","02018000",851865579.038167
"124",1998,2002,235.734448714732,247.340299360726,225.882781917581,0.0454499834456519,115.362693787016,"usgs_ws_02049500","02049500",1587615689.12163
"125",1998,2002,209.099279044056,210.109387868586,217.484127940053,0.0215677801293679,20.9521336613018,"usgs_ws_02072500","02072500",669886699.671033
"126",1998,2002,188.858960312478,202.249172446415,NA,NA,NA,"usgs_ws_01638350","01638350",81829833.9597626
"127",1998,2002,194.572242891466,205.812273577092,198.55742611859,0.0285439593000936,32.4754644689483,"usgs_ws_01674000","01674000",663316340.43919
"128",1998,2002,173.742326606864,199.934427742223,185.943080068002,0.0702597377303635,171.773726107543,"usgs_ws_01625000","01625000",964748478.119823
"129",1998,2002,206.605632398183,211.541391004905,207.989888589727,0.0121983515002178,6.48184127211211,"usgs_ws_02076000","02076000",7150792121.92409
"130",1998,2002,217.42204836382,232.013472744946,179.535760335085,0.129196052282469,733.698464306411,"usgs_ws_03521500","03521500",355023859.517368
"131",1998,2002,199.201682245952,217.97130537771,NA,NA,NA,"usgs_ws_01654000","01654000",61781349.3063163
"132",1998,2002,188.926061330827,199.721729711977,198.344247853868,0.0300297592721158,34.5243582413265,"usgs_ws_01671020","01671020",1195019430.59464
"133",1998,2002,191.468814556602,201.163045064376,199.194491029534,0.0259744229115844,26.2565645150568,"usgs_ws_01672500","01672500",1022231010.17991
"134",1998,2002,223.055911219789,253.012708214406,187.127776245795,0.149220662123747,1088.1774715658,"usgs_ws_03209000","03209000",572746327.341673
"135",1998,2002,209.354325663808,208.161091129179,NA,NA,NA,"usgs_ws_01636210","01636210",36245223.4625335
"136",1998,2002,196.330177602789,207.428688089158,203.03714113606,0.0276338235552903,31.2409965823227,"usgs_ws_01644280","01644280",197014722.305778
"137",1998,2002,186.040232371292,200.608416152293,186.61719132441,0.0431707391189926,68.0532054158316,"usgs_ws_01631000","01631000",4230045448.71749
"138",1998,2002,192.638102051613,215.801573194757,190.690148641916,0.0699502302972853,195.154093493106,"usgs_ws_03170000","03170000",800468899.861655
"139",1998,2002,223.030227842776,226.152696935601,194.74634532045,0.0806066953967935,299.347790924485,"usgs_ws_03488000","03488000",572312493.930823
"140",1998,2002,194.382513084336,199.859238609815,NA,NA,NA,"usgs_ws_01643805","01643805",98653506.585549
"141",1998,2002,203.0606637658,219.812835887954,193.880408143228,0.0639598601678038,172.900528806906,"usgs_ws_03176500","03176500",9794840721.79541
"142",1998,2002,195.814341423925,204.720929965065,194.82117606952,0.0274705379402423,29.7198040091171,"usgs_ws_02039000","02039000",180131274.456192
"143",1998,2002,211.52575679527,228.641437546488,201.544376861257,0.0640669469890811,187.804195123982,"usgs_ws_03168000","03168000",5726801560.68145
"144",1998,2002,211.711755492314,205.635834495536,207.84158861235,0.0147589935723984,9.46005981028535,"usgs_ws_02032640","02032640",280429242.505543
"145",1998,2002,179.199825733568,187.646972505094,NA,NA,NA,"usgs_ws_01615000","01615000",150507297.201678
"146",1998,2002,195.48985111865,213.347280307872,196.858876894912,0.0492246384349027,98.7715759887751,"usgs_ws_02026000","02026000",9444441426.31322
"147",1998,2002,224.189971944105,241.248008696887,211.5258033971,0.066097185704922,222.46121178814,"usgs_ws_03164000","03164000",2954905986.34597
"148",1998,2002,198.524887279037,210.850684005999,205.448098525196,0.0301477258064643,38.1740081317862,"usgs_ws_02024000","02024000",1673771710.86912
"149",1998,2002,195.514431255821,214.42513744905,195.419328970148,0.0542438129194596,119.807434851346,"usgs_ws_02024752","02024752",7961404152.46684
"150",1998,2002,199.70387902285,202.517679989431,197.52929451728,0.0125102409971132,6.25504721169448,"usgs_ws_02058400","02058400",909415393.031254
"151",1998,2002,259.332497449014,266.597214933422,214.64429307321,0.113965786662783,791.486303379187,"usgs_ws_03529500","03529500",290185382.705737
"152",1998,2002,194.814813111693,202.818435543077,197.89345475074,0.0203373711752178,16.2985736951202,"usgs_ws_02040000","02040000",1877236920.11687
"153",1998,2002,199.214408131254,204.63600101962,208.19828995028,0.0221741867577147,20.4656174018196,"usgs_ws_02034000","02034000",1715497565.62336
"154",1998,2002,174.153603225442,189.022593039484,169.04865821536,0.0584927663079484,107.684232334067,"usgs_ws_01632900","01632900",242136650.317969
"155",1998,2002,191.327002393922,209.104532555706,188.005655853708,0.057838912887383,128.705753263247,"usgs_ws_03173000","03173000",773227016.28835
"156",1998,2002,198.082744833017,209.376825951974,NA,NA,NA,"usgs_ws_01673550","01673550",66078662.1987425
"157",1998,2002,NA,219.047624741831,NA,NA,NA,"usgs_ws_01645784","01645784",2042210.76794874
"158",1998,2002,209.234985234782,228.718979439443,189.94697658706,0.092623291548551,375.82025215785,"usgs_ws_03478400","03478400",69749571.750196
"159",1998,2002,216.520127364765,228.431994130715,219.91086284629,0.0276928118993682,37.6665558869686,"usgs_ws_02061000","02061000",294024722.017034
"160",1998,2002,216.569517691282,229.400284639791,216.689504807545,0.0333811965479331,54.3678168898149,"usgs_ws_02046000","02046000",291446814.970076
"161",1998,2002,224.344736509152,234.417573844851,219.711401636219,0.0332461520795359,56.533557511024,"usgs_ws_02047000","02047000",3730477372.58245
"162",1998,2002,201.787331394771,208.102589082335,195.864850845703,0.0303088965284177,37.453415443793,"usgs_ws_02059500","02059500",485703761.838651
"163",1998,2002,203.109220633549,214.018676025171,206.299030036587,0.0269924748701714,31.464005859759,"usgs_ws_02041000","02041000",408541002.191427
"164",1998,2002,178.445647447229,188.58192816156,185.96625002802,0.0285475956539127,27.6909036660327,"usgs_ws_01616100","01616100",28446307.5602715
"165",1998,2002,196.482120272548,207.248879414469,200.88485937254,0.0268587235154645,29.3013275161336,"usgs_ws_01674500","01674500",1559335859.90549
"166",1998,2002,190.722622584339,212.078423485329,NA,NA,NA,"usgs_ws_01658500","01658500",19725900.3190089
"167",1998,2002,214.628529462056,246.748837221761,199.810334931643,0.108871566159557,575.752676159788,"usgs_ws_03207800","03207800",768290208.766574
"168",1998,2002,186.547108625095,206.426157805987,NA,NA,NA,"usgs_ws_01643590","01643590",20399448.1462486
"169",1998,2002,185.211340233506,200.340650991609,187.246763186688,0.0430028126967938,67.4148147435744,"usgs_ws_02055000","02055000",993928750.789965
"170",1998,2002,196.329998259149,207.324986988287,198.495916899023,0.0290173798750268,33.9222432249284,"usgs_ws_02020500","02020500",364961358.476462
"171",1998,2002,194.79227061446,209.73570905174,208.583831139145,0.0406861340643997,69.1400527933954,"usgs_ws_02030000","02030000",299384470.642828
"172",1998,2002,187.374458074632,206.410051015573,216.13825450987,0.0719634702421463,214.057954534577,"usgs_ws_01662800","01662800",66665826.823936
"173",1998,2002,187.468723057597,201.833127306876,NA,NA,NA,"usgs_ws_01670300","01670300",14451379.0095834
"174",1998,2002,219.815665025138,228.020719491798,216.771960068606,0.0262638231041793,33.8536078706867,"usgs_ws_02045500","02045500",1493310197.58654
"175",1998,2002,207.381976637802,225.689508010927,193.49940763923,0.0773048670137858,260.682331486325,"usgs_ws_02011470","02011470",195632586.421466
"176",1998,2002,179.312734631363,189.335406398004,188.97086582374,0.0305815338115514,32.3110562168757,"usgs_ws_01636316","01636316",55343159.3744726
"177",1998,2002,188.515721312463,199.382405820466,189.68747250992,0.0309796787292111,35.5749274935269,"usgs_ws_01634500","01634500",264227056.477521
"178",1998,2002,209.144353073221,222.482498864313,190.377884300065,0.0777901410178145,260.132126612861,"usgs_ws_03474000","03474000",341053098.204821
"179",1998,2002,223.723413702578,224.675165067489,232.23115296381,0.0205466435267884,21.7300685145123,"usgs_ws_02069700","02069700",221502850.269753
"180",1998,2002,198.208253528253,202.44778851032,204.997172115736,0.0169866745051575,11.7604048698679,"usgs_ws_01644000","01644000",858758018.70125
"181",1998,2002,202.701314084511,211.877090194632,209.32076657646,0.0227702564612221,22.4244681595104,"usgs_ws_02038000","02038000",85695863.4688673
"182",1998,2002,182.215240805169,196.521743846096,181.133376663234,0.0460243384296866,73.7747173060416,"usgs_ws_01638500","01638500",24734568589.6518
"183",1998,2002,219.775910108446,227.184474426738,209.42173907193,0.0407779881475157,79.6017417327723,"usgs_ws_02077303","02077303",526773223.247774
"184",1998,2002,208.624622174251,213.152301541223,213.089609600261,0.0122678471941178,6.73998724066542,"usgs_ws_02071000","02071000",2710709999.84841
"185",1998,2002,233.114310232592,233.330126271081,226.460796829447,0.0169079381682783,15.250584024334,"usgs_ws_02068500","02068500",321904888.090359
"186",1998,2002,202.987706157193,207.4147692628,209.656512820755,0.0164188642220777,11.5162140394396,"usgs_ws_02074000","02074000",1408838904.68747
"187",1998,2002,259.947821089217,257.436330148296,237.05384454444,0.049927729044766,157.647911361754,"usgs_ws_03161000","03161000",533712043.008783
"188",1998,2002,232.678232560484,236.588476040939,228.80035583559,0.0167350882622677,15.1637913838124,"usgs_ws_02052500","02052500",179871003.549627
