"","start_year","end_year","prism_precip","daymet_precip","nldas_precip","daymet_ndays_with_data","prism_ndays_with_data","nldas2_ndays_with_data","daymet_missing","prism_missing","nldas2_missing","var","CV","nldas2_dif_from_mean","prism_dif_from_mean","daymet_dif_from_mean","hydrocode"
"1",1998,2002,194.566563745074,213.922516791782,190.467038397702,1825,1826,1826,0,0,0,156.936415519216,0.0627462987829532,-9.18500124715078,-5.0854758997788,14.2704771469296,"usgs_ws_02019500"
"2",1998,2002,182.411895932408,191.689259854408,184.819307807622,1825,1826,1826,0,0,0,23.1768924005474,0.0258403770503911,-1.48751339052413,-3.89492526573784,5.38243865626197,"usgs_ws_01622000"
"3",1998,2002,196.747717220759,221.29949094774,188.08666062186,1825,1826,1826,0,0,0,296.815932134312,0.0852700087319503,-13.9579623082594,-5.29690570936086,19.2548680176202,"usgs_ws_02011400"
"4",1998,2002,192.396402964859,215.477045595428,NA,1825,1826,0,0,0,1826,NA,NA,NA,NA,NA,"usgs_ws_03473500"
"5",1998,2002,188.160967795351,198.161431040319,197.423078393182,1825,1826,1826,0,0,0,31.0568537453235,0.028640226906244,2.84125265023096,-6.42085794759959,3.57960529736866,"usgs_ws_01670400"
"6",1998,2002,201.798244912055,202.157076269085,201.444203268,1825,1826,1826,0,0,0,0.127048890698182,0.00176630060612453,-0.355638215046781,-0.00159657099140986,0.357234786038219,"usgs_ws_02036500"
"7",1998,2002,194.881197785051,209.602735722294,201.13096294137,1825,1826,1826,0,0,0,54.5923629664067,0.0366008062287866,-0.740669208201666,-6.99043436452081,7.73110357272245,"usgs_ws_01656000"
"8",1998,2002,190.624241175458,201.13600102296,201.230307483205,1825,1826,1826,0,0,0,37.1657718873843,0.0308421795435762,3.56679092266407,-7.0392753850827,3.47248446241861,"usgs_ws_01671100"
"9",1998,2002,199.438441225372,203.44843151683,196.02732239013,1825,1826,1826,0,0,0,13.7981024193552,0.0186065703894236,-3.61074265398082,-0.199623818738871,3.81036647271966,"usgs_ws_02065500"
"10",1998,2002,195.961965097722,219.913471592848,190.972928584643,1825,1826,1826,0,0,0,239.353363054105,0.0764822816163917,-11.3098598404278,-6.32082332734905,17.6306831677769,"usgs_ws_02011800"
"11",1998,2002,196.961540548396,220.305357304625,189.9446132562,1825,1826,1826,0,0,0,252.657638091063,0.0785321476886553,-12.4592237802073,-5.4422964880109,17.9015202682182,"usgs_ws_02012500"
"12",1998,2002,229.757779797199,243.759276617256,220.20717796693,1825,1826,1826,0,0,0,140.326209892844,0.0512275736198377,-11.0342334935314,-1.48363166326286,12.5178651567942,"usgs_ws_02047500"
"13",1998,2002,191.807977444576,203.353784353164,197.79192176821,1825,1826,1826,0,0,0,33.3412603754451,0.0292140312798764,0.140693912893397,-5.84325041074084,5.70255649784744,"usgs_ws_02038850"
"14",1998,2002,215.867752707638,223.186938646918,213.836763503286,1825,1826,1826,0,0,0,24.1868625297578,0.0225980017689308,-3.79372144932807,-1.76273224497604,5.55645369430408,"usgs_ws_02044500"
"15",1998,2002,201.047238543029,204.424389555901,187.894855400175,1825,1826,1826,0,0,0,76.2693051175781,0.044154313627447,-9.89397243285987,3.25841070999411,6.63556172286573,"usgs_ws_02056650"
"16",1998,2002,212.00225888143,224.494065293849,208.173652768043,1825,1826,1826,0,0,0,72.8432195382155,0.0397171773304681,-6.71633954639799,-2.88773343301014,9.6040729794081,"usgs_ws_01669520"
"17",1998,2002,211.025929444118,221.566958959871,NA,1825,1826,0,0,0,1826,NA,NA,NA,NA,NA,"usgs_ws_03177710"
"18",1998,2002,183.514521927501,195.803236929096,190.38623666678,1825,1826,1826,0,0,0,37.9294786150626,0.0324310063931739,0.484904825654183,-6.38680991362452,5.90190508797033,"usgs_ws_01613900"
"19",1998,2002,197.735519184104,207.572252366968,202.750677099137,1825,1826,1826,0,0,0,24.1934527811554,0.0242674897157874,0.0645275490677761,-4.95063036596582,4.88610281689807,"usgs_ws_02041650"
"20",1998,2002,183.618539762988,200.063439689803,183.311333587418,1825,1826,1826,0,0,0,91.8603613504753,0.0507116092599328,-5.68643742598499,-5.37923125041522,11.0656686764002,"usgs_ws_01628500"
"21",1998,2002,198.671748497613,210.466418018212,204.76754477014,1825,1826,1826,0,0,0,34.7916862656488,0.028824203828017,0.132307674818321,-5.96348859770868,5.83118092289035,"usgs_ws_02021500"
"22",1998,2002,210.861134980717,212.078958474341,217.484127940053,1825,1826,1826,0,0,0,12.4271644590167,0.0165135151284815,4.00938747501596,-2.61360548432,-1.39578199069592,"usgs_ws_02072000"
"23",1998,2002,176.661438909507,187.665979914723,173.994972894242,1825,1826,1826,0,0,0,52.5177327833449,0.0403860886686554,-5.44582434524855,-2.77935832998358,8.22518267523213,"usgs_ws_01633000"
"24",1998,2002,187.029179257956,206.659776312408,179.016056314287,1825,1826,1826,0,0,0,202.29095589318,0.0745038137495392,-11.8856143139296,-3.8724913702612,15.7581056841908,"usgs_ws_03167000"
"25",1998,2002,230.988651318369,265.205637855933,198.87602865284,1825,1826,1826,0,0,0,1100.27329320094,0.14316695813482,-32.8140772895408,-0.701454624011774,33.5155319135526,"usgs_ws_03208800"
"26",1998,2002,211.929811257183,223.196411601623,191.324346097243,1825,1826,1826,0,0,0,261.225006215715,0.0774001532907082,-17.4925102214397,3.11295493849957,14.3795552829401,"usgs_ws_03475000"
"27",1998,2002,218.629865361835,216.044910814295,239.44866079827,1825,1826,1826,0,0,0,164.63995779156,0.0571017543554428,14.7408484734698,-6.07794696296503,-8.66290151050481,"usgs_ws_02032250"
"28",1998,2002,182.140193283324,201.49376809518,188.201706353276,1825,1826,1826,0,0,0,97.9969506743197,0.0519345407071676,-2.41018289065076,-8.47169596060283,10.8818788512536,"usgs_ws_02054530"
"29",1998,2002,209.604642441123,217.790504142492,190.626447426415,1825,1826,1826,0,0,0,194.177699180749,0.067642130862333,-15.3807505769283,3.59744443777922,11.7833061391491,"usgs_ws_02014000"
"30",1998,2002,220.514615524187,212.021368012451,224.929660175862,1825,1826,1826,0,0,0,43.0419798579752,0.0299360372986974,5.77444560502852,1.35940095335349,-7.133846558382,"usgs_ws_01663500"
"31",1998,2002,184.730443810843,200.541498193257,183.285359004037,1825,1826,1826,0,0,0,91.6420084167139,0.050511970766387,-6.23374133200917,-4.7886565252025,11.0223978572116,"usgs_ws_01629500"
"32",1998,2002,225.74498785715,241.280558813436,195.508784361162,1825,1826,1826,0,0,0,541.772883883084,0.105395361943139,-25.3359926494208,4.90021084656703,20.4357818028538,"usgs_ws_03527000"
"33",1998,2002,183.364574056032,205.404157290482,NA,1825,1826,0,0,0,1826,NA,NA,NA,NA,NA,"usgs_ws_01636690"
"34",1998,2002,205.332460706002,211.906776589599,195.383776110857,1825,1826,1826,0,0,0,69.2012498885859,0.0407366129601888,-8.82389502462934,1.12478957051641,7.6991054541129,"usgs_ws_02059485"
"35",1998,2002,219.001690589678,227.792751523636,214.488210592975,1825,1826,1826,0,0,0,45.7775105668053,0.0306944750578305,-5.9393403091214,-1.42586031241819,7.36520062153957,"usgs_ws_02052000"
"36",1998,2002,208.323781765157,216.196300467065,185.579534596097,1825,1826,1826,0,0,0,252.777280399481,0.0781788937900197,-17.7870043466762,4.95724282238419,12.8297615242921,"usgs_ws_01627500"
"37",1998,2002,196.008173210423,208.12764741645,198.884839479322,1825,1826,1826,0,0,0,40.0977270692984,0.0315027843781368,-2.12204722274291,-4.99871349164178,7.12076071438469,"usgs_ws_02037500"
"38",1998,2002,230.491659908001,269.643358488707,NA,1825,1826,0,0,0,1826,NA,NA,NA,NA,NA,"usgs_ws_03208700"
"39",1998,2002,181.188832835777,210.983362725132,190.22646098995,1825,1826,1826,0,0,0,233.373617270786,0.0786913088954931,-3.90642452700303,-12.9440526811757,16.8504772081787,"usgs_ws_02053800"
"40",1998,2002,200.536683203374,214.285861351355,NA,1825,1826,0,0,0,1826,NA,NA,NA,NA,NA,"usgs_ws_01652500"
"41",1998,2002,198.09702294922,212.370031959174,185.582062156517,1825,1826,1826,0,0,0,179.656392664871,0.0674622067623467,-13.1009768651204,-0.586016072416754,13.6869929375372,"usgs_ws_02013000"
"42",1998,2002,196.070356019273,202.757433176702,191.843159548483,1825,1826,1826,0,0,0,30.284593290615,0.0279503027415727,-5.04715669966939,-0.819960228879722,5.86711692854914,"usgs_ws_02060500"
"43",1998,2002,188.713297386259,200.904514277197,186.67315985857,1825,1826,1826,0,0,0,59.2198965003951,0.0400602136346684,-5.42383064877217,-3.38369312108307,8.80752376985524,"usgs_ws_02056000"
"44",1998,2002,205.482358018345,210.009001546928,209.246561117214,1825,1826,1826,0,0,0,5.87350700221015,0.0116378333072687,1.00058755638463,-2.76361554248399,1.76302798609933,"usgs_ws_02075045"
"45",1998,2002,182.089215766275,212.346756966445,190.02607505497,1825,1826,1826,0,0,0,246.120895973635,0.080526566696094,-4.79460754092682,-12.7314668296218,17.5260743705485,"usgs_ws_02016000"
"46",1998,2002,201.50516515097,204.976319751954,212.520896330193,1825,1826,1826,0,0,0,31.7193139036224,0.0272954857520456,6.18676925248712,-4.82896192673533,-1.35780732575182,"usgs_ws_01668000"
"47",1998,2002,211.951826342312,228.684954395759,NA,1825,1826,0,0,0,1826,NA,NA,NA,NA,NA,"usgs_ws_01661800"
"48",1998,2002,200.648917374251,217.043757859191,NA,1825,1826,0,0,0,1826,NA,NA,NA,NA,NA,"usgs_ws_01669000"
"49",1998,2002,205.484996273789,208.062869959992,212.83311099281,1825,1826,1826,0,0,0,13.8992370295167,0.0178557532314593,4.03945191727985,-3.30866280174158,-0.730789115538244,"usgs_ws_02073000"
"50",1998,2002,200.286166238775,208.77202731596,217.999489766905,1825,1826,1826,0,0,0,78.4862886528479,0.0423848507039886,8.98026199302512,-8.73306153510487,-0.247200457920258,"usgs_ws_02070000"
"51",1998,2002,197.359962733207,204.072404832674,194.254296189528,1825,1826,1826,0,0,0,25.1828834913047,0.0252729597448176,-4.3079250622749,-1.20225851859581,5.51018358087069,"usgs_ws_02066000"
"52",1998,2002,184.702895408747,203.541862570254,207.31555683223,1825,1826,1826,0,0,0,146.746651458049,0.0610210398262661,8.79545189515321,-13.81720952833,5.0217576331768,"usgs_ws_01638420"
"53",1998,2002,169.236373868351,181.626179888031,170.66274963815,1825,1826,1826,0,0,0,45.9564406476682,0.0389959103059896,-3.17901816002737,-4.60539392982679,7.78441208985413,"usgs_ws_01632082"
"54",1998,2002,192.908980422685,215.67325017338,189.31274396111,1825,1826,1826,0,0,0,204.336863622854,0.071724860652942,-9.98558089128176,-6.38934442970677,16.3749253209886,"usgs_ws_02016500"
"55",1998,2002,222.513051872329,217.651146576565,208.43939995879,1825,1826,1826,0,0,0,51.0936795064185,0.033061723590279,-7.76179951043792,6.3118524031006,1.44994710733729,"usgs_ws_02028500"
"56",1998,2002,184.491035374511,198.889511702453,192.06915096138,1825,1826,1826,0,0,0,51.8768795087676,0.0375492105368294,0.252584948598496,-7.32553063827007,7.07294568967154,"usgs_ws_01635500"
"57",1998,2002,197.245613378351,211.780945044392,198.20826755269,1825,1826,1826,0,0,0,66.0700239991568,0.0401575136684832,-4.20334110578764,-5.16599528012671,9.36933638591432,"usgs_ws_02029000"
"58",1998,2002,206.819167125878,209.424863748959,NA,1825,1826,0,0,0,1826,NA,NA,NA,NA,NA,"usgs_ws_01620500"
"59",1998,2002,245.939975139595,228.302588431927,NA,1825,1826,0,0,0,1826,NA,NA,NA,NA,NA,"usgs_ws_02071530"
"60",1998,2002,208.719115246901,226.319232988359,193.49940763923,1825,1826,1826,0,0,0,269.757430020583,0.0783928749402703,-16.0131776522666,-0.793470044595608,16.8066476968622,"usgs_ws_02011460"
"61",1998,2002,190.455962710513,200.969832185934,199.440530347203,1825,1826,1826,0,0,0,32.2671118463969,0.0288411160903043,2.48508859931954,-6.49947903737012,4.01439043805061,"usgs_ws_01673000"
"62",1998,2002,200.802846809874,216.327960784187,210.6192869627,1825,1826,1826,0,0,0,61.6634363315883,0.0375273873067883,1.36925544377971,-8.4471847090461,7.07792926526636,"usgs_ws_01646000"
"63",1998,2002,195.410033347179,198.912009833095,200.82792340765,1825,1826,1826,0,0,0,7.54801614007148,0.0138487715519726,2.44460121167555,-2.97328884879582,0.528687637120299,"usgs_ws_01643880"
"64",1998,2002,221.419602365151,237.902187858605,208.287267986875,1825,1826,1826,0,0,0,220.196218296815,0.0666812852592945,-14.2490847500021,-1.11675037172617,15.3658351217283,"usgs_ws_03165500"
"65",1998,2002,200.851639512254,222.058362732516,191.139836811257,1825,1826,1826,0,0,0,249.999911097914,0.077248056186209,-13.5434428740857,-3.83164017308803,17.3750830471737,"usgs_ws_02011500"
"66",1998,2002,251.213760247695,263.476428107204,213.550543138753,1825,1826,1826,0,0,0,676.914155985153,0.107179835698437,-29.1963673591308,8.46684974981054,20.7295176093203,"usgs_ws_03531500"
"67",1998,2002,202.43168298697,215.725923550672,194.8789241322,1825,1826,1826,0,0,0,111.396397206271,0.0516500174379884,-9.4665860910807,-1.91382723631025,11.3804133273909,"usgs_ws_03175500"
"68",1998,2002,203.65513236438,206.352337414256,212.014714881585,1825,1826,1826,0,0,0,18.2033422542596,0.0205774212255622,4.67398666151132,-3.68559585569409,-0.988390805817204,"usgs_ws_01667500"
"69",1998,2002,191.552686239846,204.309588339006,201.79788849836,1825,1826,1826,0,0,0,45.668559429152,0.0339215432359976,2.57783413928945,-7.66736811922465,5.08953397993523,"usgs_ws_01673800"
"70",1998,2002,206.508559132001,213.308923127395,NA,1825,1826,0,0,0,1826,NA,NA,NA,NA,NA,"usgs_ws_02018500"
"71",1998,2002,241.39559951404,260.447525231368,197.77275246652,1825,1826,1826,0,0,0,1032.3426331992,0.137775986502931,-35.432539937456,8.1903071100644,27.2422328273916,"usgs_ws_03524500"
"72",1998,2002,215.749373357499,226.457035563391,NA,1825,1826,0,0,0,1826,NA,NA,NA,NA,NA,"usgs_ws_02079640"
"73",1998,2002,228.407433267492,216.48420387613,214.3793677333,1825,1826,1826,0,0,0,57.2300594897987,0.0344246376610673,-5.37763389234058,8.65043164185141,-3.27279774951083,"usgs_ws_02027000"
"74",1998,2002,197.146591495323,204.6144878979,192.98233255686,1825,1826,1826,0,0,0,34.7362611773763,0.0297291950575257,-5.26547142650099,-1.10121248803759,6.36668391453858,"usgs_ws_02056900"
"75",1998,2002,223.058736635276,234.334528687394,200.41180900972,1825,1826,1826,0,0,0,298.462954601642,0.0787896647132803,-18.8565491010768,3.79037852447945,15.0661705765974,"usgs_ws_03165000"
"76",1998,2002,215.654958129867,245.045205983618,180.207723952538,1825,1826,1826,0,0,0,1054.03202597631,0.151968137677295,-33.428238736136,2.01899544119246,31.4092432949435,"usgs_ws_03208500"
"77",1998,2002,NA,221.453741706114,NA,1825,0,0,0,1826,1826,NA,NA,NA,NA,NA,"usgs_ws_01654500"
"78",1998,2002,187.709023736241,197.593389165046,193.047665269305,1825,1826,1826,0,0,0,24.4775631808377,0.0256634208669313,0.264305879107781,-5.07433565395647,4.81002977484866,"usgs_ws_02030500"
"79",1998,2002,206.465975439712,224.376709125242,197.294441988081,1825,1826,1826,0,0,0,189.726766716143,0.0657856384749119,-12.0846001962635,-2.91306674463314,14.9976669408967,"usgs_ws_03171000"
"80",1998,2002,219.117126424213,243.568430000029,NA,1825,1826,0,0,0,1826,NA,NA,NA,NA,NA,"usgs_ws_02024915"
"81",1998,2002,226.49912219801,238.052408012909,192.17347666451,1825,1826,1826,0,0,0,569.4341160139,0.109008268806528,-26.7348589606332,7.59078657286699,19.1440723877662,"usgs_ws_03524000"
"82",1998,2002,215.645752092732,225.710909467117,212.10281747032,1825,1826,1826,0,0,0,49.8399910838494,0.0324109357946199,-5.71700887306972,-2.1740742506573,7.89108312372704,"usgs_ws_02051500"
"83",1998,2002,207.454962510468,208.468296969342,217.58792744731,1825,1826,1826,0,0,0,31.1452475319138,0.0264279124747143,6.41753180493646,-3.71543313190537,-2.70209867303109,"usgs_ws_01664000"
"84",1998,2002,199.573299064453,209.314286298737,200.91509274606,1825,1826,1826,0,0,0,27.8722824863007,0.0259727655242978,-2.35246662368979,-3.69426030529701,6.04672692898677,"usgs_ws_02074500"
"85",1998,2002,194.439986899356,206.037709658895,191.03180000751,1825,1826,1826,0,0,0,61.8833725937395,0.0398975768906847,-6.13803218107708,-2.72984528923129,8.86787747030837,"usgs_ws_02055100"
"86",1998,2002,220.700571376154,228.782229005282,210.422955360618,1825,1826,1826,0,0,0,84.6675849594785,0.0418309689545166,-9.545629886733,0.731986128802504,8.81364375793052,"usgs_ws_02077500"
"87",1998,2002,196.435078020237,210.531289292846,212.31291386151,1825,1826,1826,0,0,0,75.6638382246808,0.0421384821881178,5.88648680331241,-9.99134903796036,4.10486223464795,"usgs_ws_02031000"
"88",1998,2002,193.378167309024,202.475364795216,NA,1825,1826,0,0,0,1826,NA,NA,NA,NA,NA,"usgs_ws_01660400"
"89",1998,2002,197.237002918808,212.777972649727,210.97320053964,1825,1826,1826,0,0,0,72.2436779375362,0.0410617871620626,3.97714183691485,-9.75905578391675,5.7819139470019,"usgs_ws_01653000"
"90",1998,2002,183.191919184246,215.98711900271,186.664476783015,1825,1826,1826,0,0,0,324.566855692341,0.0922553821114372,-8.6166948736421,-12.0892524724112,20.7059473460533,"usgs_ws_02015700"
"91",1998,2002,173.294621226362,185.607166716474,178.94616356001,1825,1826,1826,0,0,0,37.9846117075862,0.0343768106062053,-0.336486940938585,-5.98802927458672,6.32451621552531,"usgs_ws_01621050"
"92",1998,2002,194.532490866253,203.025617179111,195.17182192816,1825,1826,1826,0,0,0,22.3706731027936,0.0239388852506094,-2.40482139634807,-3.04415245825535,5.44897385460342,"usgs_ws_02064000"
"93",1998,2002,205.38643327082,207.359585278285,218.126600071765,1825,1826,1826,0,0,0,47.0222977539127,0.0326085509309335,7.83572719814163,-4.90443960280317,-2.93128759533843,"usgs_ws_01666500"
"94",1998,2002,204.491424581144,217.585655237393,202.60529444617,1825,1826,1826,0,0,0,66.5712621333841,0.0391836959537522,-5.62216364206543,-3.73603350709175,9.35819714915718,"usgs_ws_02051000"
"95",1998,2002,188.926061330827,199.746095117717,198.344247853868,1825,1826,1826,0,0,0,34.6234240472293,0.0300715645679649,2.67211308639719,-6.74607343664337,4.07396035024621,"usgs_ws_01671025"
"96",1998,2002,196.704713842896,204.293774762339,193.856363212563,1825,1826,1826,0,0,0,29.1077511352898,0.0272091248307469,-4.42858739336964,-1.58023676303685,6.00882415640646,"usgs_ws_02062500"
"97",1998,2002,245.484456959632,234.205888276027,NA,1825,1826,0,0,0,1826,NA,NA,NA,NA,NA,"usgs_ws_02027500"
"98",1998,2002,206.198596594652,211.069303190221,207.956813180045,1825,1826,1826,0,0,0,6.08378372745204,0.0118351019214219,-0.451424474927705,-2.20964106032054,2.66106553524821,"usgs_ws_02075500"
"99",1998,2002,NA,234.735595573467,NA,1825,0,0,0,1826,1826,NA,NA,NA,NA,NA,"usgs_ws_02011490"
"100",1998,2002,175.816166472826,187.014311276266,176.908229691507,1825,1826,1826,0,0,0,38.120655685037,0.0343176761095762,-3.00467278869257,-4.09673600737389,7.10140879606649,"usgs_ws_01634000"
"101",1998,2002,203.654727100853,214.705671707145,207.183330382875,1825,1826,1826,0,0,0,31.8600061353405,0.0270698910248135,-1.33124601408269,-4.85984929610453,6.19109531018722,"usgs_ws_02042500"
"102",1998,2002,195.949970256351,208.773111140542,198.604295008422,1825,1826,1826,0,0,0,45.8138672590223,0.0336563254926869,-2.50483046001631,-5.1591552120874,7.66398567210368,"usgs_ws_02035000"
"103",1998,2002,200.79290174816,211.012632494276,199.887802165077,1825,1826,1826,0,0,0,38.170658605314,0.0303006770027847,-4.00997663742774,-3.10487705434412,7.11485369177183,"usgs_ws_02077000"
"104",1998,2002,196.728824559852,217.473187754815,188.635847926295,1825,1826,1826,0,0,0,221.236173923563,0.0740199529387321,-12.310105487359,-4.21712885380202,16.527234341161,"usgs_ws_02013100"
"105",1998,2002,224.933231687574,217.290455704833,219.63347293272,1825,1826,1826,0,0,0,15.3315328853665,0.0177480144039882,-0.985580508989045,4.31417824586524,-3.32859773687616,"usgs_ws_01665500"
"106",1998,2002,186.395266684609,203.004643808862,207.31555683223,1825,1826,1826,0,0,0,122.018986568559,0.0555351138198105,8.41040105699616,-12.5098890906247,4.0994880336286,"usgs_ws_01638480"
"107",1998,2002,209.438832582786,216.1613845104,NA,1825,1826,0,0,0,1826,NA,NA,NA,NA,NA,"usgs_ws_01626000"
"108",1998,2002,202.845950033232,213.428135684936,208.10970686737,1825,1826,1826,0,0,0,27.9959123772634,0.0254224233243369,-0.0182239944761591,-5.28198082861391,5.30020482309007,"usgs_ws_02061500"
"109",1998,2002,196.034512058523,214.669752624225,196.304926308315,1825,1826,1826,0,0,0,114.102026736942,0.0527925533010768,-6.03147068870607,-6.30188493849826,12.3333556272043,"usgs_ws_02025500"
"110",1998,2002,224.303860476027,234.362965812186,196.897507293706,1825,1826,1826,0,0,0,375.99239615299,0.088735105158144,-21.6239372336,5.78241594872037,15.8415212848796,"usgs_ws_03490000"
"111",1998,2002,237.401136724743,235.211319234174,216.01174656754,1825,1826,1826,0,0,0,138.487483753403,0.0512677472403128,-13.5296542746123,7.8597358825908,5.66991839202151,"usgs_ws_03473000"
"112",1998,2002,192.489507511927,201.748310537901,196.540575423192,1825,1826,1826,0,0,0,21.5428482867378,0.0235693829471256,-0.385555734481159,-4.43662364574621,4.82217938022737,"usgs_ws_02039500"
"113",1998,2002,232.257228904581,232.830081711911,NA,1825,1826,0,0,0,1826,NA,NA,NA,NA,NA,"usgs_ws_03471500"
"114",1998,2002,184.039801849161,195.609802322976,180.664331154487,1825,1826,1826,0,0,0,61.4376369704691,0.0419669186136542,-6.10698062105439,-2.73150992638023,8.83849054743459,"usgs_ws_01632000"
"115",1998,2002,208.388398638372,210.254347653916,193.368487621027,1825,1826,1826,0,0,0,85.7019602913189,0.0453792421375069,-10.6352570167449,4.38465400060008,6.25060301614479,"usgs_ws_02017500"
"116",1998,2002,207.402882652087,215.93830048326,180.23002645802,1825,1826,1826,0,0,0,347.716384192965,0.0926841169299982,-20.960376739769,6.21247945429786,14.7478972854711,"usgs_ws_01626850"
"117",1998,2002,218.928462788505,248.397491639314,182.975744869841,1825,1826,1826,0,0,0,1073.50442291965,0.151150046426731,-33.7914882293791,2.16122968928505,31.630258540094,"usgs_ws_03209200"
"118",1998,2002,204.978795452344,211.636187099791,202.635956235269,1825,1826,1826,0,0,0,21.8023191265413,0.0226206941196229,-3.7810233605324,-1.43818414345705,5.21920750398942,"usgs_ws_02079500"
"119",1998,2002,181.725606605733,201.951336725916,188.201706353276,1825,1826,1826,0,0,0,106.678727036467,0.054182156210323,-2.4245102083658,-8.90060995590835,11.3251201642742,"usgs_ws_02054500"
"120",1998,2002,198.709234498907,216.670332689911,NA,1825,1826,0,0,0,1826,NA,NA,NA,NA,NA,"usgs_ws_02022500"
"121",1998,2002,220.849299639827,249.124413526411,179.4795457378,1825,1826,1826,0,0,0,1226.89103541779,0.161799192907883,-37.0048738968794,4.36488000514746,32.639993891732,"usgs_ws_03208950"
"122",1998,2002,196.600937033146,202.885679261662,201.05982117067,1825,1826,1826,0,0,0,10.452231733201,0.0161502472166614,0.87767534884398,-3.58120878868024,2.70353343983629,"usgs_ws_01643700"
"123",1998,2002,208.10774443826,211.59044594643,192.58762536959,1825,1826,1826,0,0,0,102.351749262714,0.049569517408345,-11.5076465485034,4.01247252016677,7.49517402833666,"usgs_ws_02018000"
"124",1998,2002,235.734448714732,247.340299360726,225.882781917581,1825,1826,1826,0,0,0,115.362693787016,0.0454499834456519,-10.4363947467654,-0.584727949614518,11.0211226963798,"usgs_ws_02049500"
"125",1998,2002,209.099279044056,210.109387868586,217.484127940053,1825,1826,1826,0,0,0,20.9521336613018,0.0215677801293679,5.25319632248826,-3.13165257350948,-2.12154374897875,"usgs_ws_02072500"
"126",1998,2002,188.858960312478,202.249172446415,NA,1825,1826,0,0,0,1826,NA,NA,NA,NA,NA,"usgs_ws_01638350"
"127",1998,2002,194.572242891466,205.812273577092,198.55742611859,1825,1826,1826,0,0,0,32.4754644689483,0.0285439593000936,-1.08988807712575,-5.07507130425003,6.16495938137581,"usgs_ws_01674000"
"128",1998,2002,173.742326606864,199.934427742223,185.943080068002,1825,1826,1826,0,0,0,171.773726107543,0.0702597377303635,-0.596864737694517,-12.7976181988321,13.3944829365267,"usgs_ws_01625000"
"129",1998,2002,206.605632398183,211.541391004905,207.989888589727,1825,1826,1826,0,0,0,6.48184127211211,0.0121983515002178,-0.722415407877804,-2.1066715994221,2.82908700729993,"usgs_ws_02076000"
"130",1998,2002,217.42204836382,232.013472744946,179.535760335085,1825,1826,1826,0,0,0,733.698464306411,0.129196052282469,-30.121333479532,7.7649545492032,22.3563789303289,"usgs_ws_03521500"
"131",1998,2002,199.201682245952,217.97130537771,NA,1825,1826,0,0,0,1826,NA,NA,NA,NA,NA,"usgs_ws_01654000"
"132",1998,2002,188.926061330827,199.721729711977,198.344247853868,1825,1826,1826,0,0,0,34.5243582413265,0.0300297592721158,2.68023488831045,-6.73795163473011,4.05771674641963,"usgs_ws_01671020"
"133",1998,2002,191.468814556602,201.163045064376,199.194491029534,1825,1826,1826,0,0,0,26.2565645150568,0.0259744229115844,1.91904081269664,-5.80663566023492,3.88759484753831,"usgs_ws_01672500"
"134",1998,2002,223.055911219789,253.012708214406,187.127776245795,1825,1826,1826,0,0,0,1088.1774715658,0.149220662123747,-33.9376889808686,1.9904459931258,31.9472429877428,"usgs_ws_03209000"
"135",1998,2002,209.354325663808,208.161091129179,NA,1825,1826,0,0,0,1826,NA,NA,NA,NA,NA,"usgs_ws_01636210"
"136",1998,2002,196.330177602789,207.428688089158,203.03714113606,1825,1826,1826,0,0,0,31.2409965823227,0.0276338235552903,0.771805526724592,-5.9351580065468,5.16335247982221,"usgs_ws_01644280"
"137",1998,2002,186.040232371292,200.608416152293,186.61719132441,1825,1826,1826,0,0,0,68.0532054158316,0.0431707391189926,-4.47142195825495,-5.04838091137321,9.51980286962819,"usgs_ws_01631000"
"138",1998,2002,192.638102051613,215.801573194757,190.690148641916,1825,1826,1826,0,0,0,195.154093493106,0.0699502302972853,-9.01979265417921,-7.07183924448239,16.0916318986616,"usgs_ws_03170000"
"139",1998,2002,223.030227842776,226.152696935601,194.74634532045,1825,1826,1826,0,0,0,299.347790924485,0.0806066953967935,-19.8967447124925,8.38713780983394,11.5096069026585,"usgs_ws_03488000"
"140",1998,2002,194.382513084336,199.859238609815,NA,1825,1826,0,0,0,1826,NA,NA,NA,NA,NA,"usgs_ws_01643805"
"141",1998,2002,203.0606637658,219.812835887954,193.880408143228,1825,1826,1826,0,0,0,172.900528806906,0.0639598601678038,-11.7042277890991,-2.52397216652727,14.2281999556264,"usgs_ws_03176500"
"142",1998,2002,195.814341423925,204.720929965065,194.82117606952,1825,1826,1826,0,0,0,29.7198040091171,0.0274705379402423,-3.63097308331643,-2.6378077289117,6.26878081222813,"usgs_ws_02039000"
"143",1998,2002,211.52575679527,228.641437546488,201.544376861257,1825,1826,1826,0,0,0,187.804195123982,0.0640669469890811,-12.359480206415,-2.37810027240187,14.7375804788169,"usgs_ws_03168000"
"144",1998,2002,211.711755492314,205.635834495536,207.84158861235,1825,1826,1826,0,0,0,9.46005981028535,0.0147589935723984,-0.554804254383384,3.31536262558103,-2.76055837119762,"usgs_ws_02032640"
"145",1998,2002,179.199825733568,187.646972505094,NA,1825,1826,0,0,0,1826,NA,NA,NA,NA,NA,"usgs_ws_01615000"
"146",1998,2002,195.48985111865,213.347280307872,196.858876894912,1825,1826,1826,0,0,0,98.7715759887751,0.0492246384349027,-5.03979254556569,-6.40881832182819,11.4486108673939,"usgs_ws_02026000"
"147",1998,2002,224.189971944105,241.248008696887,211.5258033971,1825,1826,1826,0,0,0,222.46121178814,0.066097185704922,-14.1287912822635,-1.46462273525935,15.5934140175228,"usgs_ws_03164000"
"148",1998,2002,198.524887279037,210.850684005999,205.448098525196,1825,1826,1826,0,0,0,38.1740081317862,0.0301477258064643,0.506875255118842,-6.41633599104046,5.90946073592164,"usgs_ws_02024000"
"149",1998,2002,195.514431255821,214.42513744905,195.419328970148,1825,1826,1826,0,0,0,119.807434851346,0.0542438129194596,-6.36697025485805,-6.27186796918568,12.6388382240437,"usgs_ws_02024752"
"150",1998,2002,199.70387902285,202.517679989431,197.52929451728,1825,1826,1826,0,0,0,6.25504721169448,0.0125102409971132,-2.38765665924024,-0.213072153670652,2.60072881291089,"usgs_ws_02058400"
"151",1998,2002,259.332497449014,266.597214933422,214.64429307321,1825,1826,1826,0,0,0,791.486303379187,0.113965786662783,-32.2137087453385,12.4744956304654,19.739213114873,"usgs_ws_03529500"
"152",1998,2002,194.814813111693,202.818435543077,197.89345475074,1825,1826,1826,0,0,0,16.2985736951202,0.0203373711752178,-0.615446384429788,-3.69408802347724,4.30953440790705,"usgs_ws_02040000"
"153",1998,2002,199.214408131254,204.63600101962,208.19828995028,1825,1826,1826,0,0,0,20.4656174018196,0.0221741867577147,4.18205691656203,-4.80182490246423,0.6197679859022,"usgs_ws_02034000"
"154",1998,2002,174.153603225442,189.022593039484,169.04865821536,1825,1826,1826,0,0,0,107.684232334067,0.0584927663079484,-8.35962661140221,-3.25468160131976,11.614308212722,"usgs_ws_01632900"
"155",1998,2002,191.327002393922,209.104532555706,188.005655853708,1825,1826,1826,0,0,0,128.705753263247,0.057838912887383,-8.14007441407077,-4.81872787385691,12.9588022879277,"usgs_ws_03173000"
"156",1998,2002,198.082744833017,209.376825951974,NA,1825,1826,0,0,0,1826,NA,NA,NA,NA,NA,"usgs_ws_01673550"
"157",1998,2002,NA,219.047624741831,NA,1825,0,0,0,1826,1826,NA,NA,NA,NA,NA,"usgs_ws_01645784"
"158",1998,2002,209.234985234782,228.718979439443,189.94697658706,1825,1826,1826,0,0,0,375.82025215785,0.092623291548551,-19.3533371667017,-0.065328518979868,19.4186656856816,"usgs_ws_03478400"
"159",1998,2002,216.520127364765,228.431994130715,219.91086284629,1825,1826,1826,0,0,0,37.6665558869686,0.0276928118993682,-1.71013193430016,-5.10086741582472,6.81099935012489,"usgs_ws_02061000"
"160",1998,2002,216.569517691282,229.400284639791,216.689504807545,1825,1826,1826,0,0,0,54.3678168898149,0.0333811965479331,-4.19693090532766,-4.31691802159116,8.51384892691883,"usgs_ws_02046000"
"161",1998,2002,224.344736509152,234.417573844851,219.711401636219,1825,1826,1826,0,0,0,56.533557511024,0.0332461520795359,-6.4465023605218,-1.81316748758869,8.25966984811052,"usgs_ws_02047000"
"162",1998,2002,201.787331394771,208.102589082335,195.864850845703,1825,1826,1826,0,0,0,37.453415443793,0.0303088965284177,-6.05340626190011,-0.130925712831981,6.18433197473212,"usgs_ws_02059500"
"163",1998,2002,203.109220633549,214.018676025171,206.299030036587,1825,1826,1826,0,0,0,31.464005859759,0.0269924748701714,-1.50994552851543,-4.69975493155314,6.2097004600686,"usgs_ws_02041000"
"164",1998,2002,178.445647447229,188.58192816156,185.96625002802,1825,1826,1826,0,0,0,27.6909036660327,0.0285475956539127,1.6349748157503,-5.88562776504062,4.25065294929033,"usgs_ws_01616100"
"165",1998,2002,196.482120272548,207.248879414469,200.88485937254,1825,1826,1826,0,0,0,29.3013275161336,0.0268587235154645,-0.653760313978978,-5.05649941397084,5.71025972794985,"usgs_ws_01674500"
"166",1998,2002,190.722622584339,212.078423485329,NA,1825,1826,0,0,0,1826,NA,NA,NA,NA,NA,"usgs_ws_01658500"
"167",1998,2002,214.628529462056,246.748837221761,199.810334931643,1825,1826,1826,0,0,0,575.752676159788,0.108871566159557,-20.5855656068436,-5.76737107643078,26.3529366832743,"usgs_ws_03207800"
"168",1998,2002,186.547108625095,206.426157805987,NA,1825,1826,0,0,0,1826,NA,NA,NA,NA,NA,"usgs_ws_01643590"
"169",1998,2002,185.211340233506,200.340650991609,187.246763186688,1825,1826,1826,0,0,0,67.4148147435744,0.0430028126967938,-3.68615495057944,-5.72157790376184,9.40773285434125,"usgs_ws_02055000"
"170",1998,2002,196.329998259149,207.324986988287,198.495916899023,1825,1826,1826,0,0,0,33.9222432249284,0.0290173798750268,-2.22105048312997,-4.38696912300418,6.60801960613412,"usgs_ws_02020500"
"171",1998,2002,194.79227061446,209.73570905174,208.583831139145,1825,1826,1826,0,0,0,69.1400527933954,0.0406861340643997,4.2132275373632,-9.57833298732189,5.36510544995872,"usgs_ws_02030000"
"172",1998,2002,187.374458074632,206.410051015573,216.13825450987,1825,1826,1826,0,0,0,214.057954534577,0.0719634702421463,12.8306666431783,-15.9331297920596,3.10246314888133,"usgs_ws_01662800"
"173",1998,2002,187.468723057597,201.833127306876,NA,1825,1826,0,0,0,1826,NA,NA,NA,NA,NA,"usgs_ws_01670300"
"174",1998,2002,219.815665025138,228.020719491798,216.771960068606,1825,1826,1826,0,0,0,33.8536078706867,0.0262638231041793,-4.76415479324135,-1.72044983670924,6.48460462995055,"usgs_ws_02045500"
"175",1998,2002,207.381976637802,225.689508010927,193.49940763923,1825,1826,1826,0,0,0,260.682331486325,0.0773048670137858,-15.3575564567563,-1.47498745818396,16.8325439149403,"usgs_ws_02011470"
"176",1998,2002,179.312734631363,189.335406398004,188.97086582374,1825,1826,1826,0,0,0,32.3110562168757,0.0305815338115514,3.09786353937105,-6.5602676530057,3.46240411363462,"usgs_ws_01636316"
"177",1998,2002,188.515721312463,199.382405820466,189.68747250992,1825,1826,1826,0,0,0,35.5749274935269,0.0309796787292111,-2.84106070436329,-4.01281190181996,6.85387260618322,"usgs_ws_01634500"
"178",1998,2002,209.144353073221,222.482498864313,190.377884300065,1825,1826,1826,0,0,0,260.132126612861,0.0777901410178145,-16.9570277791344,1.80944099402109,15.1475867851134,"usgs_ws_03474000"
"179",1998,2002,223.723413702578,224.675165067489,232.23115296381,1825,1826,1826,0,0,0,21.7300685145123,0.0205466435267884,5.35457571918442,-3.15316354204796,-2.20141217713646,"usgs_ws_02069700"
"180",1998,2002,198.208253528253,202.44778851032,204.997172115736,1825,1826,1826,0,0,0,11.7604048698679,0.0169866745051575,3.11276739763318,-3.67615118984995,0.563383792216797,"usgs_ws_01644000"
"181",1998,2002,202.701314084511,211.877090194632,209.32076657646,1825,1826,1826,0,0,0,22.4244681595104,0.0227702564612221,1.35437629125911,-5.26507620069006,3.91069990943095,"usgs_ws_02038000"
"182",1998,2002,182.215240805169,196.521743846096,181.133376663234,1825,1826,1826,0,0,0,73.7747173060416,0.0460243384296866,-5.49007710826567,-4.40821296633075,9.89829007459642,"usgs_ws_01638500"
"183",1998,2002,219.775910108446,227.184474426738,209.42173907193,1825,1826,1826,0,0,0,79.6017417327723,0.0407779881475157,-9.3723021304412,0.981868906074538,8.39043322436666,"usgs_ws_02077303"
"184",1998,2002,208.624622174251,213.152301541223,213.089609600261,1825,1826,1826,0,0,0,6.73998724066542,0.0122678471941178,1.46743182834896,-2.99755559766064,1.5301237693117,"usgs_ws_02071000"
"185",1998,2002,233.114310232592,233.330126271081,226.460796829447,1825,1826,1826,0,0,0,15.250584024334,0.0169079381682783,-4.50761428159313,2.14589912155225,2.36171516004086,"usgs_ws_02068500"
"186",1998,2002,202.987706157193,207.4147692628,209.656512820755,1825,1826,1826,0,0,0,11.5162140394396,0.0164188642220777,2.97018340717236,-3.69862325638999,0.728439849217636,"usgs_ws_02074000"
"187",1998,2002,259.947821089217,257.436330148296,237.05384454444,1825,1826,1826,0,0,0,157.647911361754,0.049927729044766,-14.4254873828777,8.46848916189938,5.95699822097831,"usgs_ws_03161000"
"188",1998,2002,232.678232560484,236.588476040939,228.80035583559,1825,1826,1826,0,0,0,15.1637913838124,0.0167350882622677,-3.88866564341416,-0.0107889185204044,3.89945456193456,"usgs_ws_02052500"
