"","start_year","end_year","prism_precip","daymet_precip","nldas_precip","CV","var","hydrocode","gage","area"
"1",1998,2003,252.203763342708,276.58635251141,250.226088327864,0.0565387655846763,215.547563476726,"usgs_ws_02019500","02019500",5365784522.49612
"2",1998,2003,236.668036874029,254.23172555535,243.458716769473,0.0361816601887261,78.442368639553,"usgs_ws_01622000","01622000",971856267.58662
"3",1998,2003,253.848565360607,284.481090440394,247.634076635715,0.0752932833868289,389.112314866298,"usgs_ws_02011400","02011400",407332735.234042
"4",1998,2003,246.105683643953,275.166349457196,NA,NA,NA,"usgs_ws_03473500","03473500",19156091.5240318
"5",1998,2003,253.450983343115,267.169478023749,262.9727010603,0.0269121050537456,49.412190244881,"usgs_ws_01670400","01670400",886099663.319639
"6",1998,2003,267.601285467652,268.401747894824,267.90918797797,0.00150675207509243,0.163026554144374,"usgs_ws_02036500","02036500",57886589.7215646
"7",1998,2003,256.524159265882,274.624013228469,267.00011662093,0.0341564371366366,82.5790325757008,"usgs_ws_01656000","01656000",241631463.662678
"8",1998,2003,255.214527513951,271.272590313087,265.54383630698,0.0308250322204704,66.2291039108693,"usgs_ws_01671100","01671100",276332504.781457
"9",1998,2003,269.066287169415,272.90061791948,264.75221383226,0.0151597564686303,16.6183017046461,"usgs_ws_02065500","02065500",252647034.169526
"10",1998,2003,253.599716464281,282.546139483157,250.826671535568,0.0669688010610032,308.618305107088,"usgs_ws_02011800","02011800",893169520.411534
"11",1998,2003,255.047350564679,283.184054990006,249.78434466975,0.068366219798907,322.485669407553,"usgs_ws_02012500","02012500",1061345672.12231
"12",1998,2003,294.709970386477,317.129390177499,282.94477877435,0.0582268342866234,301.606295703402,"usgs_ws_02047500","02047500",749848252.778392
"13",1998,2003,258.174037069583,270.317862546053,267.7569949824,0.0241181462824832,40.9772703733917,"usgs_ws_02038850","02038850",22096843.5505302
"14",1998,2003,285.524302612745,292.005670970484,281.54814022489,0.0184332738636631,27.8629920697223,"usgs_ws_02044500","02044500",820524386.158795
"15",1998,2003,261.502109787111,267.4452217701,247.122481871265,0.0403925528433675,109.1846726727,"usgs_ws_02056650","02056650",144486541.602307
"16",1998,2003,275.417287961546,291.638723314804,275.741347719145,0.033009065461611,85.9944217459842,"usgs_ws_01669520","01669520",282985893.809692
"17",1998,2003,265.739626121904,281.37844314583,NA,NA,NA,"usgs_ws_03177710","03177710",114620314.0111
"18",1998,2003,237.619485359652,256.541806651678,252.16428971195,0.0398189208229071,98.1280385471528,"usgs_ws_01613900","01613900",41272610.2911715
"19",1998,2003,264.071585679157,275.857176792421,269.958715787898,0.0218282043714568,34.7250501713624,"usgs_ws_02041650","02041650",3475473272.4327
"20",1998,2003,243.320958850353,268.299901246492,244.685118929337,0.0557090906234351,197.24440663956,"usgs_ws_01628500","01628500",2793593902.13781
"21",1998,2003,258.022418965049,275.755629030758,270.48459094349,0.033967912265423,82.9260520287054,"usgs_ws_02021500","02021500",851391440.152936
"22",1998,2003,280.056408573088,281.882381576962,288.17017923386,0.0150208149675557,18.1173085200946,"usgs_ws_02072000","02072000",556864395.508404
"23",1998,2003,230.794131992375,245.433472516703,232.20991673187,0.0341924973665401,65.1961941684041,"usgs_ws_01633000","01633000",1315748433.86932
"24",1998,2003,240.635850671914,265.813384868977,230.123257140507,0.0746987100993837,336.368011379228,"usgs_ws_03167000","03167000",667477710.26182
"25",1998,2003,289.605021623174,333.269702357584,252.88117592584,0.137860922847026,1619.5933947178,"usgs_ws_03208800","03208800",95043793.8748591
"26",1998,2003,271.052171267956,284.852990719023,250.477417409963,0.0643565480075746,299.243859027409,"usgs_ws_03475000","03475000",534069647.552109
"27",1998,2003,295.444404745552,289.83076769538,323.86100559351,0.0602023830543114,332.845536014422,"usgs_ws_02032250","02032250",199283814.488085
"28",1998,2003,237.583389975633,261.094328864942,245.536268809986,0.0482067760342419,143.01096031406,"usgs_ws_02054530","02054530",727631546.04281
"29",1998,2003,267.670966199762,279.702226647476,248.05647647011,0.0602451274156666,255.155489933934,"usgs_ws_02014000","02014000",396744127.706971
"30",1998,2003,287.300441683196,278.93706772493,296.302972339477,0.0302069733445869,75.4277042107645,"usgs_ws_01663500","01663500",738284290.783199
"31",1998,2003,244.73225998093,267.644176677893,245.202774891617,0.0518539393223914,171.465637523813,"usgs_ws_01629500","01629500",3551793889.98061
"32",1998,2003,284.21956434586,306.525941284732,250.058586166348,0.101475415725815,808.851512730961,"usgs_ws_03527000","03527000",2907445818.5179
"33",1998,2003,242.246010192523,270.178546983414,NA,NA,NA,"usgs_ws_01636690","01636690",34994960.5588756
"34",1998,2003,270.309835231393,279.565237111353,261.33876710711,0.0337035841342129,83.0577893442785,"usgs_ws_02059485","02059485",322836034.276773
"35",1998,2003,283.541654451751,295.530393881493,279.85433503577,0.0286270924450748,67.1775030873809,"usgs_ws_02052000","02052000",1927152204.95598
"36",1998,2003,281.06054657569,293.287460123657,250.96213158247,0.0791790695087236,474.474239355489,"usgs_ws_01627500","01627500",547846787.671377
"37",1998,2003,260.198610977116,275.268523846358,265.662984194188,0.0285691371211843,58.2046734252322,"usgs_ws_02037500","02037500",17481116130.8158
"38",1998,2003,288.090536324093,338.435812641085,NA,NA,NA,"usgs_ws_03208700","03208700",48019209.6942083
"39",1998,2003,236.69257668582,274.044116371963,250.91184809075,0.0742554107202844,355.404505341105,"usgs_ws_02053800","02053800",283413786.56914
"40",1998,2003,264.999513122207,284.852272819665,NA,NA,NA,"usgs_ws_01652500","01652500",32594846.5125465
"41",1998,2003,253.450760165991,272.331652552633,243.551992410393,0.0570164565376653,213.790423049672,"usgs_ws_02013000","02013000",419461445.677496
"42",1998,2003,257.864256234399,267.545615070941,253.94472016515,0.0269488467814802,49.0126356930701,"usgs_ws_02060500","02060500",4613442943.13841
"43",1998,2003,246.469508593469,261.677002757924,244.997722357754,0.0367829456699379,85.2720713588412,"usgs_ws_02056000","02056000",1318896498.48103
"44",1998,2003,271.450417211301,277.481215485827,276.194212831686,0.0115481541222749,10.0884167579626,"usgs_ws_02075045","02075045",5478165059.84464
"45",1998,2003,235.816682449669,274.640149060421,249.764530049939,0.0776078666429877,386.766738918537,"usgs_ws_02016000","02016000",1193758746.06934
"46",1998,2003,266.381412494155,270.911642698554,281.070449969854,0.0275749198410345,56.5820288071229,"usgs_ws_01668000","01668000",4127911829.04237
"47",1998,2003,276.290857143048,294.064100406838,NA,NA,NA,"usgs_ws_01661800","01661800",17521831.4954999
"48",1998,2003,261.081853437112,281.159026542756,NA,NA,NA,"usgs_ws_01669000","01669000",72345930.9029209
"49",1998,2003,272.700005398995,275.907189192852,281.852315979696,0.0167759259401632,21.5658915608058,"usgs_ws_02073000","02073000",981525405.804484
"50",1998,2003,266.812498992593,276.410868616486,288.721815358515,0.039603364277036,120.617708790669,"usgs_ws_02070000","02070000",278486436.590555
"51",1998,2003,261.53459254709,270.0988080523,257.982811612635,0.0236636735629234,38.793050792003,"usgs_ws_02066000","02066000",7678558027.17106
"52",1998,2003,244.082612347578,268.073135523129,273.47035239832,0.059736429086169,244.719069587411,"usgs_ws_01638420","01638420",59861189.5381482
"53",1998,2003,220.249826535838,236.439379943207,227.324138503,0.0355966262430224,65.8725259753465,"usgs_ws_01632082","01632082",118181776.223707
"54",1998,2003,248.999448661471,277.83190890841,248.705987262475,0.0647233322835499,279.952699201517,"usgs_ws_02016500","02016500",3549379261.86498
"55",1998,2003,299.799120372783,296.443204678004,284.86049634427,0.026686225624082,61.4306317266799,"usgs_ws_02028500","02028500",245393985.112639
"56",1998,2003,241.978786004113,260.041758009411,253.68785746381,0.0363744897888098,83.9575607093145,"usgs_ws_01635500","01635500",223978841.944323
"57",1998,2003,260.301312151162,278.455203579449,264.192261023158,0.0357109555763819,91.3557979130952,"usgs_ws_02029000","02029000",11857653436.5887
"58",1998,2003,266.448352893847,278.564901025954,NA,NA,NA,"usgs_ws_01620500","01620500",44659598.0088622
"59",1998,2003,321.247633820837,302.795063549309,NA,NA,NA,"usgs_ws_02071530","02071530",68186938.410185
"60",1998,2003,267.717423540116,289.205118791265,251.23366322516,0.0706816350147205,362.544473189309,"usgs_ws_02011460","02011460",157590657.587209
"61",1998,2003,255.358481696593,269.964530933534,264.37425693525,0.0279968095734321,54.3120068069668,"usgs_ws_01673000","01673000",2791506385.69128
"62",1998,2003,265.437116224594,288.279193687311,278.70680010789,0.0413400400555859,131.579288669126,"usgs_ws_01646000","01646000",149646365.087063
"63",1998,2003,259.762377843896,262.124176235795,266.46730137258,0.0129417867963762,11.5661378538761,"usgs_ws_01643880","01643880",122168130.457453
"64",1998,2003,284.346447575292,305.712222823183,269.557086669672,0.0634364096900179,330.402569703156,"usgs_ws_03165500","03165500",3496114159.10409
"65",1998,2003,259.479162385419,284.949832584019,250.379204758503,0.0676378046010434,321.115429571309,"usgs_ws_02011500","02011500",346648774.053348
"66",1998,2003,314.360682457441,331.200326251326,272.024684294825,0.0996839606520852,929.611157415653,"usgs_ws_03531500","03531500",826493815.399906
"67",1998,2003,256.975655107419,273.242816872304,249.365416153315,0.0469383053872536,148.777758986445,"usgs_ws_03175500","03175500",578022259.33723
"68",1998,2003,272.218598868271,275.110260275057,281.411665741745,0.0170164579413696,22.0969825145436,"usgs_ws_01667500","01667500",1210019740.46022
"69",1998,2003,251.563198936445,271.022780237661,268.96466492588,0.0405173483835631,114.287026939452,"usgs_ws_01673800","01673800",200730882.143942
"70",1998,2003,267.511404256912,277.442326209188,NA,NA,NA,"usgs_ws_02018500","02018500",88676820.5584542
"71",1998,2003,299.361378887598,329.64427078255,251.38237590389,0.134473604174052,1557.32707647174,"usgs_ws_03524500","03524500",225654466.800083
"72",1998,2003,279.515982616541,293.759448797332,NA,NA,NA,"usgs_ws_02079640","02079640",138607271.447473
"73",1998,2003,306.586572577846,293.380169547,294.041459963405,0.0249701464523858,55.3710394228352,"usgs_ws_02027000","02027000",240729505.758264
"74",1998,2003,259.025336647314,269.610515262168,254.343560573795,0.029967803106242,61.1741564946278,"usgs_ws_02056900","02056900",297708998.721141
"75",1998,2003,291.062901605228,307.31523617746,258.4921474597,0.0870443532273274,618.114399433076,"usgs_ws_03165000","03165000",102072840.922244
"76",1998,2003,272.979837572797,309.346737635628,230.711448731097,0.14521289651938,1548.7794627587,"usgs_ws_03208500","03208500",740436166.079864
"77",1998,2003,NA,291.910708992484,NA,NA,NA,"usgs_ws_01654500","01654500",9615198.40411969
"78",1998,2003,252.902583027296,264.6240580343,261.572612705828,0.0234156254920448,36.9789515931864,"usgs_ws_02030500","02030500",586227939.031891
"79",1998,2003,266.032365734501,290.013430532646,255.56007276052,0.0652874197634686,311.965708459967,"usgs_ws_03171000","03171000",7164832865.49279
"80",1998,2003,290.345698298804,322.056153540445,NA,NA,NA,"usgs_ws_02024915","02024915",70184162.7172679
"81",1998,2003,283.190043941213,301.765857758267,246.53200658053,0.101405816895134,789.941813004583,"usgs_ws_03524000","03524000",1380470168.15182
"82",1998,2003,280.842003510963,293.300458630136,278.13781626449,0.0284672225368728,65.4052426881522,"usgs_ws_02051500","02051500",1429637356.96726
"83",1998,2003,272.127593319032,274.547292576497,287.20442638594,0.0291301303134156,65.5614793490252,"usgs_ws_01664000","01664000",1603218330.32013
"84",1998,2003,260.556071791096,277.380654750654,266.62638413565,0.0317697870591249,72.5949366973778,"usgs_ws_02074500","02074500",288622122.537259
"85",1998,2003,254.714980178242,270.456038390833,253.26948715915,0.0367381435660605,90.8746511599441,"usgs_ws_02055100","02055100",30260425.2791649
"86",1998,2003,285.483251775466,294.327951969998,273.722194266598,0.0363332633828496,106.858074298216,"usgs_ws_02077500","02077500",746336122.351962
"87",1998,2003,269.613227698013,285.058176052693,287.06980856092,0.0340400198344976,91.220885075011,"usgs_ws_02031000","02031000",246607887.90553
"88",1998,2003,253.964656741489,264.347571116154,NA,NA,NA,"usgs_ws_01660400","01660400",90667126.4938592
"89",1998,2003,261.870810690013,282.71426256844,278.60507958052,0.040235946300454,121.895104389377,"usgs_ws_01653000","01653000",87625394.9855376
"90",1998,2003,235.965210810156,277.839364034413,244.53375015839,0.0875125125927429,489.354748411591,"usgs_ws_02015700","02015700",283788240.656139
"91",1998,2003,225.262503465256,244.390430850363,235.60519415587,0.0407277499994968,91.6715400916479,"usgs_ws_01621050","01621050",37059064.7025727
"92",1998,2003,266.185583165205,271.038504223775,260.64563287455,0.0195528877117421,27.0422778175294,"usgs_ws_02064000","02064000",427385214.956092
"93",1998,2003,274.28609984073,275.218274052587,288.43362425801,0.0283292578176111,62.6111461584627,"usgs_ws_01666500","01666500",464293046.257376
"94",1998,2003,270.582124510781,285.152667684154,270.46450825548,0.0306698322089657,71.3427648921287,"usgs_ws_02051000","02051000",144937406.448347
"95",1998,2003,253.768696412363,268.783159541332,263.596002085859,0.0291006196268583,58.1527737198971,"usgs_ws_01671025","01671025",1207710904.84417
"96",1998,2003,259.70278836838,269.685150648746,256.917429886443,0.025613809297851,45.0700786722509,"usgs_ws_02062500","02062500",6223099594.926
"97",1998,2003,324.196251406321,312.904637183989,NA,NA,NA,"usgs_ws_02027500","02027500",123527986.977875
"98",1998,2003,272.645072720621,278.618684822956,274.172234571075,0.0112791921729798,9.63119745151704,"usgs_ws_02075500","02075500",6698712228.55323
"99",1998,2003,NA,300.350126350645,NA,NA,NA,"usgs_ws_02011490","02011490",12689912.2379998
"100",1998,2003,230.42835309894,244.590168786983,235.822104933208,0.0301653825220341,51.0880876959357,"usgs_ws_01634000","01634000",1994017493.52069
"101",1998,2003,270.957051827936,285.450765778123,274.240359703888,0.0274469018698156,57.7535098378936,"usgs_ws_02042500","02042500",651065126.134058
"102",1998,2003,260.226447783986,276.009947132753,265.491469658642,0.030070593117649,64.5796125677519,"usgs_ws_02035000","02035000",16184361368.2907
"103",1998,2003,265.861473482874,280.508690968686,264.949336860841,0.0322874205234194,76.2444122578791,"usgs_ws_02077000","02077000",1416008028.38206
"104",1998,2003,253.955917678062,279.409662424601,247.914638991943,0.0641827214904213,279.387778468162,"usgs_ws_02013100","02013100",1583226778.02646
"105",1998,2003,297.901541089098,288.301315508197,294.16106829571,0.0164895746398709,23.4153617755062,"usgs_ws_01665500","01665500",296487823.971996
"106",1998,2003,247.432434021011,266.838586165631,273.47035239832,0.0515314466446225,183.092042974761,"usgs_ws_01638480","01638480",231530033.229766
"107",1998,2003,281.651470017179,293.993193058532,NA,NA,NA,"usgs_ws_01626000","01626000",328514897.362503
"108",1998,2003,269.028852064852,281.434032820186,277.616263101677,0.0230179995616822,40.3679172519123,"usgs_ws_02061500","02061500",814828423.80029
"109",1998,2003,256.05351617143,279.720360158796,259.436412944294,0.0482881805086917,163.833668249822,"usgs_ws_02025500","02025500",8428090228.51836
"110",1998,2003,286.620558103756,299.458455441684,253.387378500825,0.0849683982378223,565.299994178414,"usgs_ws_03490000","03490000",1738263722.03573
"111",1998,2003,302.093944313095,299.540118801702,277.820245823377,0.0455002430020288,177.914557551164,"usgs_ws_03473000","03473000",785212583.985672
"112",1998,2003,257.947462115189,268.428366728347,264.66044212916,0.0201342194935883,28.1851196605446,"usgs_ws_02039500","02039500",782176002.350829
"113",1998,2003,295.632696232157,296.212705398906,NA,NA,NA,"usgs_ws_03471500","03471500",198287155.934274
"114",1998,2003,239.856458871293,256.926868020795,239.77847987401,0.0402336617418151,97.5786942147013,"usgs_ws_01632000","01632000",542767682.476967
"115",1998,2003,267.315105045233,270.312214593837,251.25127347089,0.0389785727433641,105.058137831279,"usgs_ws_02017500","02017500",271938885.682366
"116",1998,2003,279.53599902624,293.7127786607,243.65002133472,0.0947630980375035,665.844024460049,"usgs_ws_01626850","01626850",382484766.219302
"117",1998,2003,276.625530758714,313.090148213511,234.756651571673,0.142628702324812,1536.46801110678,"usgs_ws_03209200","03209200",1362554358.44218
"118",1998,2003,270.454431375934,278.580789402345,267.6906432504,0.0207934609383407,32.0452504644935,"usgs_ws_02079500","02079500",20366675573.7567
"119",1998,2003,237.233021263256,261.689250749767,245.536268809986,0.0501154989969404,154.661651011008,"usgs_ws_02054500","02054500",658458238.142593
"120",1998,2003,259.194168692793,284.489759071835,NA,NA,NA,"usgs_ws_02022500","02022500",90906193.368695
"121",1998,2003,278.627412440343,315.24166770752,231.96788510511,0.151619813189793,1742.03967480513,"usgs_ws_03208950","03208950",172188912.950058
"122",1998,2003,262.350545698642,266.200075459218,267.5030578374,0.0100963784570385,7.17750396590953,"usgs_ws_01643700","01643700",315311574.332072
"123",1998,2003,268.099318003013,273.28515006066,251.35481345931,0.0433746998722033,131.368491665453,"usgs_ws_02018000","02018000",851865579.038167
"124",1998,2003,300.22677801931,318.317478334283,286.779022478699,0.0524434260948632,250.464960786814,"usgs_ws_02049500","02049500",1587615689.12163
"125",1998,2003,277.577595829917,279.220636386745,288.17017923386,0.0202403870028776,32.49945376887,"usgs_ws_02072500","02072500",669886699.671033
"126",1998,2003,250.933615872252,266.522983056192,NA,NA,NA,"usgs_ws_01638350","01638350",81829833.9597626
"127",1998,2003,255.776439316145,270.939571195818,264.432483344645,0.0288450396042963,57.8649764877569,"usgs_ws_01674000","01674000",663316340.43919
"128",1998,2003,232.188934925512,269.738805120184,249.420301353557,0.0750494021616009,353.292389321455,"usgs_ws_01625000","01625000",964748478.119823
"129",1998,2003,273.172292695665,279.098471676068,274.136107379532,0.0115438739393582,10.1122659106904,"usgs_ws_02076000","02076000",7150792121.92409
"130",1998,2003,271.431888140246,293.332683274547,234.90223314635,0.110741842517902,871.363003945225,"usgs_ws_03521500","03521500",355023859.517368
"131",1998,2003,263.29979754308,289.964861296801,NA,NA,NA,"usgs_ws_01654000","01654000",61781349.3063163
"132",1998,2003,253.768696412363,268.746589284879,263.596002085859,0.0290404007652919,57.9069600326038,"usgs_ws_01671020","01671020",1195019430.59464
"133",1998,2003,256.961065040268,269.428992009135,263.803926706012,0.0237050700133491,38.9858863903191,"usgs_ws_01672500","01672500",1022231010.17991
"134",1998,2003,281.181744670453,318.382431378421,240.824455832537,0.138470551388258,1504.64023744453,"usgs_ws_03209000","03209000",572746327.341673
"135",1998,2003,274.684990838259,273.361418763452,NA,NA,NA,"usgs_ws_01636210","01636210",36245223.4625335
"136",1998,2003,256.965868856128,276.496054009716,270.71123279816,0.037424192349198,100.637886413668,"usgs_ws_01644280","01644280",197014722.305778
"137",1998,2003,246.341630481443,266.933846222776,249.251071130939,0.0438452584275106,124.197454829847,"usgs_ws_01631000","01631000",4230045448.71749
"138",1998,2003,249.731260726044,283.467860585438,250.45345807944,0.0737804157558008,371.438418653026,"usgs_ws_03170000","03170000",800468899.861655
"139",1998,2003,282.601703573084,287.742935910299,252.791605798732,0.0687769000678148,356.111612638232,"usgs_ws_03488000","03488000",572312493.930823
"140",1998,2003,258.283223524665,264.07984519197,NA,NA,NA,"usgs_ws_01643805","01643805",98653506.585549
"141",1998,2003,261.3303516925,283.126470492285,250.618356104538,0.062507315770802,274.432524209615,"usgs_ws_03176500","03176500",9794840721.79541
"142",1998,2003,261.348907725853,272.632072537911,262.00228715045,0.0238729419668984,40.1215083720033,"usgs_ws_02039000","02039000",180131274.456192
"143",1998,2003,272.504507827658,295.113352405486,260.660054971024,0.0634014333051742,306.413436787492,"usgs_ws_03168000","03168000",5726801560.68145
"144",1998,2003,283.784619206877,275.925249509587,280.898496173295,0.0141883112332151,15.8054300969565,"usgs_ws_02032640","02032640",280429242.505543
"145",1998,2003,236.196776819782,243.908642952718,NA,NA,NA,"usgs_ws_01615000","01615000",150507297.201678
"146",1998,2003,256.42860898649,278.741393658521,260.810864747302,0.0445566206693719,139.761398734949,"usgs_ws_02026000","02026000",9444441426.31322
"147",1998,2003,287.304330418899,308.932337726071,274.090259425983,0.0606308234709133,309.392132092404,"usgs_ws_03164000","03164000",2954905986.34597
"148",1998,2003,260.434350849109,277.644939382642,273.754603611779,0.0333526175350494,81.4613672903437,"usgs_ws_02024000","02024000",1673771710.86912
"149",1998,2003,254.966474000843,279.092560336809,258.01648578552,0.0497587073931233,172.595255378113,"usgs_ws_02024752","02024752",7961404152.46684
"150",1998,2003,263.939746500933,269.339976266089,261.82400583933,0.0146235655482178,15.0214419199241,"usgs_ws_02058400","02058400",909415393.031254
"151",1998,2003,322.218985597335,335.684373197839,269.605186925305,0.112944264654714,1219.33122206214,"usgs_ws_03529500","03529500",290185382.705737
"152",1998,2003,260.225495506143,269.221667124418,265.13784575131,0.0170067648779127,20.2899809540171,"usgs_ws_02040000","02040000",1877236920.11687
"153",1998,2003,271.381551409914,276.094276032108,280.95897491032,0.0173420262860131,22.9336849077391,"usgs_ws_02034000","02034000",1715497565.62336
"154",1998,2003,229.123325853968,245.681543219362,226.927451280915,0.0438318530836668,105.118731982656,"usgs_ws_01632900","01632900",242136650.317969
"155",1998,2003,244.562630150888,265.174644160772,239.74209009058,0.0540722787005518,182.484589091658,"usgs_ws_03173000","03173000",773227016.28835
"156",1998,2003,264.414158723172,278.739920163248,NA,NA,NA,"usgs_ws_01673550","01673550",66078662.1987425
"157",1998,2003,NA,291.923910651292,NA,NA,NA,"usgs_ws_01645784","01645784",2042210.76794874
"158",1998,2003,269.259466462024,292.737333019937,244.20931297532,0.0903053985609508,588.948189544893,"usgs_ws_03478400","03478400",69749571.750196
"159",1998,2003,286.281605957831,299.939813102064,294.278003398225,0.0233808573085928,47.0908472569978,"usgs_ws_02061000","02061000",294024722.017034
"160",1998,2003,287.884451280787,303.874752367155,284.375242145225,0.0355910803869211,108.039196080824,"usgs_ws_02046000","02046000",291446814.970076
"161",1998,2003,290.057730844957,306.401799577738,284.79179567725,0.0383601984679777,126.975154085242,"usgs_ws_02047000","02047000",3730477372.58245
"162",1998,2003,266.143959962557,274.915648593038,261.572335146622,0.0253451139342307,45.9810481028482,"usgs_ws_02059500","02059500",485703761.838651
"163",1998,2003,271.034665899619,283.500776850167,273.54188787002,0.0238883653054679,43.4782589931839,"usgs_ws_02041000","02041000",408541002.191427
"164",1998,2003,235.852843823007,245.251923208597,247.20255474915,0.0249971972330898,36.8272658017718,"usgs_ws_01616100","01616100",28446307.5602715
"165",1998,2003,257.510267632676,274.268830031681,265.92569871791,0.03151281237281,70.212789025081,"usgs_ws_01674500","01674500",1559335859.90549
"166",1998,2003,250.228481461487,276.274277478283,NA,NA,NA,"usgs_ws_01658500","01658500",19725900.3190089
"167",1998,2003,269.955440147223,309.740483375767,252.551980210017,0.105672045005684,859.37582947035,"usgs_ws_03207800","03207800",768290208.766574
"168",1998,2003,250.030666615811,271.197245447725,NA,NA,NA,"usgs_ws_01643590","01643590",20399448.1462486
"169",1998,2003,241.586810277329,260.037563141827,244.880000345365,0.0395468106467693,96.8378486699512,"usgs_ws_02055000","02055000",993928750.789965
"170",1998,2003,254.336707076043,272.45832797132,262.426304439787,0.0345079784218298,82.412704252808,"usgs_ws_02020500","02020500",364961358.476462
"171",1998,2003,268.599881796245,282.838524120071,283.57250352277,0.0303249245042635,71.2428437258372,"usgs_ws_02030000","02030000",299384470.642828
"172",1998,2003,247.523151924647,272.305864273797,283.97568484285,0.0694765892404423,346.525783274555,"usgs_ws_01662800","01662800",66665826.823936
"173",1998,2003,255.257106336678,272.636026467932,NA,NA,NA,"usgs_ws_01670300","01670300",14451379.0095834
"174",1998,2003,287.422468253351,298.214297269942,283.926873300744,0.0256947594741944,55.4688735452718,"usgs_ws_02045500","02045500",1493310197.58654
"175",1998,2003,266.350226038409,288.721405698251,251.23366322516,0.0701737956261678,355.718497731444,"usgs_ws_02011470","02011470",195632586.421466
"176",1998,2003,237.501952248941,245.978954484237,251.25110417946,0.028322773455042,48.115718019093,"usgs_ws_01636316","01636316",55343159.3744726
"177",1998,2003,246.090857436683,259.601611122795,250.59513925831,0.0272882812611702,47.3242592235301,"usgs_ws_01634500","01634500",264227056.477521
"178",1998,2003,267.813878830137,284.085624808806,249.446853205165,0.0648781052977417,300.326974285327,"usgs_ws_03474000","03474000",341053098.204821
"179",1998,2003,298.492506357532,297.620288664417,305.53490120923,0.0144391808541621,18.8328634476521,"usgs_ws_02069700","02069700",221502850.269753
"180",1998,2003,263.042210128482,266.504986101735,272.69181654484,0.0182805839994218,23.8970987272144,"usgs_ws_01644000","01644000",858758018.70125
"181",1998,2003,270.19273640557,283.752437681183,277.05801181597,0.0244765488495645,45.9688071348922,"usgs_ws_02038000","02038000",85695863.4688673
"182",1998,2003,239.13905710616,258.124682675687,240.275635980356,0.0433133313861475,113.389042955946,"usgs_ws_01638500","01638500",24734568589.6518
"183",1998,2003,283.916953382603,293.406059393085,271.985228236773,0.0379141551975637,115.210200876836,"usgs_ws_02077303","02077303",526773223.247774
"184",1998,2003,309.180766407617,310.11612409221,298.372465582987,0.0213376423176892,42.6012959825118,"usgs_ws_02068500","02068500",321904888.090359
"185",1998,2003,268.569968105534,274.567051843102,277.28681902614,0.0163083728352255,19.8909394762357,"usgs_ws_02074000","02074000",1408838904.68747
"186",1998,2003,328.572642221427,325.86130649561,303.428928615312,0.043223662225339,190.461542114808,"usgs_ws_03161000","03161000",533712043.008783
"187",1998,2003,292.592244548363,301.023696203737,290.2164165593,0.019277524317203,32.2552048272653,"usgs_ws_02052500","02052500",179871003.549627
