"","start_year","end_year","prism_precip","daymet_precip","nldas_precip","daymet_ndays_with_data","prism_ndays_with_data","nldas2_ndays_with_data","daymet_missing","prism_missing","nldas2_missing","var","CV","nldas2_dif_from_mean","prism_dif_from_mean","daymet_dif_from_mean","hydrocode"
"1",1998,2003,252.203763342708,276.58635251141,250.226088327864,2190,2191,2191,0,0,0,215.547563476726,0.0565387655846763,-9.44597973279642,-7.46830471795283,16.9142844507492,"usgs_ws_02019500"
"2",1998,2003,236.668036874029,254.23172555535,243.458716769473,2190,2191,2191,0,0,0,78.442368639553,0.0361816601887261,-1.32744296347735,-8.11812285892171,9.44556582239906,"usgs_ws_01622000"
"3",1998,2003,253.848565360607,284.481090440394,247.634076635715,2190,2191,2191,0,0,0,389.112314866298,0.0752932833868289,-14.3538341765235,-8.13934545163184,22.4931796281554,"usgs_ws_02011400"
"4",1998,2003,246.105683643953,275.166349457196,NA,2190,2191,0,0,0,2191,NA,NA,NA,NA,NA,"usgs_ws_03473500"
"5",1998,2003,253.450983343115,267.169478023749,262.9727010603,2190,2191,2191,0,0,0,49.412190244881,0.0269121050537456,1.77498025124527,-7.74673746593982,5.97175721469449,"usgs_ws_01670400"
"6",1998,2003,267.601285467652,268.401747894824,267.90918797797,2190,2191,2191,0,0,0,0.163026554144374,0.00150675207509243,-0.0615524688452069,-0.36945497916355,0.431007448008813,"usgs_ws_02036500"
"7",1998,2003,256.524159265882,274.624013228469,267.00011662093,2190,2191,2191,0,0,0,82.5790325757008,0.0341564371366366,0.950686915836172,-9.52527043921157,8.57458352337545,"usgs_ws_01656000"
"8",1998,2003,255.214527513951,271.272590313087,265.54383630698,2190,2191,2191,0,0,0,66.2291039108693,0.0308250322204704,1.5335182623071,-8.79579053072146,7.26227226841434,"usgs_ws_01671100"
"9",1998,2003,269.066287169415,272.90061791948,264.75221383226,2190,2191,2191,0,0,0,16.6183017046461,0.0151597564686303,-4.15415914145848,0.159914195696729,3.99424494576181,"usgs_ws_02065500"
"10",1998,2003,253.599716464281,282.546139483157,250.826671535568,2190,2191,2191,0,0,0,308.618305107088,0.0669688010610032,-11.4975042921006,-8.72445936338789,20.2219636554885,"usgs_ws_02011800"
"11",1998,2003,255.047350564679,283.184054990006,249.78434466975,2190,2191,2191,0,0,0,322.485669407553,0.068366219798907,-12.8875720717284,-7.6245661767995,20.5121382485278,"usgs_ws_02012500"
"12",1998,2003,294.709970386477,317.129390177499,282.94477877435,2190,2191,2191,0,0,0,301.606295703402,0.0582268342866234,-15.3166010050921,-3.55140939296467,18.8680103980568,"usgs_ws_02047500"
"13",1998,2003,258.174037069583,270.317862546053,267.7569949824,2190,2191,2191,0,0,0,40.9772703733917,0.0241181462824832,2.34069678305491,-7.24226112976231,4.90156434670746,"usgs_ws_02038850"
"14",1998,2003,285.524302612745,292.005670970484,281.54814022489,2190,2191,2191,0,0,0,27.8629920697223,0.0184332738636631,-4.81123104448307,-0.835068656627868,5.64629970111088,"usgs_ws_02044500"
"15",1998,2003,261.502109787111,267.4452217701,247.122481871265,2190,2191,2191,0,0,0,109.1846726727,0.0403925528433675,-11.5674559382268,2.81217197761885,8.75528396060793,"usgs_ws_02056650"
"16",1998,2003,275.417287961546,291.638723314804,275.741347719145,2190,2191,2191,0,0,0,85.9944217459842,0.033009065461611,-5.19110527935322,-5.51516503695268,10.706270316306,"usgs_ws_01669520"
"17",1998,2003,265.739626121904,281.37844314583,NA,2190,2191,0,0,0,2191,NA,NA,NA,NA,NA,"usgs_ws_03177710"
"18",1998,2003,237.619485359652,256.541806651678,252.16428971195,2190,2191,2191,0,0,0,98.1280385471528,0.0398189208229071,3.38909580419019,-11.1557085481083,7.76661274391805,"usgs_ws_01613900"
"19",1998,2003,264.071585679157,275.857176792421,269.958715787898,2190,2191,2191,0,0,0,34.7250501713624,0.0218282043714568,-0.00377696526078353,-5.89090707400169,5.89468403926242,"usgs_ws_02041650"
"20",1998,2003,243.320958850353,268.299901246492,244.685118929337,2190,2191,2191,0,0,0,197.24440663956,0.0557090906234351,-7.41687407939031,-8.7810341583745,16.1979082377648,"usgs_ws_01628500"
"21",1998,2003,258.022418965049,275.755629030758,270.48459094349,2190,2191,2191,0,0,0,82.9260520287054,0.033967912265423,2.39704463039112,-10.0651273480501,7.66808271765888,"usgs_ws_02021500"
"22",1998,2003,280.056408573088,281.882381576962,288.17017923386,2190,2191,2191,0,0,0,18.1173085200946,0.0150208149675557,4.80052277255652,-3.3132478882153,-1.48727488434128,"usgs_ws_02072000"
"23",1998,2003,230.794131992375,245.433472516703,232.20991673187,2190,2191,2191,0,0,0,65.1961941684041,0.0341924973665401,-3.93592368177917,-5.35170842127465,9.28763210305382,"usgs_ws_01633000"
"24",1998,2003,240.635850671914,265.813384868977,230.123257140507,2190,2191,2191,0,0,0,336.368011379228,0.0746987100993837,-15.4009070866255,-4.88831355521896,20.2892206418445,"usgs_ws_03167000"
"25",1998,2003,289.605021623174,333.269702357584,252.88117592584,2190,2191,2191,0,0,0,1619.5933947178,0.137860922847026,-39.0374573763594,-2.31361167902531,41.3510690553848,"usgs_ws_03208800"
"26",1998,2003,271.052171267956,284.852990719023,250.477417409963,2190,2191,2191,0,0,0,299.243859027409,0.0643565480075746,-18.3167757223506,2.25797813564168,16.058797586709,"usgs_ws_03475000"
"27",1998,2003,295.444404745552,289.83076769538,323.86100559351,2190,2191,2191,0,0,0,332.845536014422,0.0602023830543114,20.8156129153626,-7.60098793259573,-13.2146249827669,"usgs_ws_02032250"
"28",1998,2003,237.583389975633,261.094328864942,245.536268809986,2190,2191,2191,0,0,0,143.01096031406,0.0482067760342419,-2.53506040686787,-10.4879392412207,13.0229996480885,"usgs_ws_02054530"
"29",1998,2003,267.670966199762,279.702226647476,248.05647647011,2190,2191,2191,0,0,0,255.155489933934,0.0602451274156666,-17.0867466356727,2.52774309397967,14.5590035416931,"usgs_ws_02014000"
"30",1998,2003,287.300441683196,278.93706772493,296.302972339477,2190,2191,2191,0,0,0,75.4277042107645,0.0302069733445869,8.78947842360895,-0.213052232671657,-8.5764261909373,"usgs_ws_01663500"
"31",1998,2003,244.73225998093,267.644176677893,245.202774891617,2190,2191,2191,0,0,0,171.465637523813,0.0518539393223914,-7.32362895852984,-7.79414386921692,15.1177728277468,"usgs_ws_01629500"
"32",1998,2003,284.21956434586,306.525941284732,250.058586166348,2190,2191,2191,0,0,0,808.851512730961,0.101475415725815,-30.2094444326318,3.95153374687982,26.2579106857519,"usgs_ws_03527000"
"33",1998,2003,242.246010192523,270.178546983414,NA,2190,2191,0,0,0,2191,NA,NA,NA,NA,NA,"usgs_ws_01636690"
"34",1998,2003,270.309835231393,279.565237111353,261.33876710711,2190,2191,2191,0,0,0,83.0577893442785,0.0337035841342129,-9.06584604284222,-0.094777918558691,9.16062396140092,"usgs_ws_02059485"
"35",1998,2003,283.541654451751,295.530393881493,279.85433503577,2190,2191,2191,0,0,0,67.1775030873809,0.0286270924450748,-6.45445942056818,-2.76714000458668,9.22159942515486,"usgs_ws_02052000"
"36",1998,2003,281.06054657569,293.287460123657,250.96213158247,2190,2191,2191,0,0,0,474.474239355489,0.0791790695087236,-24.1412478448023,5.95716714841802,18.1840806963843,"usgs_ws_01627500"
"37",1998,2003,260.198610977116,275.268523846358,265.662984194188,2190,2191,2191,0,0,0,58.2046734252322,0.0285691371211843,-1.38038881169933,-6.84476202877119,8.22515084047046,"usgs_ws_02037500"
"38",1998,2003,288.090536324093,338.435812641085,NA,2190,2191,0,0,0,2191,NA,NA,NA,NA,NA,"usgs_ws_03208700"
"39",1998,2003,236.69257668582,274.044116371963,250.91184809075,2190,2191,2191,0,0,0,355.404505341105,0.0742554107202844,-2.97099895876096,-17.1902703636912,20.1612693224522,"usgs_ws_02053800"
"40",1998,2003,264.999513122207,284.852272819665,NA,2190,2191,0,0,0,2191,NA,NA,NA,NA,NA,"usgs_ws_01652500"
"41",1998,2003,253.450760165991,272.331652552633,243.551992410393,2190,2191,2191,0,0,0,213.790423049672,0.0570164565376653,-12.8928092992791,-2.9940415436815,15.8868508429605,"usgs_ws_02013000"
"42",1998,2003,257.864256234399,267.545615070941,253.94472016515,2190,2191,2191,0,0,0,49.0126356930701,0.0269488467814802,-5.84014365834662,-1.92060758909804,7.7607512474446,"usgs_ws_02060500"
"43",1998,2003,246.469508593469,261.677002757924,244.997722357754,2190,2191,2191,0,0,0,85.2720713588412,0.0367829456699379,-6.05035554529508,-4.57856930957971,10.6289248548748,"usgs_ws_02056000"
"44",1998,2003,271.450417211301,277.481215485827,276.194212831686,2190,2191,2191,0,0,0,10.0884167579626,0.0115481541222749,1.15226432208152,-3.59153129830372,2.43926697622214,"usgs_ws_02075045"
"45",1998,2003,235.816682449669,274.640149060421,249.764530049939,2190,2191,2191,0,0,0,386.766738918537,0.0776078666429877,-3.64259047007099,-17.5904380703406,21.2330285404116,"usgs_ws_02016000"
"46",1998,2003,266.381412494155,270.911642698554,281.070449969854,2190,2191,2191,0,0,0,56.5820288071229,0.0275749198410345,8.28261491566604,-6.40642256003258,-1.87619235563352,"usgs_ws_01668000"
"47",1998,2003,276.290857143048,294.064100406838,NA,2190,2191,0,0,0,2191,NA,NA,NA,NA,NA,"usgs_ws_01661800"
"48",1998,2003,261.081853437112,281.159026542756,NA,2190,2191,0,0,0,2191,NA,NA,NA,NA,NA,"usgs_ws_01669000"
"49",1998,2003,272.700005398995,275.907189192852,281.852315979696,2190,2191,2191,0,0,0,21.5658915608058,0.0167759259401632,5.03247912251504,-4.11983145818562,-0.912647664329427,"usgs_ws_02073000"
"50",1998,2003,266.812498992593,276.410868616486,288.721815358515,2190,2191,2191,0,0,0,120.617708790669,0.039603364277036,11.4067543693172,-10.5025619966049,-0.904192372712316,"usgs_ws_02070000"
"51",1998,2003,261.53459254709,270.0988080523,257.982811612635,2190,2191,2191,0,0,0,38.793050792003,0.0236636735629234,-5.22259245804025,-1.67081152358475,6.893403981625,"usgs_ws_02066000"
"52",1998,2003,244.082612347578,268.073135523129,273.47035239832,2190,2191,2191,0,0,0,244.719069587411,0.059736429086169,11.5949856419776,-17.7927544087642,6.19776876678662,"usgs_ws_01638420"
"53",1998,2003,220.249826535838,236.439379943207,227.324138503,2190,2191,2191,0,0,0,65.8725259753465,0.0355966262430224,-0.680309824348456,-7.75462179151054,8.434931615859,"usgs_ws_01632082"
"54",1998,2003,248.999448661471,277.83190890841,248.705987262475,2190,2191,2191,0,0,0,279.952699201517,0.0647233322835499,-9.80646101497689,-9.51299961598082,19.3194606309576,"usgs_ws_02016500"
"55",1998,2003,299.799120372783,296.443204678004,284.86049634427,2190,2191,2191,0,0,0,61.4306317266799,0.026686225624082,-8.84044412074894,6.09817990776418,2.74226421298471,"usgs_ws_02028500"
"56",1998,2003,241.978786004113,260.041758009411,253.68785746381,2190,2191,2191,0,0,0,83.9575607093145,0.0363744897888098,1.78505697136535,-9.92401448833192,8.1389575169666,"usgs_ws_01635500"
"57",1998,2003,260.301312151162,278.455203579449,264.192261023158,2190,2191,2191,0,0,0,91.3557979130952,0.0357109555763819,-3.45733122809816,-7.34828010009443,10.8056113281926,"usgs_ws_02029000"
"58",1998,2003,266.448352893847,278.564901025954,NA,2190,2191,0,0,0,2191,NA,NA,NA,NA,NA,"usgs_ws_01620500"
"59",1998,2003,321.247633820837,302.795063549309,NA,2190,2191,0,0,0,2191,NA,NA,NA,NA,NA,"usgs_ws_02071530"
"60",1998,2003,267.717423540116,289.205118791265,251.23366322516,2190,2191,2191,0,0,0,362.544473189309,0.0706816350147205,-18.1517386270202,-1.66797831206458,19.8197169390847,"usgs_ws_02011460"
"61",1998,2003,255.358481696593,269.964530933534,264.37425693525,2190,2191,2191,0,0,0,54.3120068069668,0.0279968095734321,1.14183374679101,-7.87394149186585,6.73210774507481,"usgs_ws_01673000"
"62",1998,2003,265.437116224594,288.279193687311,278.70680010789,2190,2191,2191,0,0,0,131.579288669126,0.0413400400555859,1.23243010129175,-12.0372537820047,10.8048236807129,"usgs_ws_01646000"
"63",1998,2003,259.762377843896,262.124176235795,266.46730137258,2190,2191,2191,0,0,0,11.5661378538761,0.0129417867963762,3.68268288848969,-3.0222406401947,-0.660442248295055,"usgs_ws_01643880"
"64",1998,2003,284.346447575292,305.712222823183,269.557086669672,2190,2191,2191,0,0,0,330.402569703156,0.0634364096900179,-16.9814990197102,-2.19213811409026,19.1736371338004,"usgs_ws_03165500"
"65",1998,2003,259.479162385419,284.949832584019,250.379204758503,2190,2191,2191,0,0,0,321.115429571309,0.0676378046010434,-14.5568618174771,-5.45690419056172,20.0137660080387,"usgs_ws_02011500"
"66",1998,2003,314.360682457441,331.200326251326,272.024684294825,2190,2191,2191,0,0,0,929.611157415653,0.0996839606520852,-33.8372133730389,8.49878478957703,25.3384285834619,"usgs_ws_03531500"
"67",1998,2003,256.975655107419,273.242816872304,249.365416153315,2190,2191,2191,0,0,0,148.777758986445,0.0469383053872536,-10.4958798910308,-2.88564093692725,13.3815208279581,"usgs_ws_03175500"
"68",1998,2003,272.218598868271,275.110260275057,281.411665741745,2190,2191,2191,0,0,0,22.0969825145436,0.0170164579413696,5.16482411338723,-4.02824276008664,-1.13658135330058,"usgs_ws_01667500"
"69",1998,2003,251.563198936445,271.022780237661,268.96466492588,2190,2191,2191,0,0,0,114.287026939452,0.0405173483835631,5.11445022588492,-12.2870157635506,7.17256553766572,"usgs_ws_01673800"
"70",1998,2003,267.511404256912,277.442326209188,NA,2190,2191,0,0,0,2191,NA,NA,NA,NA,NA,"usgs_ws_02018500"
"71",1998,2003,299.361378887598,329.64427078255,251.38237590389,2190,2191,2191,0,0,0,1557.32707647174,0.134473604174052,-42.080299287456,5.89870369625208,36.181595591204,"usgs_ws_03524500"
"72",1998,2003,279.515982616541,293.759448797332,NA,2190,2191,0,0,0,2191,NA,NA,NA,NA,NA,"usgs_ws_02079640"
"73",1998,2003,306.586572577846,293.380169547,294.041459963405,2190,2191,2191,0,0,0,55.3710394228352,0.0249701464523858,-3.96127406601204,8.58383854842947,-4.62256448241743,"usgs_ws_02027000"
"74",1998,2003,259.025336647314,269.610515262168,254.343560573795,2190,2191,2191,0,0,0,61.1741564946278,0.029967803106242,-6.64957692063052,-1.96780084711185,8.61737776774231,"usgs_ws_02056900"
"75",1998,2003,291.062901605228,307.31523617746,258.4921474597,2190,2191,2191,0,0,0,618.114399433076,0.0870443532273274,-27.1312809544293,5.43947319109856,21.6918077633307,"usgs_ws_03165000"
"76",1998,2003,272.979837572797,309.346737635628,230.711448731097,2190,2191,2191,0,0,0,1548.7794627587,0.14521289651938,-40.3012259154105,1.96716292628957,38.3340629891209,"usgs_ws_03208500"
"77",1998,2003,NA,291.910708992484,NA,2190,0,0,0,2191,2191,NA,NA,NA,NA,NA,"usgs_ws_01654500"
"78",1998,2003,252.902583027296,264.6240580343,261.572612705828,2190,2191,2191,0,0,0,36.9789515931864,0.0234156254920448,1.87286145001974,-6.79716822851219,4.92430677849251,"usgs_ws_02030500"
"79",1998,2003,266.032365734501,290.013430532646,255.56007276052,2190,2191,2191,0,0,0,311.965708459967,0.0652874197634686,-14.975216915369,-4.50292394138773,19.4781408567568,"usgs_ws_03171000"
"80",1998,2003,290.345698298804,322.056153540445,NA,2190,2191,0,0,0,2191,NA,NA,NA,NA,NA,"usgs_ws_02024915"
"81",1998,2003,283.190043941213,301.765857758267,246.53200658053,2190,2191,2191,0,0,0,789.941813004583,0.101405816895134,-30.6306295128066,6.02740784787608,24.6032216649305,"usgs_ws_03524000"
"82",1998,2003,280.842003510963,293.300458630136,278.13781626449,2190,2191,2191,0,0,0,65.4052426881522,0.0284672225368728,-5.95560987070644,-3.2514226242331,9.2070324949396,"usgs_ws_02051500"
"83",1998,2003,272.127593319032,274.547292576497,287.20442638594,2190,2191,2191,0,0,0,65.5614793490252,0.0291301303134156,9.24465562545055,-5.83217744145776,-3.41247818399285,"usgs_ws_01664000"
"84",1998,2003,260.556071791096,277.380654750654,266.62638413565,2190,2191,2191,0,0,0,72.5949366973778,0.0317697870591249,-1.56131942348338,-7.63163176803761,9.19295119152105,"usgs_ws_02074500"
"85",1998,2003,254.714980178242,270.456038390833,253.26948715915,2190,2191,2191,0,0,0,90.8746511599441,0.0367381435660605,-6.21068141692479,-4.76518839783296,10.9758698147578,"usgs_ws_02055100"
"86",1998,2003,285.483251775466,294.327951969998,273.722194266598,2190,2191,2191,0,0,0,106.858074298216,0.0363332633828496,-10.7889384040893,0.972119104778301,9.81681929931096,"usgs_ws_02077500"
"87",1998,2003,269.613227698013,285.058176052693,287.06980856092,2190,2191,2191,0,0,0,91.220885075011,0.0340400198344976,6.4894044570446,-10.967176405862,4.47777194881735,"usgs_ws_02031000"
"88",1998,2003,253.964656741489,264.347571116154,NA,2190,2191,0,0,0,2191,NA,NA,NA,NA,NA,"usgs_ws_01660400"
"89",1998,2003,261.870810690013,282.71426256844,278.60507958052,2190,2191,2191,0,0,0,121.895104389377,0.040235946300454,4.20836196752902,-12.5259069229777,8.31754495544862,"usgs_ws_01653000"
"90",1998,2003,235.965210810156,277.839364034413,244.53375015839,2190,2191,2191,0,0,0,489.354748411591,0.0875125125927429,-8.24569150926285,-16.8142308574972,25.0599223667601,"usgs_ws_02015700"
"91",1998,2003,225.262503465256,244.390430850363,235.60519415587,2190,2191,2191,0,0,0,91.6715400916479,0.0407277499994968,0.51915133204011,-9.82353935857341,9.30438802653327,"usgs_ws_01621050"
"92",1998,2003,266.185583165205,271.038504223775,260.64563287455,2190,2191,2191,0,0,0,27.0422778175294,0.0195528877117421,-5.31094054662674,0.229009744028701,5.08193080259804,"usgs_ws_02064000"
"93",1998,2003,274.28609984073,275.218274052587,288.43362425801,2190,2191,2191,0,0,0,62.6111461584627,0.0283292578176111,9.12095820756787,-5.02656620971266,-4.09439199785521,"usgs_ws_01666500"
"94",1998,2003,270.582124510781,285.152667684154,270.46450825548,2190,2191,2191,0,0,0,71.3427648921287,0.0306698322089657,-4.93525856132487,-4.81764230602397,9.7529008673489,"usgs_ws_02051000"
"95",1998,2003,253.768696412363,268.783159541332,263.596002085859,2190,2191,2191,0,0,0,58.1527737198971,0.0291006196268583,1.5467160726742,-8.2805896008218,6.73387352814763,"usgs_ws_01671025"
"96",1998,2003,259.70278836838,269.685150648746,256.917429886443,2190,2191,2191,0,0,0,45.0700786722509,0.025613809297851,-5.18435974808,-2.39900126614288,7.58336101422282,"usgs_ws_02062500"
"97",1998,2003,324.196251406321,312.904637183989,NA,2190,2191,0,0,0,2191,NA,NA,NA,NA,NA,"usgs_ws_02027500"
"98",1998,2003,272.645072720621,278.618684822956,274.172234571075,2190,2191,2191,0,0,0,9.63119745151704,0.0112791921729798,-0.973096133808724,-2.50025798426333,3.47335411807205,"usgs_ws_02075500"
"99",1998,2003,NA,300.350126350645,NA,2190,0,0,0,2191,2191,NA,NA,NA,NA,NA,"usgs_ws_02011490"
"100",1998,2003,230.42835309894,244.590168786983,235.822104933208,2190,2191,2191,0,0,0,51.0880876959357,0.0301653825220341,-1.12477067316922,-6.51852250743647,7.64329318060572,"usgs_ws_01634000"
"101",1998,2003,270.957051827936,285.450765778123,274.240359703888,2190,2191,2191,0,0,0,57.7535098378936,0.0274469018698156,-2.64236606609455,-5.92567394204593,8.56804000814054,"usgs_ws_02042500"
"102",1998,2003,260.226447783986,276.009947132753,265.491469658642,2190,2191,2191,0,0,0,64.5796125677519,0.030070593117649,-1.75115186648509,-7.0161737411409,8.76732560762599,"usgs_ws_02035000"
"103",1998,2003,265.861473482874,280.508690968686,264.949336860841,2190,2191,2191,0,0,0,76.2444122578791,0.0322874205234194,-5.49049690995935,-4.57836028792667,10.068857197886,"usgs_ws_02077000"
"104",1998,2003,253.955917678062,279.409662424601,247.914638991943,2190,2191,2191,0,0,0,279.387778468162,0.0641827214904213,-12.5121007062589,-6.47082202013999,18.9829227263988,"usgs_ws_02013100"
"105",1998,2003,297.901541089098,288.301315508197,294.16106829571,2190,2191,2191,0,0,0,23.4153617755062,0.0164895746398709,0.706426664708488,4.44689945809637,-5.15332612280491,"usgs_ws_01665500"
"106",1998,2003,247.432434021011,266.838586165631,273.47035239832,2190,2191,2191,0,0,0,183.092042974761,0.0515314466446225,10.8898948699994,-15.1480235073095,4.25812863731016,"usgs_ws_01638480"
"107",1998,2003,281.651470017179,293.993193058532,NA,2190,2191,0,0,0,2191,NA,NA,NA,NA,NA,"usgs_ws_01626000"
"108",1998,2003,269.028852064852,281.434032820186,277.616263101677,2190,2191,2191,0,0,0,40.3679172519123,0.0230179995616822,1.58988043943918,-6.99753059738674,5.4076501579475,"usgs_ws_02061500"
"109",1998,2003,256.05351617143,279.720360158796,259.436412944294,2190,2191,2191,0,0,0,163.833668249822,0.0482881805086917,-5.63368348054632,-9.01658025341004,14.6502637339564,"usgs_ws_02025500"
"110",1998,2003,286.620558103756,299.458455441684,253.387378500825,2190,2191,2191,0,0,0,565.299994178414,0.0849683982378223,-26.4347521812637,6.79842742166801,19.6363247595957,"usgs_ws_03490000"
"111",1998,2003,302.093944313095,299.540118801702,277.820245823377,2190,2191,2191,0,0,0,177.914557551164,0.0455002430020288,-15.3311904893479,8.94250800037076,6.38868248897705,"usgs_ws_03473000"
"112",1998,2003,257.947462115189,268.428366728347,264.66044212916,2190,2191,2191,0,0,0,28.1851196605446,0.0201342194935883,0.981685138261469,-5.73129487570998,4.74960973744857,"usgs_ws_02039500"
"113",1998,2003,295.632696232157,296.212705398906,NA,2190,2191,0,0,0,2191,NA,NA,NA,NA,NA,"usgs_ws_03471500"
"114",1998,2003,239.856458871293,256.926868020795,239.77847987401,2190,2191,2191,0,0,0,97.5786942147013,0.0402336617418151,-5.74212238135593,-5.66414338407299,11.4062657654289,"usgs_ws_01632000"
"115",1998,2003,267.315105045233,270.312214593837,251.25127347089,2190,2191,2191,0,0,0,105.058137831279,0.0389785727433641,-11.7082575657636,4.35557400857965,7.35268355718392,"usgs_ws_02017500"
"116",1998,2003,279.53599902624,293.7127786607,243.65002133472,2190,2191,2191,0,0,0,665.844024460049,0.0947630980375035,-28.6495783391668,7.23639935235354,21.4131789868133,"usgs_ws_01626850"
"117",1998,2003,276.625530758714,313.090148213511,234.756651571673,2190,2191,2191,0,0,0,1536.46801110678,0.142628702324812,-40.0674586096264,1.80142057741438,38.2660380322121,"usgs_ws_03209200"
"118",1998,2003,270.454431375934,278.580789402345,267.6906432504,2190,2191,2191,0,0,0,32.0452504644935,0.0207934609383407,-4.55131142582582,-1.78752330029261,6.33883472611848,"usgs_ws_02079500"
"119",1998,2003,237.233021263256,261.689250749767,245.536268809986,2190,2191,2191,0,0,0,154.661651011008,0.0501154989969404,-2.61657813101721,-10.9198256777468,13.536403808764,"usgs_ws_02054500"
"120",1998,2003,259.194168692793,284.489759071835,NA,2190,2191,0,0,0,2191,NA,NA,NA,NA,NA,"usgs_ws_02022500"
"121",1998,2003,278.627412440343,315.24166770752,231.96788510511,2190,2191,2191,0,0,0,1742.03967480513,0.151619813189793,-43.3111033125477,3.34842402268549,39.9626792898622,"usgs_ws_03208950"
"122",1998,2003,262.350545698642,266.200075459218,267.5030578374,2190,2191,2191,0,0,0,7.17750396590953,0.0100963784570385,2.15183150564656,-3.00068063311119,0.848849127464575,"usgs_ws_01643700"
"123",1998,2003,268.099318003013,273.28515006066,251.35481345931,2190,2191,2191,0,0,0,131.368491665453,0.0433746998722033,-12.8916137150176,3.85289082868502,9.03872288633255,"usgs_ws_02018000"
"124",1998,2003,300.22677801931,318.317478334283,286.779022478699,2190,2191,2191,0,0,0,250.464960786814,0.0524434260948632,-14.9954037987322,-1.54764825812038,16.5430520568526,"usgs_ws_02049500"
"125",1998,2003,277.577595829917,279.220636386745,288.17017923386,2190,2191,2191,0,0,0,32.49945376887,0.0202403870028776,6.51404208368604,-4.0785413202571,-2.43550076342888,"usgs_ws_02072500"
"126",1998,2003,250.933615872252,266.522983056192,NA,2190,2191,0,0,0,2191,NA,NA,NA,NA,NA,"usgs_ws_01638350"
"127",1998,2003,255.776439316145,270.939571195818,264.432483344645,2190,2191,2191,0,0,0,57.8649764877569,0.0288450396042963,0.716318725775636,-7.93972530272401,7.22340657694838,"usgs_ws_01674000"
"128",1998,2003,232.188934925512,269.738805120184,249.420301353557,2190,2191,2191,0,0,0,353.292389321455,0.0750494021616009,-1.02904577952751,-18.2604122075724,19.2894579870998,"usgs_ws_01625000"
"129",1998,2003,273.172292695665,279.098471676068,274.136107379532,2190,2191,2191,0,0,0,10.1122659106904,0.0115438739393582,-1.33284987088928,-2.296664554757,3.62951442564622,"usgs_ws_02076000"
"130",1998,2003,271.431888140246,293.332683274547,234.90223314635,2190,2191,2191,0,0,0,871.363003945225,0.110741842517902,-31.6533683740308,4.87628661986503,26.7770817541658,"usgs_ws_03521500"
"131",1998,2003,263.29979754308,289.964861296801,NA,2190,2191,0,0,0,2191,NA,NA,NA,NA,NA,"usgs_ws_01654000"
"132",1998,2003,253.768696412363,268.746589284879,263.596002085859,2190,2191,2191,0,0,0,57.9069600326038,0.0290404007652919,1.55890615815849,-8.26839951533751,6.70949335717904,"usgs_ws_01671020"
"133",1998,2003,256.961065040268,269.428992009135,263.803926706012,2190,2191,2191,0,0,0,38.9858863903191,0.0237050700133491,0.405932120873672,-6.4369295448704,6.03099742399678,"usgs_ws_01672500"
"134",1998,2003,281.181744670453,318.382431378421,240.824455832537,2190,2191,2191,0,0,0,1504.64023744453,0.138470551388258,-39.305088127933,1.05220070998263,38.2528874179505,"usgs_ws_03209000"
"135",1998,2003,274.684990838259,273.361418763452,NA,2190,2191,0,0,0,2191,NA,NA,NA,NA,NA,"usgs_ws_01636210"
"136",1998,2003,256.965868856128,276.496054009716,270.71123279816,2190,2191,2191,0,0,0,100.637886413668,0.037424192349198,2.65351424349177,-11.0918496985399,8.43833545504816,"usgs_ws_01644280"
"137",1998,2003,246.341630481443,266.933846222776,249.251071130939,2190,2191,2191,0,0,0,124.197454829847,0.0438452584275106,-4.92444481411388,-7.8338854636099,12.7583302777238,"usgs_ws_01631000"
"138",1998,2003,249.731260726044,283.467860585438,250.45345807944,2190,2191,2191,0,0,0,371.438418653026,0.0737804157558008,-10.7640683842008,-11.4862657375965,22.2503341217973,"usgs_ws_03170000"
"139",1998,2003,282.601703573084,287.742935910299,252.791605798732,2190,2191,2191,0,0,0,356.111612638232,0.0687769000678148,-21.5871426286398,8.22295514571255,13.3641874829272,"usgs_ws_03488000"
"140",1998,2003,258.283223524665,264.07984519197,NA,2190,2191,0,0,0,2191,NA,NA,NA,NA,NA,"usgs_ws_01643805"
"141",1998,2003,261.3303516925,283.126470492285,250.618356104538,2190,2191,2191,0,0,0,274.432524209615,0.062507315770802,-14.4067033252361,-3.69470773727471,18.1014110625107,"usgs_ws_03176500"
"142",1998,2003,261.348907725853,272.632072537911,262.00228715045,2190,2191,2191,0,0,0,40.1215083720033,0.0238729419668984,-3.32546865428804,-3.97884807888477,7.30431673317287,"usgs_ws_02039000"
"143",1998,2003,272.504507827658,295.113352405486,260.660054971024,2190,2191,2191,0,0,0,306.413436787492,0.0634014333051742,-15.4325834303652,-3.58813057373175,19.020714004097,"usgs_ws_03168000"
"144",1998,2003,283.784619206877,275.925249509587,280.898496173295,2190,2191,2191,0,0,0,15.8054300969565,0.0141883112332151,0.695707876708639,3.58183091029076,-4.2775387869994,"usgs_ws_02032640"
"145",1998,2003,236.196776819782,243.908642952718,NA,2190,2191,0,0,0,2191,NA,NA,NA,NA,NA,"usgs_ws_01615000"
"146",1998,2003,256.42860898649,278.741393658521,260.810864747302,2190,2191,2191,0,0,0,139.761398734949,0.0445566206693719,-4.51609105013557,-8.89834681094806,13.4144378610836,"usgs_ws_02026000"
"147",1998,2003,287.304330418899,308.932337726071,274.090259425983,2190,2191,2191,0,0,0,309.392132092404,0.0606308234709133,-16.0187164310014,-2.80464543808569,18.823361869087,"usgs_ws_03164000"
"148",1998,2003,260.434350849109,277.644939382642,273.754603611779,2190,2191,2191,0,0,0,81.4613672903437,0.0333526175350494,3.14330566393585,-10.1769470987345,7.0336414347986,"usgs_ws_02024000"
"149",1998,2003,254.966474000843,279.092560336809,258.01648578552,2190,2191,2191,0,0,0,172.595255378113,0.0497587073931233,-6.0086875888706,-9.05869937354791,15.0673869624185,"usgs_ws_02024752"
"150",1998,2003,263.939746500933,269.339976266089,261.82400583933,2190,2191,2191,0,0,0,15.0214419199241,0.0146235655482178,-3.21057036278711,-1.09482970118444,4.30540006397149,"usgs_ws_02058400"
"151",1998,2003,322.218985597335,335.684373197839,269.605186925305,2190,2191,2191,0,0,0,1219.33122206214,0.112944264654714,-39.5643283148544,13.0494703571752,26.5148579576792,"usgs_ws_03529500"
"152",1998,2003,260.225495506143,269.221667124418,265.13784575131,2190,2191,2191,0,0,0,20.2899809540171,0.0170067648779127,0.276176290686067,-4.63617395448057,4.35999766379445,"usgs_ws_02040000"
"153",1998,2003,271.381551409914,276.094276032108,280.95897491032,2190,2191,2191,0,0,0,22.9336849077391,0.0173420262860131,4.81404079287273,-4.76338270753308,-0.0506580853395917,"usgs_ws_02034000"
"154",1998,2003,229.123325853968,245.681543219362,226.927451280915,2190,2191,2191,0,0,0,105.118731982656,0.0438318530836668,-6.9833221705002,-4.78744759744671,11.7707697679469,"usgs_ws_01632900"
"155",1998,2003,244.562630150888,265.174644160772,239.74209009058,2190,2191,2191,0,0,0,182.484589091658,0.0540722787005518,-10.0843647101669,-5.26382464985849,15.3481893600254,"usgs_ws_03173000"
"156",1998,2003,264.414158723172,278.739920163248,NA,2190,2191,0,0,0,2191,NA,NA,NA,NA,NA,"usgs_ws_01673550"
"157",1998,2003,NA,291.923910651292,NA,2190,0,0,0,2191,2191,NA,NA,NA,NA,NA,"usgs_ws_01645784"
"158",1998,2003,269.259466462024,292.737333019937,244.20931297532,2190,2191,2191,0,0,0,588.948189544893,0.0903053985609508,-24.5260578437738,0.524095642930376,24.0019622008433,"usgs_ws_03478400"
"159",1998,2003,286.281605957831,299.939813102064,294.278003398225,2190,2191,2191,0,0,0,47.0908472569978,0.0233808573085928,0.77819591218497,-7.2182015282088,6.44000561602383,"usgs_ws_02061000"
"160",1998,2003,287.884451280787,303.874752367155,284.375242145225,2190,2191,2191,0,0,0,108.039196080824,0.0355910803869211,-7.66957311916389,-4.16036398360194,11.8299371027658,"usgs_ws_02046000"
"161",1998,2003,290.057730844957,306.401799577738,284.79179567725,2190,2191,2191,0,0,0,126.975154085242,0.0383601984679777,-8.9586463560646,-3.69271118835837,12.651357544423,"usgs_ws_02047000"
"162",1998,2003,266.143959962557,274.915648593038,261.572335146622,2190,2191,2191,0,0,0,45.9810481028482,0.0253451139342307,-5.97164608744998,-1.40002127151593,7.37166735896585,"usgs_ws_02059500"
"163",1998,2003,271.034665899619,283.500776850167,273.54188787002,2190,2191,2191,0,0,0,43.4782589931839,0.0238883653054679,-2.48388900324852,-4.99111097364943,7.474999976898,"usgs_ws_02041000"
"164",1998,2003,235.852843823007,245.251923208597,247.20255474915,2190,2191,2191,0,0,0,36.8272658017718,0.0249971972330898,4.43344748889885,-6.91626343724425,2.48281594834543,"usgs_ws_01616100"
"165",1998,2003,257.510267632676,274.268830031681,265.92569871791,2190,2191,2191,0,0,0,70.212789025081,0.03151281237281,0.0240999238209838,-8.39133116141289,8.36723123759197,"usgs_ws_01674500"
"166",1998,2003,250.228481461487,276.274277478283,NA,2190,2191,0,0,0,2191,NA,NA,NA,NA,NA,"usgs_ws_01658500"
"167",1998,2003,269.955440147223,309.740483375767,252.551980210017,2190,2191,2191,0,0,0,859.37582947035,0.105672045005684,-24.8639877009855,-7.46052776377928,32.3245154647648,"usgs_ws_03207800"
"168",1998,2003,250.030666615811,271.197245447725,NA,2190,2191,0,0,0,2191,NA,NA,NA,NA,NA,"usgs_ws_01643590"
"169",1998,2003,241.586810277329,260.037563141827,244.880000345365,2190,2191,2191,0,0,0,96.8378486699512,0.0395468106467693,-3.95479090947538,-7.24798097751153,11.2027718869869,"usgs_ws_02055000"
"170",1998,2003,254.336707076043,272.45832797132,262.426304439787,2190,2191,2191,0,0,0,82.412704252808,0.0345079784218298,-0.647475389263036,-8.7370727530068,9.38454814226986,"usgs_ws_02020500"
"171",1998,2003,268.599881796245,282.838524120071,283.57250352277,2190,2191,2191,0,0,0,71.2428437258372,0.0303249245042635,5.23553370974122,-9.73708801678345,4.50155430704217,"usgs_ws_02030000"
"172",1998,2003,247.523151924647,272.305864273797,283.97568484285,2190,2191,2191,0,0,0,346.525783274555,0.0694765892404423,16.0407844957521,-20.4117484224513,4.37096392669935,"usgs_ws_01662800"
"173",1998,2003,255.257106336678,272.636026467932,NA,2190,2191,0,0,0,2191,NA,NA,NA,NA,NA,"usgs_ws_01670300"
"174",1998,2003,287.422468253351,298.214297269942,283.926873300744,2190,2191,2191,0,0,0,55.4688735452718,0.0256947594741944,-5.9276729739351,-2.43207802132775,8.3597509952628,"usgs_ws_02045500"
"175",1998,2003,266.350226038409,288.721405698251,251.23366322516,2190,2191,2191,0,0,0,355.718497731444,0.0701737956261678,-17.5347684287801,-2.41820561553106,19.9529740443112,"usgs_ws_02011470"
"176",1998,2003,237.501952248941,245.978954484237,251.25110417946,2190,2191,2191,0,0,0,48.115718019093,0.028322773455042,6.34043387524736,-7.40871805527186,1.06828418002448,"usgs_ws_01636316"
"177",1998,2003,246.090857436683,259.601611122795,250.59513925831,2190,2191,2191,0,0,0,47.3242592235301,0.0272882812611702,-1.50073001428618,-6.00501183591277,7.50574185019897,"usgs_ws_01634500"
"178",1998,2003,267.813878830137,284.085624808806,249.446853205165,2190,2191,2191,0,0,0,300.326974285327,0.0648781052977417,-17.6685990762044,0.698426548767372,16.9701725274371,"usgs_ws_03474000"
"179",1998,2003,298.492506357532,297.620288664417,305.53490120923,2190,2191,2191,0,0,0,18.8328634476521,0.0144391808541621,4.9856691321703,-2.056725719528,-2.92894341264224,"usgs_ws_02069700"
"180",1998,2003,263.042210128482,266.504986101735,272.69181654484,2190,2191,2191,0,0,0,23.8970987272144,0.0182805839994218,5.27881228648778,-4.37079412987015,-0.908018156617572,"usgs_ws_01644000"
"181",1998,2003,270.19273640557,283.752437681183,277.05801181597,2190,2191,2191,0,0,0,45.9688071348922,0.0244765488495645,0.0569498483956181,-6.80832556200454,6.75137571360887,"usgs_ws_02038000"
"182",1998,2003,239.13905710616,258.124682675687,240.275635980356,2190,2191,2191,0,0,0,113.389042955946,0.0433133313861475,-5.57082260704468,-6.7074014812415,12.2782240882862,"usgs_ws_01638500"
"183",1998,2003,283.916953382603,293.406059393085,271.985228236773,2190,2191,2191,0,0,0,115.210200876836,0.0379141551975637,-11.1175187673804,0.814206378449001,10.3033123889315,"usgs_ws_02077303"
"184",1998,2003,309.180766407617,310.11612409221,298.372465582987,2190,2191,2191,0,0,0,42.6012959825118,0.0213376423176892,-7.517319777951,3.29098104667895,4.22633873127205,"usgs_ws_02068500"
"185",1998,2003,268.569968105534,274.567051843102,277.28681902614,2190,2191,2191,0,0,0,19.8909394762357,0.0163083728352255,3.81220603454807,-4.90464488605829,1.09243885151017,"usgs_ws_02074000"
"186",1998,2003,328.572642221427,325.86130649561,303.428928615312,2190,2191,2191,0,0,0,190.461542114808,0.043223662225339,-15.8586971621373,9.28501644397682,6.57368071816052,"usgs_ws_03161000"
"187",1998,2003,292.592244548363,301.023696203737,290.2164165593,2190,2191,2191,0,0,0,32.2552048272653,0.019277524317203,-4.39436921116663,-2.01854122210386,6.41291043327044,"usgs_ws_02052500"
