"","start_year","end_year","prism_precip","daymet_precip","nldas_precip","CV","var","hydrocode","gage","area"
"1",2003,2007,222.650057858416,239.89548147517,224.94431888269,0.0408655208431658,87.7009220392634,"usgs_ws_02019500","02019500",5365784522.49612
"2",2003,2007,212.646103449531,232.956567925161,215.631607910822,0.0497546010975219,120.263740600443,"usgs_ws_01622000","01622000",971856267.58662
"3",2003,2007,230.293448757848,253.299958726647,223.58070341068,0.0661207315527307,242.932431262661,"usgs_ws_02011400","02011400",407332735.234042
"4",2003,2007,214.206533180638,237.173494293849,NA,NA,NA,"usgs_ws_03473500","03473500",19156091.5240318
"5",2003,2007,230.587951616006,239.473011299944,227.322754643985,0.0270497204065855,39.5390889431499,"usgs_ws_01670400","01670400",886099663.319639
"6",2003,2007,244.026260394734,246.800428598156,238.15041600273,0.0181763563193419,19.507379073491,"usgs_ws_02036500","02036500",57886589.7215646
"7",2003,2007,222.882507117451,228.712767980022,225.17526726387,0.0130200374294855,8.62710035523542,"usgs_ws_01656000","01656000",241631463.662678
"8",2003,2007,235.811804884162,246.697417265751,232.321623485105,0.0314685800806805,56.2235616573652,"usgs_ws_01671100","01671100",276332504.781457
"9",2003,2007,240.755326665186,235.011997569003,227.90976480349,0.0274333902514544,41.4059998175412,"usgs_ws_02065500","02065500",252647034.169526
"10",2003,2007,228.301542120193,249.645167582361,226.11779533189,0.0553887278609845,168.976057152818,"usgs_ws_02011800","02011800",893169520.411534
"11",2003,2007,229.303494067425,248.230506520675,224.76879910287,0.0531602246466582,154.874495630958,"usgs_ws_02012500","02012500",1061345672.12231
"12",2003,2007,251.69627403899,278.596032132007,247.138402155452,0.0655998252406993,288.992277551895,"usgs_ws_02047500","02047500",749848252.778392
"13",2003,2007,232.793904629541,234.673823637566,229.97813206214,0.0101656823128054,5.58536499993059,"usgs_ws_02038850","02038850",22096843.5505302
"14",2003,2007,245.494063503852,246.960484020175,245.052259887204,0.00406331562913925,0.997816484671645,"usgs_ws_02044500","02044500",820524386.158795
"15",2003,2007,235.254253148159,237.414417531704,223.870154354385,0.0313412620994147,52.9518467544682,"usgs_ws_02056650","02056650",144486541.602307
"16",2003,2007,246.253755095806,259.221423718587,248.932838163818,0.0272233468425489,46.8654847188931,"usgs_ws_01669520","01669520",282985893.809692
"17",2003,2007,238.112198444604,248.939473444312,NA,NA,NA,"usgs_ws_03177710","03177710",114620314.0111
"18",2003,2007,210.346766763146,227.986737335727,212.78285899717,0.044043386668806,91.3768372846376,"usgs_ws_01613900","01613900",41272610.2911715
"19",2003,2007,243.506900354527,244.350856112768,239.663556326843,0.0103026974867823,6.2423889866874,"usgs_ws_02041650","02041650",3475473272.4327
"20",2003,2007,220.939036902283,247.709202106763,221.111495037012,0.0670068935598126,237.351584708604,"usgs_ws_01628500","01628500",2793593902.13781
"21",2003,2007,233.290585270852,251.355771586051,246.84269459982,0.0385594428101171,88.3964146251285,"usgs_ws_02021500","02021500",851391440.152936
"22",2003,2007,260.090401251294,253.828365261741,270.887076725137,0.0329860806812263,74.4634888022213,"usgs_ws_02072000","02072000",556864395.508404
"23",2003,2007,205.983806584779,216.270412305283,211.727687167535,0.0243933353237868,26.5737955125302,"usgs_ws_01633000","01633000",1315748433.86932
"24",2003,2007,207.849684220462,230.7194540028,200.357229255837,0.0742658586937777,250.171323813188,"usgs_ws_03167000","03167000",667477710.26182
"25",2003,2007,247.87433527846,273.523444562231,224.92251515888,0.0977312408813567,591.118865453648,"usgs_ws_03208800","03208800",95043793.8748591
"26",2003,2007,230.252040327599,241.141677541841,222.85146679642,0.0397571488047419,84.6474160600211,"usgs_ws_03475000","03475000",534069647.552109
"27",2003,2007,262.143271243921,261.706423058528,290.06429442991,0.0598876020968414,263.99054013424,"usgs_ws_02032250","02032250",199283814.488085
"28",2003,2007,210.962163258578,229.274386928285,216.874448608202,0.0426671585298545,87.341854021105,"usgs_ws_02054530","02054530",727631546.04281
"29",2003,2007,229.695957674549,239.082873714676,220.107801929015,0.0413175983647754,90.0167121026681,"usgs_ws_02014000","02014000",396744127.706971
"30",2003,2007,241.631653068961,243.893649377472,248.286555990678,0.0138339295025064,11.4503314515907,"usgs_ws_01663500","01663500",738284290.783199
"31",2003,2007,220.812625537082,245.552214971515,221.701527105337,0.0611881867525757,196.948790512044,"usgs_ws_01629500","01629500",3551793889.98061
"32",2003,2007,238.922109698415,261.265330772319,218.159796361113,0.0900299907018425,464.73004665823,"usgs_ws_03527000","03527000",2907445818.5179
"33",2003,2007,225.814019690362,239.299166620103,NA,NA,NA,"usgs_ws_01636690","01636690",34994960.5588756
"34",2003,2007,232.433331101578,234.163632846056,240.525762429773,0.0180792561749013,18.1596802947524,"usgs_ws_02059485","02059485",322836034.276773
"35",2003,2007,231.597067548261,242.630708955161,235.82364646731,0.0235203495985279,30.9902186280865,"usgs_ws_02052000","02052000",1927152204.95598
"36",2003,2007,250.985496622689,272.446968757473,233.853619719207,0.0766042405010509,373.923763736271,"usgs_ws_01627500","01627500",547846787.671377
"37",2003,2007,236.540853033124,245.478277284636,238.452034545037,0.0195969580683157,22.1497090097892,"usgs_ws_02037500","02037500",17481116130.8158
"38",2003,2007,247.916039466878,273.647520301189,NA,NA,NA,"usgs_ws_03208700","03208700",48019209.6942083
"39",2003,2007,212.530429695411,243.192683242766,232.16232221798,0.0677332436526249,241.20897682619,"usgs_ws_02053800","02053800",283413786.56914
"40",2003,2007,234.392646074276,256.40131956944,NA,NA,NA,"usgs_ws_01652500","01652500",32594846.5125465
"41",2003,2007,217.393624595622,233.097323700378,218.905221883297,0.0388254663539344,75.0511409865377,"usgs_ws_02013000","02013000",419461445.677496
"42",2003,2007,230.049912143638,235.177385142362,230.310172804553,0.0124572019440371,8.34141181759715,"usgs_ws_02060500","02060500",4613442943.13841
"43",2003,2007,218.444651479226,228.763924382801,219.471116545835,0.0255808096103824,32.3162168810291,"usgs_ws_02056000","02056000",1318896498.48103
"44",2003,2007,247.373833751303,244.74062550976,243.369835680872,0.0083002356749307,4.14080849105298,"usgs_ws_02075045","02075045",5478165059.84464
"45",2003,2007,211.608438883193,244.486614309233,226.28526786327,0.0724106891497,271.278790116966,"usgs_ws_02016000","02016000",1193758746.06934
"46",2003,2007,232.399172962034,237.341031084654,237.672086348107,0.0125247731457824,8.7225291447643,"usgs_ws_01668000","01668000",4127911829.04237
"47",2003,2007,256.498840129984,261.248334575721,NA,NA,NA,"usgs_ws_01661800","01661800",17521831.4954999
"48",2003,2007,238.747983127919,250.261481386677,NA,NA,NA,"usgs_ws_01669000","01669000",72345930.9029209
"49",2003,2007,255.228617321018,248.395383679094,261.349490734948,0.0254138890957563,41.994510494831,"usgs_ws_02073000","02073000",981525405.804484
"50",2003,2007,254.218242664487,247.859572589205,265.24226134098,0.0343861849821531,77.3532568578418,"usgs_ws_02070000","02070000",278486436.590555
"51",2003,2007,232.157277471718,233.744989515038,230.435405583732,0.00713121737937072,2.73983635491762,"usgs_ws_02066000","02066000",7678558027.17106
"52",2003,2007,220.08939034071,231.670394081653,238.93681012817,0.041287284179962,90.3576137422573,"usgs_ws_01638420","01638420",59861189.5381482
"53",2003,2007,192.157623377197,214.00389105772,206.53718239616,0.0543689326959497,123.297144564257,"usgs_ws_01632082","01632082",118181776.223707
"54",2003,2007,220.52561985706,242.526696427889,223.892746372747,0.0517531360283712,140.4348343176,"usgs_ws_02016500","02016500",3549379261.86498
"55",2003,2007,270.563689659429,269.843505592284,276.65108639938,0.0137315867987231,13.9863701008783,"usgs_ws_02028500","02028500",245393985.112639
"56",2003,2007,210.528984096497,230.84401889883,213.47978063335,0.0502861580694541,120.487434960381,"usgs_ws_01635500","01635500",223978841.944323
"57",2003,2007,235.400608419265,246.94264340744,239.407010122933,0.0243585193199443,34.3425992129968,"usgs_ws_02029000","02029000",11857653436.5887
"58",2003,2007,237.543081130705,257.837549464298,NA,NA,NA,"usgs_ws_01620500","01620500",44659598.0088622
"59",2003,2007,307.515067136957,271.665997679505,NA,NA,NA,"usgs_ws_02071530","02071530",68186938.410185
"60",2003,2007,239.887325376955,258.157366413947,226.7616185142,0.0652641710689167,248.628594387467,"usgs_ws_02011460","02011460",157590657.587209
"61",2003,2007,234.454623967378,242.71790136777,230.761013679894,0.0259441728872935,37.481945588686,"usgs_ws_01673000","01673000",2791506385.69128
"62",2003,2007,228.074948300708,250.625738801058,228.96072600093,0.0541431996719174,163.115922325764,"usgs_ws_01646000","01646000",149646365.087063
"63",2003,2007,233.394292660328,228.832501571905,235.84574546687,0.0152956022555839,12.6675247878986,"usgs_ws_01643880","01643880",122168130.457453
"64",2003,2007,247.584297907317,272.527872276396,234.633988578926,0.0765581756667017,370.973139280702,"usgs_ws_03165500","03165500",3496114159.10409
"65",2003,2007,232.999351479597,253.135897827392,225.918686300487,0.0594935187087284,199.398820249316,"usgs_ws_02011500","02011500",346648774.053348
"66",2003,2007,259.301783501437,287.603850393273,238.151524271045,0.0948168083674697,615.64550246033,"usgs_ws_03531500","03531500",826493815.399906
"67",2003,2007,227.375189211148,238.642966404889,228.172522819395,0.0271738076049338,39.5381221079359,"usgs_ws_03175500","03175500",578022259.33723
"68",2003,2007,239.702859831674,242.601934364524,240.539617096047,0.0061925665479425,2.22632473039244,"usgs_ws_01667500","01667500",1210019740.46022
"69",2003,2007,227.109508468691,240.727024460672,231.23777447463,0.0299642851619352,48.7541978842069,"usgs_ws_01673800","01673800",200730882.143942
"70",2003,2007,229.075449927605,240.313588848056,NA,NA,NA,"usgs_ws_02018500","02018500",88676820.5584542
"71",2003,2007,238.845604699945,289.192018543788,216.9081092563,0.149248641599228,1373.49643919288,"usgs_ws_03524500","03524500",225654466.800083
"72",2003,2007,224.858743436699,231.256350655589,NA,NA,NA,"usgs_ws_02079640","02079640",138607271.447473
"73",2003,2007,277.140774149495,273.785267287806,283.064292618415,0.0169007898111367,22.0746347394261,"usgs_ws_02027000","02027000",240729505.758264
"74",2003,2007,237.806281039046,244.774687079855,234.88092604823,0.0212528261780931,25.833815320465,"usgs_ws_02056900","02056900",297708998.721141
"75",2003,2007,249.65271056863,287.487236226221,224.4505936442,0.12498282453384,1006.70272287016,"usgs_ws_03165000","03165000",102072840.922244
"76",2003,2007,244.198160803905,254.870351731226,210.518461448937,0.0978703821758645,535.884663240422,"usgs_ws_03208500","03208500",740436166.079864
"77",2003,2007,NA,257.138485513741,NA,NA,NA,"usgs_ws_01654500","01654500",9615198.40411969
"78",2003,2007,233.851657061271,237.666245423951,225.858841451897,0.0259213682783881,36.3084957169019,"usgs_ws_02030500","02030500",586227939.031891
"79",2003,2007,231.955739698648,257.078112351575,223.349475100054,0.0738029328574992,307.137061483032,"usgs_ws_03171000","03171000",7164832865.49279
"80",2003,2007,265.120133450127,297.585063080998,NA,NA,NA,"usgs_ws_02024915","02024915",70184162.7172679
"81",2003,2007,238.73448603708,255.762332730928,224.71309772296,0.064858079073269,241.766981310766,"usgs_ws_03524000","03524000",1380470168.15182
"82",2003,2007,230.062038192756,239.257465275089,235.25854937312,0.0196317196516583,21.2584893441944,"usgs_ws_02051500","02051500",1429637356.96726
"83",2003,2007,234.452279826482,238.07236094251,242.30621030126,0.0164974424009234,15.4524485969754,"usgs_ws_01664000","01664000",1603218330.32013
"84",2003,2007,238.49453135764,240.222241629055,232.50718460893,0.0170780537377266,16.3925681158372,"usgs_ws_02074500","02074500",288622122.537259
"85",2003,2007,217.780826633339,230.878523676337,230.68417575049,0.0331488453768032,56.3473095642571,"usgs_ws_02055100","02055100",30260425.2791649
"86",2003,2007,224.779429914869,235.165527029147,223.438751365522,0.0281768655368409,41.197616617478,"usgs_ws_02077500","02077500",746336122.351962
"87",2003,2007,252.468862272699,259.046564041855,262.151322664,0.0191708429545952,24.4426209824758,"usgs_ws_02031000","02031000",246607887.90553
"88",2003,2007,224.125758815702,237.03707311557,NA,NA,NA,"usgs_ws_01660400","01660400",90667126.4938592
"89",2003,2007,237.988186034139,256.150405312248,239.66820422391,0.0410306830229425,100.72527049008,"usgs_ws_01653000","01653000",87625394.9855376
"90",2003,2007,212.194456930204,249.5225674077,219.163777797195,0.0874506301508877,393.93589529702,"usgs_ws_02015700","02015700",283788240.656139
"91",2003,2007,194.589021869131,219.556579347901,211.81927579967,0.0612543191701013,163.354407193998,"usgs_ws_01621050","01621050",37059064.7025727
"92",2003,2007,245.086875785251,230.483458415514,224.02636113165,0.0462680110905886,116.416530280427,"usgs_ws_02064000","02064000",427385214.956092
"93",2003,2007,242.643480157709,240.775149449842,244.91626217597,0.00854213733122928,4.30083539116522,"usgs_ws_01666500","01666500",464293046.257376
"94",2003,2007,234.896627924295,235.401470663073,236.55203718685,0.00360091082686564,0.719841557180677,"usgs_ws_02051000","02051000",144937406.448347
"95",2003,2007,231.571115396129,241.068113440895,228.153086785278,0.0286463280753267,44.7789674936994,"usgs_ws_01671025","01671025",1207710904.84417
"96",2003,2007,230.484016509381,234.288825685717,231.277557210773,0.0086512598947998,4.02900292354693,"usgs_ws_02062500","02062500",6223099594.926
"97",2003,2007,291.720997342718,287.429514012839,NA,NA,NA,"usgs_ws_02027500","02027500",123527986.977875
"98",2003,2007,245.738861867776,242.634665443978,238.912216586946,0.0140989375903992,11.6826244535023,"usgs_ws_02075500","02075500",6698712228.55323
"99",2003,2007,NA,267.476665335781,NA,NA,NA,"usgs_ws_02011490","02011490",12689912.2379998
"100",2003,2007,204.57001987996,213.802722934158,210.477011598167,0.0223078931422839,21.8659521227167,"usgs_ws_01634000","01634000",1994017493.52069
"101",2003,2007,255.253974493262,264.032421835773,248.963515345738,0.0295552573101445,57.2838261395601,"usgs_ws_02042500","02042500",651065126.134058
"102",2003,2007,236.653778430863,245.561235759188,238.436289216193,0.0196205464063588,22.2141673327151,"usgs_ws_02035000","02035000",16184361368.2907
"103",2003,2007,233.343666014418,237.146301391941,227.98771760149,0.019762377615873,21.1709793771762,"usgs_ws_02077000","02077000",1416008028.38206
"104",2003,2007,225.331601928586,243.013125845393,223.009725936998,0.0474740737320769,119.693900672686,"usgs_ws_02013100","02013100",1583226778.02646
"105",2003,2007,252.748242518129,259.372857652763,257.0790364604,0.0131205032785331,11.3171529191612,"usgs_ws_01665500","01665500",296487823.971996
"106",2003,2007,226.527003641938,229.938968270749,238.93681012817,0.0276573768940869,41.1009929575251,"usgs_ws_01638480","01638480",231530033.229766
"107",2003,2007,253.906235760545,276.741022489573,NA,NA,NA,"usgs_ws_01626000","01626000",328514897.362503
"108",2003,2007,234.782500965427,236.118629006927,248.75440991786,0.0321402790451898,59.4437395245759,"usgs_ws_02061500","02061500",814828423.80029
"109",2003,2007,229.680282639192,246.556601869702,234.571313043581,0.0366475249389958,75.3965795720491,"usgs_ws_02025500","02025500",8428090228.51836
"110",2003,2007,244.909945407231,252.021472144277,221.499383691977,0.0666865865468114,255.037682640913,"usgs_ws_03490000","03490000",1738263722.03573
"111",2003,2007,249.745750517975,252.127614537967,232.426761993323,0.0439310636477089,115.624038452089,"usgs_ws_03473000","03473000",785212583.985672
"112",2003,2007,233.669342938694,231.258199768982,227.688104053872,0.0130343933366321,9.05573556620075,"usgs_ws_02039500","02039500",782176002.350829
"113",2003,2007,243.517572371496,246.685972297273,NA,NA,NA,"usgs_ws_03471500","03471500",198287155.934274
"114",2003,2007,212.485614959998,225.364376849385,216.45726255615,0.0302386104902354,43.4955295773829,"usgs_ws_01632000","01632000",542767682.476967
"115",2003,2007,228.706375327566,229.800409523666,219.836246008097,0.0241667132097156,29.8601099218899,"usgs_ws_02017500","02017500",271938885.682366
"116",2003,2007,252.710533468867,275.698516482614,231.0065420663,0.0882878675410384,499.480530511908,"usgs_ws_01626850","01626850",382484766.219302
"117",2003,2007,242.785783825399,258.192706125109,212.098931856196,0.0987208146712386,550.615360813774,"usgs_ws_03209200","03209200",1362554358.44218
"118",2003,2007,236.03486702801,236.90737257332,232.399543351348,0.0101689571609364,5.71622807585857,"usgs_ws_02079500","02079500",20366675573.7567
"119",2003,2007,211.031623555293,229.749830161647,216.874448608202,0.0436858578564606,91.7142188839778,"usgs_ws_02054500","02054500",658458238.142593
"120",2003,2007,242.304606018727,268.247196320199,NA,NA,NA,"usgs_ws_02022500","02022500",90906193.368695
"121",2003,2007,240.198322321752,267.955101547085,212.33528788934,0.115796083786068,773.39185867799,"usgs_ws_03208950","03208950",172188912.950058
"122",2003,2007,243.21772760515,232.156891551106,231.16509727003,0.0284089578151449,44.7652746842457,"usgs_ws_01643700","01643700",315311574.332072
"123",2003,2007,233.308567511809,234.252254738052,222.97399442164,0.0271828620346436,39.1488503836295,"usgs_ws_02018000","02018000",851865579.038167
"124",2003,2007,253.250637138439,272.221495382873,244.972208564449,0.0543968107309594,195.158245716297,"usgs_ws_02049500","02049500",1587615689.12163
"125",2003,2007,257.875154379052,251.733037221437,270.887076725137,0.0375922542523914,95.6521592712856,"usgs_ws_02072500","02072500",669886699.671033
"126",2003,2007,225.553310959987,229.166663742788,NA,NA,NA,"usgs_ws_01638350","01638350",81829833.9597626
"127",2003,2007,231.298545218206,238.306567264059,227.272088278043,0.0240385476332781,31.1807424964971,"usgs_ws_01674000","01674000",663316340.43919
"128",2003,2007,216.100919443745,251.994501307574,225.900160699932,0.0802009173614723,344.214826659997,"usgs_ws_01625000","01625000",964748478.119823
"129",2003,2007,244.993168607057,242.170536683149,237.634619335977,0.0153657959486741,13.7816740888612,"usgs_ws_02076000","02076000",7150792121.92409
"130",2003,2007,235.645427164734,254.78396654139,229.782712665275,0.0544626989717605,170.952967691982,"usgs_ws_03521500","03521500",355023859.517368
"131",2003,2007,235.50354274402,256.855709581475,NA,NA,NA,"usgs_ws_01654000","01654000",61781349.3063163
"132",2003,2007,231.571115396129,240.940000168626,228.153086785278,0.0283454862112774,43.8273458896971,"usgs_ws_01671020","01671020",1195019430.59464
"133",2003,2007,237.407808818511,241.173789025398,230.603793029918,0.0226623535961374,28.7003421857564,"usgs_ws_01672500","01672500",1022231010.17991
"134",2003,2007,240.991498020544,263.350753928483,214.469637467085,0.102127193175221,598.784826414434,"usgs_ws_03209000","03209000",572746327.341673
"135",2003,2007,237.56278578366,245.675891859038,NA,NA,NA,"usgs_ws_01636210","01636210",36245223.4625335
"136",2003,2007,223.317665214487,240.075725975472,229.22183637815,0.0368169257993034,72.2497928315907,"usgs_ws_01644280","01644280",197014722.305778
"137",2003,2007,221.414188213242,243.217003571038,222.527224731566,0.0536084816813604,150.778092707253,"usgs_ws_01631000","01631000",4230045448.71749
"138",2003,2007,221.31181325263,253.202400908831,226.327578122338,0.0734052402241799,294.070596348582,"usgs_ws_03170000","03170000",800468899.861655
"139",2003,2007,240.414417538977,246.148388877034,232.47838538078,0.0286402161943572,47.1213382181993,"usgs_ws_03488000","03488000",572312493.930823
"140",2003,2007,225.901670617048,230.937546236419,NA,NA,NA,"usgs_ws_01643805","01643805",98653506.585549
"141",2003,2007,228.144505927346,248.929220071188,219.016855861498,0.0660693265780086,235.011311729826,"usgs_ws_03176500","03176500",9794840721.79541
"142",2003,2007,233.489843846517,233.387827860522,224.7872473693,0.0216662313116868,24.9525962487762,"usgs_ws_02039000","02039000",180131274.456192
"143",2003,2007,237.312878256639,262.072023786397,227.075383499215,0.0743060073839132,323.764402943728,"usgs_ws_03168000","03168000",5726801560.68145
"144",2003,2007,248.923699728754,249.322099512215,249.90506408252,0.00197914475653356,0.243607678755707,"usgs_ws_02032640","02032640",280429242.505543
"145",2003,2007,208.307723910828,210.723065026744,NA,NA,NA,"usgs_ws_01615000","01615000",150507297.201678
"146",2003,2007,230.872335493833,245.550742745232,235.512976508272,0.0316155685363595,56.2913232484444,"usgs_ws_02026000","02026000",9444441426.31322
"147",2003,2007,250.092246572942,273.9429750035,239.182837229529,0.0698766619192585,316.023272825985,"usgs_ws_03164000","03164000",2954905986.34597
"148",2003,2007,237.536675677436,253.100815914077,249.782967408472,0.0332153978409867,67.2037068622624,"usgs_ws_02024000","02024000",1673771710.86912
"149",2003,2007,228.242207543786,245.676417666117,233.30617530929,0.0380443406838455,80.4363913477189,"usgs_ws_02024752","02024752",7961404152.46684
"150",2003,2007,245.177558904235,244.556171612638,239.60083748337,0.0125710876842617,9.34021338413078,"usgs_ws_02058400","02058400",909415393.031254
"151",2003,2007,265.58345531114,296.566226505925,231.99447960766,0.121997892805927,1042.94364953516,"usgs_ws_03529500","03529500",290185382.705737
"152",2003,2007,235.864217156693,234.242243587104,231.30123692837,0.00989316167222214,5.35018449853873,"usgs_ws_02040000","02040000",1877236920.11687
"153",2003,2007,246.500792674802,246.693165115474,248.2771777346,0.00394413293118592,0.950274502359142,"usgs_ws_02034000","02034000",1715497565.62336
"154",2003,2007,205.725483890566,219.951067499914,209.083988889545,0.0351426694797721,55.2900303964377,"usgs_ws_01632900","01632900",242136650.317969
"155",2003,2007,218.79756659132,227.280824223895,207.329952902996,0.045970798891448,100.251515038056,"usgs_ws_03173000","03173000",773227016.28835
"156",2003,2007,257.505335687348,254.88119883009,NA,NA,NA,"usgs_ws_01673550","01673550",66078662.1987425
"157",2003,2007,NA,252.934388362187,NA,NA,NA,"usgs_ws_01645784","01645784",2042210.76794874
"158",2003,2007,234.688296101597,244.737050543923,206.78356835598,0.0859694840403247,386.686351098273,"usgs_ws_03478400","03478400",69749571.750196
"159",2003,2007,247.30092880017,250.24057092546,266.61272664796,0.0408506673300559,108.272419156747,"usgs_ws_02061000","02061000",294024722.017034
"160",2003,2007,252.855676961546,266.211629054016,255.7975397054,0.0271700556964464,49.2482116101636,"usgs_ws_02046000","02046000",291446814.970076
"161",2003,2007,241.953809304241,263.179491017525,249.50652465471,0.0427709848885275,115.753847086255,"usgs_ws_02047000","02047000",3730477372.58245
"162",2003,2007,229.180354583818,231.724952166715,239.37264107218,0.0227257935991081,28.1408043857517,"usgs_ws_02059500","02059500",485703761.838651
"163",2003,2007,254.830316663624,248.499440987375,244.473621516997,0.0209450442013803,27.2580572660615,"usgs_ws_02041000","02041000",408541002.191427
"164",2003,2007,210.156314003022,211.492938670561,213.73941856883,0.00854927031020443,3.27864596078609,"usgs_ws_01616100","01616100",28446307.5602715
"165",2003,2007,236.366864135053,243.46497792501,231.88755506889,0.0246074522826545,34.0806915124641,"usgs_ws_01674500","01674500",1559335859.90549
"166",2003,2007,223.398507123365,237.237848360137,NA,NA,NA,"usgs_ws_01658500","01658500",19725900.3190089
"167",2003,2007,235.030619901962,258.148793422175,223.281981464593,0.0742803532018274,314.695838021337,"usgs_ws_03207800","03207800",768290208.766574
"168",2003,2007,238.037707014856,233.525882464262,NA,NA,NA,"usgs_ws_01643590","01643590",20399448.1462486
"169",2003,2007,213.232623212803,228.333842751179,217.544946214365,0.0354051127085994,60.5072082830159,"usgs_ws_02055000","02055000",993928750.789965
"170",2003,2007,228.655090821518,245.689435172766,238.636568496223,0.036013693427208,73.2569520674408,"usgs_ws_02020500","02020500",364961358.476462
"171",2003,2007,248.653064739422,254.68949052802,254.529422878885,0.0136165043204964,11.8326071561294,"usgs_ws_02030000","02030000",299384470.642828
"172",2003,2007,224.917601501936,230.928996083786,238.06472304307,0.0284542204692894,43.3170448122466,"usgs_ws_01662800","01662800",66665826.823936
"173",2003,2007,238.749893011794,246.541576651385,NA,NA,NA,"usgs_ws_01670300","01670300",14451379.0095834
"174",2003,2007,240.469805447824,252.874252875731,246.490115880181,0.0251533916490837,38.4786098119362,"usgs_ws_02045500","02045500",1493310197.58654
"175",2003,2007,239.219871377216,258.061886080557,226.7616185142,0.0652927409098308,248.322722034211,"usgs_ws_02011470","02011470",195632586.421466
"176",2003,2007,211.156649388549,213.499002093408,217.86548772604,0.0158979867668731,11.5935541354233,"usgs_ws_01636316","01636316",55343159.3744726
"177",2003,2007,210.98892500362,222.475578992763,207.38865135989,0.036886057183537,62.0867625959292,"usgs_ws_01634500","01634500",264227056.477521
"178",2003,2007,229.66054722859,241.160407097446,221.782842203615,0.0422104606683446,94.965839113084,"usgs_ws_03474000","03474000",341053098.204821
"179",2003,2007,279.609962612432,265.441481943305,273.29298616081,0.0260211094611456,50.3826924065457,"usgs_ws_02069700","02069700",221502850.269753
"180",2003,2007,235.66684175823,233.292856622813,237.636133047852,0.00923347490205325,4.72966061847605,"usgs_ws_01644000","01644000",858758018.70125
"181",2003,2007,252.450128458827,269.682191000757,253.32558955165,0.0375497658260452,94.2081370898224,"usgs_ws_02038000","02038000",85695863.4688673
"182",2003,2007,214.634717280524,233.165162894974,214.206872011922,0.0490516757322031,117.162876575067,"usgs_ws_01638500","01638500",24734568589.6518
"183",2003,2007,225.693483271856,236.806116385483,220.57641438679,0.0364412067931342,68.8463726098318,"usgs_ws_02077303","02077303",526773223.247774
"184",2003,2007,249.899860630637,248.50531569837,248.635317333865,0.0030936469360939,0.593454290458823,"usgs_ws_02071000","02071000",2710709999.84841
"185",2003,2007,285.831619723265,279.406040335888,265.90586799854,0.0367086063414828,103.42971756616,"usgs_ws_02068500","02068500",321904888.090359
"186",2003,2007,252.686924712812,246.120993098242,250.905206847006,0.0135870160357643,11.529112952398,"usgs_ws_02074000","02074000",1408838904.68747
"187",2003,2007,274.782204031021,294.71109019438,263.136746424475,0.0575306142471218,254.952728513016,"usgs_ws_03161000","03161000",533712043.008783
"188",2003,2007,234.836813118906,248.066397367259,236.58573405544,0.0299655780910021,51.6477089843062,"usgs_ws_02052500","02052500",179871003.549627
