"","start_year","end_year","prism_precip","daymet_precip","nldas_precip","daymet_ndays_with_data","prism_ndays_with_data","nldas2_ndays_with_data","daymet_missing","prism_missing","nldas2_missing","var","CV","nldas2_dif_from_mean","prism_dif_from_mean","daymet_dif_from_mean","hydrocode"
"1",2003,2007,222.650057858416,239.89548147517,224.94431888269,1825,1826,1826,0,0,0,87.7009220392634,0.0408655208431658,-4.21896718940204,-6.51322821367606,10.7321954030781,"usgs_ws_02019500"
"2",2003,2007,212.646103449531,232.956567925161,215.631607910822,1825,1826,1826,0,0,0,120.263740600443,0.0497546010975219,-4.77981851768266,-7.76532297897364,12.5451414966563,"usgs_ws_01622000"
"3",2003,2007,230.293448757848,253.299958726647,223.58070341068,1825,1826,1826,0,0,0,242.932431262661,0.0661207315527307,-12.144000221045,-5.4312548738767,17.5752550949217,"usgs_ws_02011400"
"4",2003,2007,214.206533180638,237.173494293849,NA,1825,1826,0,0,0,1826,NA,NA,NA,NA,NA,"usgs_ws_03473500"
"5",2003,2007,230.587951616006,239.473011299944,227.322754643985,1825,1826,1826,0,0,0,39.5390889431499,0.0270497204065855,-5.13848454265982,-1.87328757063901,7.01177211329883,"usgs_ws_01670400"
"6",2003,2007,244.026260394734,246.800428598156,238.15041600273,1825,1826,1826,0,0,0,19.507379073491,0.0181763563193419,-4.84195232914328,1.03389206286076,3.8080602662825,"usgs_ws_02036500"
"7",2003,2007,222.882507117451,228.712767980022,225.17526726387,1825,1826,1826,0,0,0,8.62710035523542,0.0130200374294855,-0.414913523244223,-2.70767366966348,3.12258719290767,"usgs_ws_01656000"
"8",2003,2007,235.811804884162,246.697417265751,232.321623485105,1825,1826,1826,0,0,0,56.2235616573652,0.0314685800806805,-5.95532505990087,-2.46514366084421,8.42046872074511,"usgs_ws_01671100"
"9",2003,2007,240.755326665186,235.011997569003,227.90976480349,1825,1826,1826,0,0,0,41.4059998175412,0.0274333902514544,-6.64926487573638,6.19629698595961,0.452967889776744,"usgs_ws_02065500"
"10",2003,2007,228.301542120193,249.645167582361,226.11779533189,1825,1826,1826,0,0,0,168.976057152818,0.0553887278609845,-8.57037301292468,-6.38662622462121,14.9569992375459,"usgs_ws_02011800"
"11",2003,2007,229.303494067425,248.230506520675,224.76879910287,1825,1826,1826,0,0,0,154.874495630958,0.0531602246466582,-9.33213412745349,-4.79743916289834,14.1295732903518,"usgs_ws_02012500"
"12",2003,2007,251.69627403899,278.596032132007,247.138402155452,1825,1826,1826,0,0,0,288.992277551895,0.0655998252406993,-12.0051672866973,-7.44729540315967,19.452462689857,"usgs_ws_02047500"
"13",2003,2007,232.793904629541,234.673823637566,229.97813206214,1825,1826,1826,0,0,0,5.58536499993059,0.0101656823128054,-2.5038213809421,0.311951186458515,2.19187019448358,"usgs_ws_02038850"
"14",2003,2007,245.494063503852,246.960484020175,245.052259887204,1825,1826,1826,0,0,0,0.997816484671645,0.00406331562913925,-0.783342583206519,-0.341538966558147,1.12488154976469,"usgs_ws_02044500"
"15",2003,2007,235.254253148159,237.414417531704,223.870154354385,1825,1826,1826,0,0,0,52.9518467544682,0.0313412620994147,-8.3094539903642,3.0746448034098,5.23480918695438,"usgs_ws_02056650"
"16",2003,2007,246.253755095806,259.221423718587,248.932838163818,1825,1826,1826,0,0,0,46.8654847188931,0.0272233468425489,-2.53650082891929,-5.21558389693064,7.75208472584993,"usgs_ws_01669520"
"17",2003,2007,238.112198444604,248.939473444312,NA,1825,1826,0,0,0,1826,NA,NA,NA,NA,NA,"usgs_ws_03177710"
"18",2003,2007,210.346766763146,227.986737335727,212.78285899717,1825,1826,1826,0,0,0,91.3768372846376,0.044043386668806,-4.25592870151081,-6.69202093553503,10.9479496370459,"usgs_ws_01613900"
"19",2003,2007,243.506900354527,244.350856112768,239.663556326843,1825,1826,1826,0,0,0,6.2423889866874,0.0103026974867823,-2.84354793786926,0.999796089814225,1.84375184805506,"usgs_ws_02041650"
"20",2003,2007,220.939036902283,247.709202106763,221.111495037012,1825,1826,1826,0,0,0,237.351584708604,0.0670068935598126,-8.80841631167414,-8.98087444640257,17.7892907580767,"usgs_ws_01628500"
"21",2003,2007,233.290585270852,251.355771586051,246.84269459982,1825,1826,1826,0,0,0,88.3964146251285,0.0385594428101171,3.01301078091223,-10.5390985480553,7.52608776714314,"usgs_ws_02021500"
"22",2003,2007,260.090401251294,253.828365261741,270.887076725137,1825,1826,1826,0,0,0,74.4634888022213,0.0329860806812263,9.2851289790795,-1.5115464947632,-7.77358248431634,"usgs_ws_02072000"
"23",2003,2007,205.983806584779,216.270412305283,211.727687167535,1825,1826,1826,0,0,0,26.5737955125302,0.0243933353237868,0.400385148336028,-5.34349543441979,4.94311028608377,"usgs_ws_01633000"
"24",2003,2007,207.849684220462,230.7194540028,200.357229255837,1825,1826,1826,0,0,0,250.171323813188,0.0742658586937777,-12.618226570529,-5.12577160590445,17.7439981764335,"usgs_ws_03167000"
"25",2003,2007,247.87433527846,273.523444562231,224.92251515888,1825,1826,1826,0,0,0,591.118865453648,0.0977312408813567,-23.8509165076437,-0.899096388063583,24.7500128957073,"usgs_ws_03208800"
"26",2003,2007,230.252040327599,241.141677541841,222.85146679642,1825,1826,1826,0,0,0,84.6474160600211,0.0397571488047419,-8.56359475886671,-1.16302122768789,9.72661598655463,"usgs_ws_03475000"
"27",2003,2007,262.143271243921,261.706423058528,290.06429442991,1825,1826,1826,0,0,0,263.99054013424,0.0598876020968414,18.7596315191235,-9.16139166686537,-9.59823985225819,"usgs_ws_02032250"
"28",2003,2007,210.962163258578,229.274386928285,216.874448608202,1825,1826,1826,0,0,0,87.341854021105,0.0426671585298545,-2.16255099015314,-8.07483633977699,10.2373873299302,"usgs_ws_02054530"
"29",2003,2007,229.695957674549,239.082873714676,220.107801929015,1825,1826,1826,0,0,0,90.0167121026681,0.0413175983647754,-9.52107584373164,0.0670799018020602,9.45399594192955,"usgs_ws_02014000"
"30",2003,2007,241.631653068961,243.893649377472,248.286555990678,1825,1826,1826,0,0,0,11.4503314515907,0.0138339295025064,3.68260317830783,-2.97229974340902,-0.710303434898833,"usgs_ws_01663500"
"31",2003,2007,220.812625537082,245.552214971515,221.701527105337,1825,1826,1826,0,0,0,196.948790512044,0.0611881867525757,-7.65392876597457,-8.54283033422951,16.196759100204,"usgs_ws_01629500"
"32",2003,2007,238.922109698415,261.265330772319,218.159796361113,1825,1826,1826,0,0,0,464.73004665823,0.0900299907018425,-21.289282582836,-0.52696924553436,21.8162518283704,"usgs_ws_03527000"
"33",2003,2007,225.814019690362,239.299166620103,NA,1825,1826,0,0,0,1826,NA,NA,NA,NA,NA,"usgs_ws_01636690"
"34",2003,2007,232.433331101578,234.163632846056,240.525762429773,1825,1826,1826,0,0,0,18.1596802947524,0.0180792561749013,4.81818697063761,-3.27424435755782,-1.54394261307976,"usgs_ws_02059485"
"35",2003,2007,231.597067548261,242.630708955161,235.82364646731,1825,1826,1826,0,0,0,30.9902186280865,0.0235203495985279,-0.86016118960049,-5.08674010864982,5.94690129825031,"usgs_ws_02052000"
"36",2003,2007,250.985496622689,272.446968757473,233.853619719207,1825,1826,1826,0,0,0,373.923763736271,0.0766042405010509,-18.5750753139163,-1.44319841043369,20.01827372435,"usgs_ws_01627500"
"37",2003,2007,236.540853033124,245.478277284636,238.452034545037,1825,1826,1826,0,0,0,22.1497090097892,0.0195969580683157,-1.70502040922847,-3.61620192114137,5.32122233036981,"usgs_ws_02037500"
"38",2003,2007,247.916039466878,273.647520301189,NA,1825,1826,0,0,0,1826,NA,NA,NA,NA,NA,"usgs_ws_03208700"
"39",2003,2007,212.530429695411,243.192683242766,232.16232221798,1825,1826,1826,0,0,0,241.20897682619,0.0677332436526249,2.86717716592784,-16.7647153566416,13.8975381907138,"usgs_ws_02053800"
"40",2003,2007,234.392646074276,256.40131956944,NA,1825,1826,0,0,0,1826,NA,NA,NA,NA,NA,"usgs_ws_01652500"
"41",2003,2007,217.393624595622,233.097323700378,218.905221883297,1825,1826,1826,0,0,0,75.0511409865377,0.0388254663539344,-4.22683484313575,-5.73843213081008,9.96526697394583,"usgs_ws_02013000"
"42",2003,2007,230.049912143638,235.177385142362,230.310172804553,1825,1826,1826,0,0,0,8.34141181759715,0.0124572019440371,-1.53565055896425,-1.79591121988005,3.33156177884428,"usgs_ws_02060500"
"43",2003,2007,218.444651479226,228.763924382801,219.471116545835,1825,1826,1826,0,0,0,32.3162168810291,0.0255808096103824,-2.75544759011899,-3.78191265672754,6.53736024684656,"usgs_ws_02056000"
"44",2003,2007,247.373833751303,244.74062550976,243.369835680872,1825,1826,1826,0,0,0,4.14080849105298,0.0083002356749307,-1.7915959664393,2.21240210399088,-0.420806137551608,"usgs_ws_02075045"
"45",2003,2007,211.608438883193,244.486614309233,226.28526786327,1825,1826,1826,0,0,0,271.278790116966,0.0724106891497,-1.17483915529536,-15.851668135372,17.0265072906674,"usgs_ws_02016000"
"46",2003,2007,232.399172962034,237.341031084654,237.672086348107,1825,1826,1826,0,0,0,8.7225291447643,0.0125247731457824,1.86798954984164,-3.40492383623078,1.53693428638914,"usgs_ws_01668000"
"47",2003,2007,256.498840129984,261.248334575721,NA,1825,1826,0,0,0,1826,NA,NA,NA,NA,NA,"usgs_ws_01661800"
"48",2003,2007,238.747983127919,250.261481386677,NA,1825,1826,0,0,0,1826,NA,NA,NA,NA,NA,"usgs_ws_01669000"
"49",2003,2007,255.228617321018,248.395383679094,261.349490734948,1825,1826,1826,0,0,0,41.994510494831,0.0254138890957563,6.35832682326108,0.23745340933138,-6.59578023259246,"usgs_ws_02073000"
"50",2003,2007,254.218242664487,247.859572589205,265.24226134098,1825,1826,1826,0,0,0,77.3532568578418,0.0343861849821531,9.46890247608954,-1.55511620040394,-7.91378627568562,"usgs_ws_02070000"
"51",2003,2007,232.157277471718,233.744989515038,230.435405583732,1825,1826,1826,0,0,0,2.73983635491762,0.00713121737937072,-1.6771519397642,0.0447199482216831,1.63243199154252,"usgs_ws_02066000"
"52",2003,2007,220.08939034071,231.670394081653,238.93681012817,1825,1826,1826,0,0,0,90.3576137422573,0.041287284179962,8.70461194465906,-10.1428078428008,1.43819589814177,"usgs_ws_01638420"
"53",2003,2007,192.157623377197,214.00389105772,206.53718239616,1825,1826,1826,0,0,0,123.297144564257,0.0543689326959497,2.30428345246773,-12.0752755664955,9.77099211402779,"usgs_ws_01632082"
"54",2003,2007,220.52561985706,242.526696427889,223.892746372747,1825,1826,1826,0,0,0,140.4348343176,0.0517531360283712,-5.08894117981839,-8.45606769550494,13.5450088753233,"usgs_ws_02016500"
"55",2003,2007,270.563689659429,269.843505592284,276.65108639938,1825,1826,1826,0,0,0,13.9863701008783,0.0137315867987231,4.29832584901544,-1.78907089093514,-2.50925495808036,"usgs_ws_02028500"
"56",2003,2007,210.528984096497,230.84401889883,213.47978063335,1825,1826,1826,0,0,0,120.487434960381,0.0502861580694541,-4.8044805762089,-7.75527711306225,12.5597576892712,"usgs_ws_01635500"
"57",2003,2007,235.400608419265,246.94264340744,239.407010122933,1825,1826,1826,0,0,0,34.3425992129968,0.0243585193199443,-1.17641052694626,-5.18281223061442,6.35922275756064,"usgs_ws_02029000"
"58",2003,2007,237.543081130705,257.837549464298,NA,1825,1826,0,0,0,1826,NA,NA,NA,NA,NA,"usgs_ws_01620500"
"59",2003,2007,307.515067136957,271.665997679505,NA,1825,1826,0,0,0,1826,NA,NA,NA,NA,NA,"usgs_ws_02071530"
"60",2003,2007,239.887325376955,258.157366413947,226.7616185142,1825,1826,1826,0,0,0,248.628594387467,0.0652641710689167,-14.8404849208339,-1.71477805807902,16.555262978913,"usgs_ws_02011460"
"61",2003,2007,234.454623967378,242.71790136777,230.761013679894,1825,1826,1826,0,0,0,37.481945588686,0.0259441728872935,-5.21683265845337,-1.52322237096928,6.74005502942262,"usgs_ws_01673000"
"62",2003,2007,228.074948300708,250.625738801058,228.96072600093,1825,1826,1826,0,0,0,163.115922325764,0.0541431996719174,-6.92641169996884,-7.81218940019042,14.7386011001593,"usgs_ws_01646000"
"63",2003,2007,233.394292660328,228.832501571905,235.84574546687,1825,1826,1826,0,0,0,12.6675247878986,0.0152956022555839,3.15489890050259,0.703446093960309,-3.85834499446287,"usgs_ws_01643880"
"64",2003,2007,247.584297907317,272.527872276396,234.633988578926,1825,1826,1826,0,0,0,370.973139280702,0.0765581756667017,-16.948064341954,-3.99775501356248,20.9458193555164,"usgs_ws_03165500"
"65",2003,2007,232.999351479597,253.135897827392,225.918686300487,1825,1826,1826,0,0,0,199.398820249316,0.0594935187087284,-11.4326255686718,-4.3519603895619,15.7845859582337,"usgs_ws_02011500"
"66",2003,2007,259.301783501437,287.603850393273,238.151524271045,1825,1826,1826,0,0,0,615.64550246033,0.0948168083674697,-23.5341951175401,-2.38393588714814,25.9181310046882,"usgs_ws_03531500"
"67",2003,2007,227.375189211148,238.642966404889,228.172522819395,1825,1826,1826,0,0,0,39.5381221079359,0.0271738076049338,-3.22436999241557,-4.02170360066233,7.24607359307794,"usgs_ws_03175500"
"68",2003,2007,239.702859831674,242.601934364524,240.539617096047,1825,1826,1826,0,0,0,2.22632473039244,0.0061925665479425,-0.408520001367748,-1.24527726574095,1.65379726710867,"usgs_ws_01667500"
"69",2003,2007,227.109508468691,240.727024460672,231.23777447463,1825,1826,1826,0,0,0,48.7541978842069,0.0299642851619352,-1.78699466003414,-5.91526066597339,7.70225532600753,"usgs_ws_01673800"
"70",2003,2007,229.075449927605,240.313588848056,NA,1825,1826,0,0,0,1826,NA,NA,NA,NA,NA,"usgs_ws_02018500"
"71",2003,2007,238.845604699945,289.192018543788,216.9081092563,1825,1826,1826,0,0,0,1373.49643919288,0.149248641599228,-31.4071349103777,-9.46963946673262,40.8767743771104,"usgs_ws_03524500"
"72",2003,2007,224.858743436699,231.256350655589,NA,1825,1826,0,0,0,1826,NA,NA,NA,NA,NA,"usgs_ws_02079640"
"73",2003,2007,277.140774149495,273.785267287806,283.064292618415,1825,1826,1826,0,0,0,22.0746347394261,0.0169007898111367,5.06751459984304,-0.856003869077426,-4.21151073076567,"usgs_ws_02027000"
"74",2003,2007,237.806281039046,244.774687079855,234.88092604823,1825,1826,1826,0,0,0,25.833815320465,0.0212528261780931,-4.27303867414693,-1.34768368333144,5.62072235747834,"usgs_ws_02056900"
"75",2003,2007,249.65271056863,287.487236226221,224.4505936442,1825,1826,1826,0,0,0,1006.70272287016,0.12498282453384,-29.4129198354837,-4.21080291105335,33.6237227465371,"usgs_ws_03165000"
"76",2003,2007,244.198160803905,254.870351731226,210.518461448937,1825,1826,1826,0,0,0,535.884663240422,0.0978703821758645,-26.010529879086,7.66916947588226,18.3413604032038,"usgs_ws_03208500"
"77",2003,2007,NA,257.138485513741,NA,1825,0,0,0,1826,1826,NA,NA,NA,NA,NA,"usgs_ws_01654500"
"78",2003,2007,233.851657061271,237.666245423951,225.858841451897,1825,1826,1826,0,0,0,36.3084957169019,0.0259213682783881,-6.60007319380901,1.39274241556421,5.20733077824482,"usgs_ws_02030500"
"79",2003,2007,231.955739698648,257.078112351575,223.349475100054,1825,1826,1826,0,0,0,307.137061483032,0.0738029328574992,-14.1116339500383,-5.50536935144416,19.6170033014824,"usgs_ws_03171000"
"80",2003,2007,265.120133450127,297.585063080998,NA,1825,1826,0,0,0,1826,NA,NA,NA,NA,NA,"usgs_ws_02024915"
"81",2003,2007,238.73448603708,255.762332730928,224.71309772296,1825,1826,1826,0,0,0,241.766981310766,0.064858079073269,-15.0235411073629,-1.00215279324249,16.0256939006055,"usgs_ws_03524000"
"82",2003,2007,230.062038192756,239.257465275089,235.25854937312,1825,1826,1826,0,0,0,21.2584893441944,0.0196317196516583,0.399198426131733,-4.79731275423228,4.39811432810052,"usgs_ws_02051500"
"83",2003,2007,234.452279826482,238.07236094251,242.30621030126,1825,1826,1826,0,0,0,15.4524485969754,0.0164974424009234,4.02925994450931,-3.82467053026849,-0.204589414240843,"usgs_ws_01664000"
"84",2003,2007,238.49453135764,240.222241629055,232.50718460893,1825,1826,1826,0,0,0,16.3925681158372,0.0170780537377266,-4.56746792294499,1.41987882576478,3.14758909718023,"usgs_ws_02074500"
"85",2003,2007,217.780826633339,230.878523676337,230.68417575049,1825,1826,1826,0,0,0,56.3473095642571,0.0331488453768032,4.23633373043481,-8.6670153867166,4.43068165628182,"usgs_ws_02055100"
"86",2003,2007,224.779429914869,235.165527029147,223.438751365522,1825,1826,1826,0,0,0,41.197616617478,0.0281768655368409,-4.35581807099044,-3.0151395216437,7.37095759263417,"usgs_ws_02077500"
"87",2003,2007,252.468862272699,259.046564041855,262.151322664,1825,1826,1826,0,0,0,24.4426209824758,0.0191708429545952,4.26240633781549,-5.42005405348561,1.15764771567007,"usgs_ws_02031000"
"88",2003,2007,224.125758815702,237.03707311557,NA,1825,1826,0,0,0,1826,NA,NA,NA,NA,NA,"usgs_ws_01660400"
"89",2003,2007,237.988186034139,256.150405312248,239.66820422391,1825,1826,1826,0,0,0,100.72527049008,0.0410306830229425,-4.93406096618892,-6.61407915596004,11.548140122149,"usgs_ws_01653000"
"90",2003,2007,212.194456930204,249.5225674077,219.163777797195,1825,1826,1826,0,0,0,393.93589529702,0.0874506301508877,-7.79648958117122,-14.7658104481624,22.5623000293336,"usgs_ws_02015700"
"91",2003,2007,194.589021869131,219.556579347901,211.81927579967,1825,1826,1826,0,0,0,163.354407193998,0.0612543191701013,3.16431679410255,-14.0659371364362,10.9016203423336,"usgs_ws_01621050"
"92",2003,2007,245.086875785251,230.483458415514,224.02636113165,1825,1826,1826,0,0,0,116.416530280427,0.0462680110905886,-9.17253731248837,11.8879773411127,-2.71544002862427,"usgs_ws_02064000"
"93",2003,2007,242.643480157709,240.775149449842,244.91626217597,1825,1826,1826,0,0,0,4.30083539116522,0.00854213733122928,2.13796491479653,-0.134817103464826,-2.00314781133167,"usgs_ws_01666500"
"94",2003,2007,234.896627924295,235.401470663073,236.55203718685,1825,1826,1826,0,0,0,0.719841557180677,0.00360091082686564,0.935325262110467,-0.720084000444132,-0.215241261666336,"usgs_ws_02051000"
"95",2003,2007,231.571115396129,241.068113440895,228.153086785278,1825,1826,1826,0,0,0,44.7789674936994,0.0286463280753267,-5.44435175548946,-2.02632314463841,7.47067490012785,"usgs_ws_01671025"
"96",2003,2007,230.484016509381,234.288825685717,231.277557210773,1825,1826,1826,0,0,0,4.02900292354693,0.0086512598947998,-0.739242591183796,-1.53278329257589,2.27202588375968,"usgs_ws_02062500"
"97",2003,2007,291.720997342718,287.429514012839,NA,1825,1826,0,0,0,1826,NA,NA,NA,NA,NA,"usgs_ws_02027500"
"98",2003,2007,245.738861867776,242.634665443978,238.912216586946,1825,1826,1826,0,0,0,11.6826244535023,0.0140989375903992,-3.51636471262046,3.31028056820938,0.206084144411079,"usgs_ws_02075500"
"99",2003,2007,NA,267.476665335781,NA,1825,0,0,0,1826,1826,NA,NA,NA,NA,NA,"usgs_ws_02011490"
"100",2003,2007,204.57001987996,213.802722934158,210.477011598167,1825,1826,1826,0,0,0,21.8659521227167,0.0223078931422839,0.860426794072026,-5.04656492413497,4.18613813006294,"usgs_ws_01634000"
"101",2003,2007,255.253974493262,264.032421835773,248.963515345738,1825,1826,1826,0,0,0,57.2838261395601,0.0295552573101445,-7.11978854585357,-0.829329398328667,7.94911794418226,"usgs_ws_02042500"
"102",2003,2007,236.653778430863,245.561235759188,238.436289216193,1825,1826,1826,0,0,0,22.2141673327151,0.0196205464063588,-1.78081191922129,-3.56332270455209,5.34413462377336,"usgs_ws_02035000"
"103",2003,2007,233.343666014418,237.146301391941,227.98771760149,1825,1826,1826,0,0,0,21.1709793771762,0.019762377615873,-4.83817740112653,0.517771011801727,4.32040638932483,"usgs_ws_02077000"
"104",2003,2007,225.331601928586,243.013125845393,223.009725936998,1825,1826,1826,0,0,0,119.693900672686,0.0474740737320769,-7.44175863332754,-5.11988264173988,12.5616412750674,"usgs_ws_02013100"
"105",2003,2007,252.748242518129,259.372857652763,257.0790364604,1825,1826,1826,0,0,0,11.3171529191612,0.0131205032785331,0.678990916635712,-3.65180302563493,2.97281210899916,"usgs_ws_01665500"
"106",2003,2007,226.527003641938,229.938968270749,238.93681012817,1825,1826,1826,0,0,0,41.1009929575251,0.0276573768940869,7.13588278121782,-5.27392370501443,-1.86195907620339,"usgs_ws_01638480"
"107",2003,2007,253.906235760545,276.741022489573,NA,1825,1826,0,0,0,1826,NA,NA,NA,NA,NA,"usgs_ws_01626000"
"108",2003,2007,234.782500965427,236.118629006927,248.75440991786,1825,1826,1826,0,0,0,59.4437395245759,0.0321402790451898,8.86922995445534,-5.10267899797728,-3.76655095647803,"usgs_ws_02061500"
"109",2003,2007,229.680282639192,246.556601869702,234.571313043581,1825,1826,1826,0,0,0,75.3965795720491,0.0366475249389958,-2.36475280724372,-7.25578321163334,9.62053601887706,"usgs_ws_02025500"
"110",2003,2007,244.909945407231,252.021472144277,221.499383691977,1825,1826,1826,0,0,0,255.037682640913,0.0666865865468114,-17.9775500558514,5.4330116594027,12.5445383964487,"usgs_ws_03490000"
"111",2003,2007,249.745750517975,252.127614537967,232.426761993323,1825,1826,1826,0,0,0,115.624038452089,0.0439310636477089,-12.3399470230984,4.97904150155347,7.36090552154496,"usgs_ws_03473000"
"112",2003,2007,233.669342938694,231.258199768982,227.688104053872,1825,1826,1826,0,0,0,9.05573556620075,0.0130343933366321,-3.18377819997752,2.79746068484454,0.386317515132959,"usgs_ws_02039500"
"113",2003,2007,243.517572371496,246.685972297273,NA,1825,1826,0,0,0,1826,NA,NA,NA,NA,NA,"usgs_ws_03471500"
"114",2003,2007,212.485614959998,225.364376849385,216.45726255615,1825,1826,1826,0,0,0,43.4955295773829,0.0302386104902354,-1.64515556569427,-5.61680316184635,7.26195872754064,"usgs_ws_01632000"
"115",2003,2007,228.706375327566,229.800409523666,219.836246008097,1825,1826,1826,0,0,0,29.8601099218899,0.0241667132097156,-6.27809761167941,2.59203170778977,3.68606590388961,"usgs_ws_02017500"
"116",2003,2007,252.710533468867,275.698516482614,231.0065420663,1825,1826,1826,0,0,0,499.480530511908,0.0882878675410384,-22.1319886062934,-0.427997203726818,22.5599858100202,"usgs_ws_01626850"
"117",2003,2007,242.785783825399,258.192706125109,212.098931856196,1825,1826,1826,0,0,0,550.615360813774,0.0987208146712386,-25.5935420793722,5.09330988983086,20.5002321895413,"usgs_ws_03209200"
"118",2003,2007,236.03486702801,236.90737257332,232.399543351348,1825,1826,1826,0,0,0,5.71622807585857,0.0101689571609364,-2.71438429954435,0.920939377117463,1.79344492242689,"usgs_ws_02079500"
"119",2003,2007,211.031623555293,229.749830161647,216.874448608202,1825,1826,1826,0,0,0,91.7142188839778,0.0436858578564606,-2.34418550017864,-8.18701055308784,10.5311960532665,"usgs_ws_02054500"
"120",2003,2007,242.304606018727,268.247196320199,NA,1825,1826,0,0,0,1826,NA,NA,NA,NA,NA,"usgs_ws_02022500"
"121",2003,2007,240.198322321752,267.955101547085,212.33528788934,1825,1826,1826,0,0,0,773.39185867799,0.115796083786068,-27.8276160300523,0.0354184023595394,27.7921976276928,"usgs_ws_03208950"
"122",2003,2007,243.21772760515,232.156891551106,231.16509727003,1825,1826,1826,0,0,0,44.7652746842457,0.0284089578151449,-4.34814153873182,7.70448879638809,-3.35634725765624,"usgs_ws_01643700"
"123",2003,2007,233.308567511809,234.252254738052,222.97399442164,1825,1826,1826,0,0,0,39.1488503836295,0.0271828620346436,-7.2042778021937,3.13029528797517,4.07398251421856,"usgs_ws_02018000"
"124",2003,2007,253.250637138439,272.221495382873,244.972208564449,1825,1826,1826,0,0,0,195.158245716297,0.0543968107309594,-11.8425717974714,-3.56414322348104,15.4067150209525,"usgs_ws_02049500"
"125",2003,2007,257.875154379052,251.733037221437,270.887076725137,1825,1826,1826,0,0,0,95.6521592712856,0.0375922542523914,10.7219872832616,-2.28993506282336,-8.43205222043835,"usgs_ws_02072500"
"126",2003,2007,225.553310959987,229.166663742788,NA,1825,1826,0,0,0,1826,NA,NA,NA,NA,NA,"usgs_ws_01638350"
"127",2003,2007,231.298545218206,238.306567264059,227.272088278043,1825,1826,1826,0,0,0,31.1807424964971,0.0240385476332781,-5.02031197539333,-0.993855035229643,6.01416701062294,"usgs_ws_01674000"
"128",2003,2007,216.100919443745,251.994501307574,225.900160699932,1825,1826,1826,0,0,0,344.214826659997,0.0802009173614723,-5.4316997838188,-15.230941040005,20.6626408238238,"usgs_ws_01625000"
"129",2003,2007,244.993168607057,242.170536683149,237.634619335977,1825,1826,1826,0,0,0,13.7816740888612,0.0153657959486741,-3.96482220608428,3.39372706499643,0.571095141087824,"usgs_ws_02076000"
"130",2003,2007,235.645427164734,254.78396654139,229.782712665275,1825,1826,1826,0,0,0,170.952967691982,0.0544626989717605,-10.2879894585245,-4.42527495906555,14.71326441759,"usgs_ws_03521500"
"131",2003,2007,235.50354274402,256.855709581475,NA,1825,1826,0,0,0,1826,NA,NA,NA,NA,NA,"usgs_ws_01654000"
"132",2003,2007,231.571115396129,240.940000168626,228.153086785278,1825,1826,1826,0,0,0,43.8273458896971,0.0283454862112774,-5.4016473313998,-1.98361872054875,7.38526605194858,"usgs_ws_01671020"
"133",2003,2007,237.407808818511,241.173789025398,230.603793029918,1825,1826,1826,0,0,0,28.7003421857564,0.0226623535961374,-5.79133726135746,1.01267852723532,4.77865873412216,"usgs_ws_01672500"
"134",2003,2007,240.991498020544,263.350753928483,214.469637467085,1825,1826,1826,0,0,0,598.784826414434,0.102127193175221,-25.1343256716191,1.38753488184003,23.7467907897791,"usgs_ws_03209000"
"135",2003,2007,237.56278578366,245.675891859038,NA,1825,1826,0,0,0,1826,NA,NA,NA,NA,NA,"usgs_ws_01636210"
"136",2003,2007,223.317665214487,240.075725975472,229.22183637815,1825,1826,1826,0,0,0,72.2497928315907,0.0368169257993034,-1.64990614455309,-7.55407730821591,9.20398345276897,"usgs_ws_01644280"
"137",2003,2007,221.414188213242,243.217003571038,222.527224731566,1825,1826,1826,0,0,0,150.778092707253,0.0536084816813604,-6.52558077371634,-7.63861729203956,14.1641980657559,"usgs_ws_01631000"
"138",2003,2007,221.31181325263,253.202400908831,226.327578122338,1825,1826,1826,0,0,0,294.070596348582,0.0734052402241799,-7.28635263892846,-12.3021175086365,19.5884701475649,"usgs_ws_03170000"
"139",2003,2007,240.414417538977,246.148388877034,232.47838538078,1825,1826,1826,0,0,0,47.1213382181993,0.0286402161943572,-7.20201188481695,0.734020273379826,6.46799161143716,"usgs_ws_03488000"
"140",2003,2007,225.901670617048,230.937546236419,NA,1825,1826,0,0,0,1826,NA,NA,NA,NA,NA,"usgs_ws_01643805"
"141",2003,2007,228.144505927346,248.929220071188,219.016855861498,1825,1826,1826,0,0,0,235.011311729826,0.0660693265780086,-13.0133380918458,-3.88568802599835,16.8990261178442,"usgs_ws_03176500"
"142",2003,2007,233.489843846517,233.387827860522,224.7872473693,1825,1826,1826,0,0,0,24.9525962487762,0.0216662313116868,-5.76772565614633,2.93487082107086,2.83285483507549,"usgs_ws_02039000"
"143",2003,2007,237.312878256639,262.072023786397,227.075383499215,1825,1826,1826,0,0,0,323.764402943728,0.0743060073839132,-15.0780450148684,-4.84055025744462,19.918595272313,"usgs_ws_03168000"
"144",2003,2007,248.923699728754,249.322099512215,249.90506408252,1825,1826,1826,0,0,0,0.243607678755707,0.00197914475653356,0.521442974690302,-0.459921379075297,-0.0615215956150337,"usgs_ws_02032640"
"145",2003,2007,208.307723910828,210.723065026744,NA,1825,1826,0,0,0,1826,NA,NA,NA,NA,NA,"usgs_ws_01615000"
"146",2003,2007,230.872335493833,245.550742745232,235.512976508272,1825,1826,1826,0,0,0,56.2913232484444,0.0316155685363595,-1.7990417408401,-6.43968275527945,8.23872449611954,"usgs_ws_02026000"
"147",2003,2007,250.092246572942,273.9429750035,239.182837229529,1825,1826,1826,0,0,0,316.023272825985,0.0698766619192585,-15.2231823724616,-4.31377302904855,19.5369554015102,"usgs_ws_03164000"
"148",2003,2007,237.536675677436,253.100815914077,249.782967408472,1825,1826,1826,0,0,0,67.2037068622624,0.0332153978409867,2.97614774181005,-9.27014398922518,6.29399624741515,"usgs_ws_02024000"
"149",2003,2007,228.242207543786,245.676417666117,233.30617530929,1825,1826,1826,0,0,0,80.4363913477189,0.0380443406838455,-2.4354248637743,-7.49939262927859,9.93481749305289,"usgs_ws_02024752"
"150",2003,2007,245.177558904235,244.556171612638,239.60083748337,1825,1826,1826,0,0,0,9.34021338413078,0.0125710876842617,-3.51068518337775,2.06603623748768,1.44464894589007,"usgs_ws_02058400"
"151",2003,2007,265.58345531114,296.566226505925,231.99447960766,1825,1826,1826,0,0,0,1042.94364953516,0.121997892805927,-32.7202408672484,0.868734836231909,31.8515060310165,"usgs_ws_03529500"
"152",2003,2007,235.864217156693,234.242243587104,231.30123692837,1825,1826,1826,0,0,0,5.35018449853873,0.00989316167222214,-2.50132896235243,2.06165126597077,0.439677696381693,"usgs_ws_02040000"
"153",2003,2007,246.500792674802,246.693165115474,248.2771777346,1825,1826,1826,0,0,0,0.950274502359142,0.00394413293118592,1.12013255964143,-0.656252500156597,-0.463880059484808,"usgs_ws_02034000"
"154",2003,2007,205.725483890566,219.951067499914,209.083988889545,1825,1826,1826,0,0,0,55.2900303964377,0.0351426694797721,-2.50285787046326,-5.86136286944205,8.36422073990528,"usgs_ws_01632900"
"155",2003,2007,218.79756659132,227.280824223895,207.329952902996,1825,1826,1826,0,0,0,100.251515038056,0.045970798891448,-10.4728283364075,0.994785351916136,9.47804298449137,"usgs_ws_03173000"
"156",2003,2007,257.505335687348,254.88119883009,NA,1825,1826,0,0,0,1826,NA,NA,NA,NA,NA,"usgs_ws_01673550"
"157",2003,2007,NA,252.934388362187,NA,1825,0,0,0,1826,1826,NA,NA,NA,NA,NA,"usgs_ws_01645784"
"158",2003,2007,234.688296101597,244.737050543923,206.78356835598,1825,1826,1826,0,0,0,386.686351098273,0.0859694840403247,-21.9527366445197,5.95199110109678,16.000745543423,"usgs_ws_03478400"
"159",2003,2007,247.30092880017,250.24057092546,266.61272664796,1825,1826,1826,0,0,0,108.272419156747,0.0408506673300559,11.8946511900967,-7.41714665769334,-4.47750453240337,"usgs_ws_02061000"
"160",2003,2007,252.855676961546,266.211629054016,255.7975397054,1825,1826,1826,0,0,0,49.2482116101636,0.0271700556964464,-2.49074220158738,-5.43260494544123,7.92334714702861,"usgs_ws_02046000"
"161",2003,2007,241.953809304241,263.179491017525,249.50652465471,1825,1826,1826,0,0,0,115.753847086255,0.0427709848885275,-2.04008367078197,-9.59279902125107,11.6328826920331,"usgs_ws_02047000"
"162",2003,2007,229.180354583818,231.724952166715,239.37264107218,1825,1826,1826,0,0,0,28.1408043857517,0.0227257935991081,5.94665846460904,-4.24562802375326,-1.70103044085579,"usgs_ws_02059500"
"163",2003,2007,254.830316663624,248.499440987375,244.473621516997,1825,1826,1826,0,0,0,27.2580572660615,0.0209450442013803,-4.79417153900172,5.56252360762545,-0.768352068623756,"usgs_ws_02041000"
"164",2003,2007,210.156314003022,211.492938670561,213.73941856883,1825,1826,1826,0,0,0,3.27864596078609,0.00854927031020443,1.94319482135901,-1.63990974444923,-0.303285076909759,"usgs_ws_01616100"
"165",2003,2007,236.366864135053,243.46497792501,231.88755506889,1825,1826,1826,0,0,0,34.0806915124641,0.0246074522826545,-5.35224397409414,-0.872934907931352,6.22517888202549,"usgs_ws_01674500"
"166",2003,2007,223.398507123365,237.237848360137,NA,1825,1826,0,0,0,1826,NA,NA,NA,NA,NA,"usgs_ws_01658500"
"167",2003,2007,235.030619901962,258.148793422175,223.281981464593,1825,1826,1826,0,0,0,314.695838021337,0.0742803532018274,-15.5384834649834,-3.78984502761472,19.328328492598,"usgs_ws_03207800"
"168",2003,2007,238.037707014856,233.525882464262,NA,1825,1826,0,0,0,1826,NA,NA,NA,NA,NA,"usgs_ws_01643590"
"169",2003,2007,213.232623212803,228.333842751179,217.544946214365,1825,1826,1826,0,0,0,60.5072082830159,0.0354051127085994,-2.15885784508382,-6.47118084664601,8.63003869172982,"usgs_ws_02055000"
"170",2003,2007,228.655090821518,245.689435172766,238.636568496223,1825,1826,1826,0,0,0,73.2569520674408,0.036013693427208,0.976203666054232,-9.00527400865136,8.0290703425971,"usgs_ws_02020500"
"171",2003,2007,248.653064739422,254.68949052802,254.529422878885,1825,1826,1826,0,0,0,11.8326071561294,0.0136165043204964,1.90543016344247,-3.97092797602014,2.06549781257766,"usgs_ws_02030000"
"172",2003,2007,224.917601501936,230.928996083786,238.06472304307,1825,1826,1826,0,0,0,43.3170448122466,0.0284542204692894,6.76094950013928,-6.38617204099424,-0.374777459145037,"usgs_ws_01662800"
"173",2003,2007,238.749893011794,246.541576651385,NA,1825,1826,0,0,0,1826,NA,NA,NA,NA,NA,"usgs_ws_01670300"
"174",2003,2007,240.469805447824,252.874252875731,246.490115880181,1825,1826,1826,0,0,0,38.4786098119362,0.0251533916490837,-0.121275521064376,-6.14158595342147,6.26286147448585,"usgs_ws_02045500"
"175",2003,2007,239.219871377216,258.061886080557,226.7616185142,1825,1826,1826,0,0,0,248.322722034211,0.0652927409098308,-14.5861734764576,-2.12792061344132,16.714094089899,"usgs_ws_02011470"
"176",2003,2007,211.156649388549,213.499002093408,217.86548772604,1825,1826,1826,0,0,0,11.5935541354233,0.0158979867668731,3.69177465670796,-3.01706368078342,-0.674710975924512,"usgs_ws_01636316"
"177",2003,2007,210.98892500362,222.475578992763,207.38865135989,1825,1826,1826,0,0,0,62.0867625959292,0.036886057183537,-6.22906709220106,-2.62879344847084,8.85786054067194,"usgs_ws_01634500"
"178",2003,2007,229.66054722859,241.160407097446,221.782842203615,1825,1826,1826,0,0,0,94.965839113084,0.0422104606683446,-9.08508997293549,-1.20738494796052,10.292474920896,"usgs_ws_03474000"
"179",2003,2007,279.609962612432,265.441481943305,273.29298616081,1825,1826,1826,0,0,0,50.3826924065457,0.0260211094611456,0.511509255294413,6.8284857069163,-7.33999496221077,"usgs_ws_02069700"
"180",2003,2007,235.66684175823,233.292856622813,237.636133047852,1825,1826,1826,0,0,0,4.72966061847605,0.00923347490205325,2.10418923822027,0.134897948598052,-2.23908718681835,"usgs_ws_01644000"
"181",2003,2007,252.450128458827,269.682191000757,253.32558955165,1825,1826,1826,0,0,0,94.2081370898224,0.0375497658260452,-5.16038011876142,-6.03584121158397,11.1962213303454,"usgs_ws_02038000"
"182",2003,2007,214.634717280524,233.165162894974,214.206872011922,1825,1826,1826,0,0,0,117.162876575067,0.0490516757322031,-6.46204538388486,-6.0342001152828,12.4962454991677,"usgs_ws_01638500"
"183",2003,2007,225.693483271856,236.806116385483,220.57641438679,1825,1826,1826,0,0,0,68.8463726098318,0.0364412067931342,-7.1155902945865,-1.99852140952044,9.1141117041069,"usgs_ws_02077303"
"184",2003,2007,249.899860630637,248.50531569837,248.635317333865,1825,1826,1826,0,0,0,0.593454290458823,0.0030936469360939,-0.378180553758824,0.886362743012853,-0.508182189254057,"usgs_ws_02071000"
"185",2003,2007,285.831619723265,279.406040335888,265.90586799854,1825,1826,1826,0,0,0,103.42971756616,0.0367086063414828,-11.1419746873577,8.7837770373672,2.35819764999053,"usgs_ws_02068500"
"186",2003,2007,252.686924712812,246.120993098242,250.905206847006,1825,1826,1826,0,0,0,11.529112952398,0.0135870160357643,1.00083196098618,2.78254982679144,-3.78338178777764,"usgs_ws_02074000"
"187",2003,2007,274.782204031021,294.71109019438,263.136746424475,1825,1826,1826,0,0,0,254.952728513016,0.0575306142471218,-14.4066004588169,-2.76114285227095,17.1677433110879,"usgs_ws_03161000"
"188",2003,2007,234.836813118906,248.066397367259,236.58573405544,1825,1826,1826,0,0,0,51.6477089843062,0.0299655780910021,-3.24391412509496,-4.99283506162868,8.23674918672367,"usgs_ws_02052500"
