"","start_year","end_year","prism_precip","daymet_precip","nldas_precip","CV","var","hydrocode","gage","area"
"1",2004,2008,200.287648210205,217.595638918663,200.61160495563,0.0480226113877605,98.0214833324071,"usgs_ws_02019500","02019500",5365784522.49612
"2",2004,2008,194.495466617988,209.359806637422,191.968094476363,0.0473137421364157,88.3013110081193,"usgs_ws_01622000","01622000",971856267.58662
"3",2004,2008,210.744934240269,232.83035985266,200.24352151727,0.0775049018541507,276.657954392671,"usgs_ws_02011400","02011400",407332735.234042
"4",2004,2008,195.265893055566,219.019882174163,NA,NA,NA,"usgs_ws_03473500","03473500",19156091.5240318
"5",2004,2008,209.123743329598,212.540373607287,204.24726383677,0.019976860758702,17.3715140607047,"usgs_ws_01670400","01670400",886099663.319639
"6",2004,2008,224.646617644904,226.472035991748,216.86071159291,0.0229247075931873,26.0550069818612,"usgs_ws_02036500","02036500",57886589.7215646
"7",2004,2008,205.811166639131,210.693632005678,201.65741991857,0.0219505519969759,20.4575347928823,"usgs_ws_01656000","01656000",241631463.662678
"8",2004,2008,214.376705849621,222.764687242226,212.63672505999,0.0250028336158969,29.3268971592965,"usgs_ws_01671100","01671100",276332504.781457
"9",2004,2008,216.665809732527,208.323902403203,199.10158782976,0.0422331847242013,77.190065838701,"usgs_ws_02065500","02065500",252647034.169526
"10",2004,2008,207.756574088732,229.682067456506,203.376176096042,0.0659835593254066,198.652511043868,"usgs_ws_02011800","02011800",893169520.411534
"11",2004,2008,208.475178824837,227.579309806044,201.66350541117,0.0632019256734191,180.499272112496,"usgs_ws_02012500","02012500",1061345672.12231
"12",2004,2008,231.435337043294,251.839322082518,229.822341623682,0.0516300305250408,150.611964704883,"usgs_ws_02047500","02047500",749848252.778392
"13",2004,2008,205.889086816941,208.24984986157,200.80043914084,0.0185727508256034,14.49354290175,"usgs_ws_02038850","02038850",22096843.5505302
"14",2004,2008,218.872893734914,223.663405858852,225.24781848415,0.0149110114668427,11.016505889202,"usgs_ws_02044500","02044500",820524386.158795
"15",2004,2008,211.599563219136,210.874540280444,201.48388439179,0.0271299544413183,31.8395057364622,"usgs_ws_02056650","02056650",144486541.602307
"16",2004,2008,227.877973457197,237.79763544041,229.654181099805,0.0228213813616676,27.9784093413977,"usgs_ws_01669520","01669520",282985893.809692
"17",2004,2008,224.007202053749,230.228785046877,NA,NA,NA,"usgs_ws_03177710","03177710",114620314.0111
"18",2004,2008,200.926433777979,214.589138075303,193.47641943784,0.0527476030287578,114.653181774846,"usgs_ws_01613900","01613900",41272610.2911715
"19",2004,2008,221.860635554719,220.741103123314,215.420044433574,0.0156885207963324,11.8413720723996,"usgs_ws_02041650","02041650",3475473272.4327
"20",2004,2008,195.725350272316,217.591008049305,194.284074343635,0.064483665288635,170.566237513906,"usgs_ws_01628500","01628500",2793593902.13781
"21",2004,2008,210.132525056487,224.815940184259,216.7405613593,0.0338531875477853,54.0800944600645,"usgs_ws_02021500","02021500",851391440.152936
"22",2004,2008,231.44517052476,224.301933869793,242.831665249763,0.0401335819711408,87.3381728408713,"usgs_ws_02072000","02072000",556864395.508404
"23",2004,2008,189.827138409309,196.663358816844,189.411805530351,0.0212123929646718,16.5819059879293,"usgs_ws_01633000","01633000",1315748433.86932
"24",2004,2008,190.56789411219,210.216642414937,183.872340432743,0.0702597408583536,187.487665978024,"usgs_ws_03167000","03167000",667477710.26182
"25",2004,2008,237.4822035837,251.428606361984,213.92213126592,0.0809188321590562,359.385805367463,"usgs_ws_03208800","03208800",95043793.8748591
"26",2004,2008,213.11723575944,222.66687037815,201.35904967871,0.0502538693148381,113.912280703235,"usgs_ws_03475000","03475000",534069647.552109
"27",2004,2008,228.090310152966,231.2525728942,251.80327376897,0.0543148791630039,165.772642590471,"usgs_ws_02032250","02032250",199283814.488085
"28",2004,2008,186.738780499845,203.386851774405,193.253603569488,0.0431416680035147,70.3806526623393,"usgs_ws_02054530","02054530",727631546.04281
"29",2004,2008,207.782712308434,219.50161696667,195.2456959838,0.0584562635192538,147.143201240036,"usgs_ws_02014000","02014000",396744127.706971
"30",2004,2008,219.913533015795,226.09525733062,219.435071906948,0.0167475482365642,13.800118402475,"usgs_ws_01663500","01663500",738284290.783199
"31",2004,2008,196.304847456968,217.361409321721,194.896415330247,0.062031303427041,158.339738942792,"usgs_ws_01629500","01629500",3551793889.98061
"32",2004,2008,222.174475025205,240.594932098194,205.025215623237,0.0799136879296402,316.435844487105,"usgs_ws_03527000","03527000",2907445818.5179
"33",2004,2008,213.466939535311,224.947759153028,NA,NA,NA,"usgs_ws_01636690","01636690",34994960.5588756
"34",2004,2008,204.828622835708,204.327023443783,213.628018246207,0.0251988697622845,27.3649109758321,"usgs_ws_02059485","02059485",322836034.276773
"35",2004,2008,208.652694585324,218.908377043293,220.10464360335,0.0291582578381791,39.6262021121458,"usgs_ws_02052000","02052000",1927152204.95598
"36",2004,2008,216.458828916464,234.872692048222,205.19715017648,0.0684542665916126,224.422258143212,"usgs_ws_01627500","01627500",547846787.671377
"37",2004,2008,211.203693300159,219.219289609891,209.98145392428,0.0235069670490417,25.1802102411476,"usgs_ws_02037500","02037500",17481116130.8158
"38",2004,2008,238.526690252038,250.700905703207,NA,NA,NA,"usgs_ws_03208700","03208700",48019209.6942083
"39",2004,2008,188.012797070057,214.661213789648,207.14735201699,0.0675936195791692,188.787904236129,"usgs_ws_02053800","02053800",283413786.56914
"40",2004,2008,222.177482238591,236.197070551392,NA,NA,NA,"usgs_ws_01652500","01652500",32594846.5125465
"41",2004,2008,195.570140073536,214.033917194857,194.326755855027,0.054823456066035,121.804879662462,"usgs_ws_02013000","02013000",419461445.677496
"42",2004,2008,205.975862225067,207.955472311973,206.0101864065,0.00548350035625649,1.28402858327427,"usgs_ws_02060500","02060500",4613442943.13841
"43",2004,2008,194.498775086367,202.798246713897,195.956922253689,0.0224077463534973,19.6351904712641,"usgs_ws_02056000","02056000",1318896498.48103
"44",2004,2008,224.667544822753,219.803339771904,221.720891730143,0.0110336648568253,6.00337678957287,"usgs_ws_02075045","02075045",5478165059.84464
"45",2004,2008,191.673103299321,221.715671908618,202.464546830796,0.0741337382225031,231.602833149891,"usgs_ws_02016000","02016000",1193758746.06934
"46",2004,2008,212.056600216533,218.273661023376,211.360127111951,0.017795680688988,14.4889785009702,"usgs_ws_01668000","01668000",4127911829.04237
"47",2004,2008,238.784362183068,247.380957949209,NA,NA,NA,"usgs_ws_01661800","01661800",17521831.4954999
"48",2004,2008,223.654727024778,233.617383366732,NA,NA,NA,"usgs_ws_01669000","01669000",72345930.9029209
"49",2004,2008,228.962088113115,221.310751876034,234.52189042128,0.0290588048447851,43.9980882634085,"usgs_ws_02073000","02073000",981525405.804484
"50",2004,2008,230.981296037894,222.151071790052,237.73160081594,0.0339286841201023,61.048726598372,"usgs_ws_02070000","02070000",278486436.590555
"51",2004,2008,207.653834045984,206.897678492,205.094964618752,0.00636469574250866,1.72822687937295,"usgs_ws_02066000","02066000",7678558027.17106
"52",2004,2008,204.613929315114,215.776033087501,220.17419369715,0.0375672486851283,64.343034168777,"usgs_ws_01638420","01638420",59861189.5381482
"53",2004,2008,176.315179542064,195.595727839143,184.23440263613,0.0522777828853359,93.922224569703,"usgs_ws_01632082","01632082",118181776.223707
"54",2004,2008,199.519539127679,221.205029809238,199.974310656388,0.0598886011063841,153.535126498418,"usgs_ws_02016500","02016500",3549379261.86498
"55",2004,2008,235.391247813331,231.369771538553,241.87586683337,0.0224414763642782,28.100098934574,"usgs_ws_02028500","02028500",245393985.112639
"56",2004,2008,192.118144334389,213.059743624943,191.041856443387,0.0624585462768306,154.08272206836,"usgs_ws_01635500","01635500",223978841.944323
"57",2004,2008,209.316983510572,220.542912762371,210.313062686903,0.0291190434849686,38.610582309739,"usgs_ws_02029000","02029000",11857653436.5887
"58",2004,2008,218.048267610016,231.819206558678,NA,NA,NA,"usgs_ws_01620500","01620500",44659598.0088622
"59",2004,2008,280.324767279636,239.320389683789,NA,NA,NA,"usgs_ws_02071530","02071530",68186938.410185
"60",2004,2008,221.217525307328,240.766389586924,208.82877812181,0.0720112466274317,259.275029590894,"usgs_ws_02011460","02011460",157590657.587209
"61",2004,2008,212.900013260389,217.963834985928,209.484479726468,0.0199873782648818,18.2012709009216,"usgs_ws_01673000","01673000",2791506385.69128
"62",2004,2008,210.980175304427,229.054866220942,205.51368184347,0.0572558172086412,151.794060730063,"usgs_ws_01646000","01646000",149646365.087063
"63",2004,2008,213.372011517421,211.348000791183,214.34309212316,0.00717338074214336,2.33503150827613,"usgs_ws_01643880","01643880",122168130.457453
"64",2004,2008,226.742401869934,251.192132781817,211.299272073986,0.0875544754498511,404.61998916873,"usgs_ws_03165500","03165500",3496114159.10409
"65",2004,2008,212.584583274903,234.41261298481,204.728824464267,0.0707975369176362,236.550521406642,"usgs_ws_02011500","02011500",346648774.053348
"66",2004,2008,245.068088440777,271.374492002485,226.277793449785,0.0914980919963584,513.135712425503,"usgs_ws_03531500","03531500",826493815.399906
"67",2004,2008,211.41124578988,220.502994253314,212.746664095735,0.0228456902489408,24.1006482812199,"usgs_ws_03175500","03175500",578022259.33723
"68",2004,2008,214.954197284604,220.282846186013,212.60463842849,0.0182185579531125,15.4783000500856,"usgs_ws_01667500","01667500",1210019740.46022
"69",2004,2008,213.368378990751,219.786204673364,210.19935760208,0.0227758387684848,23.8564699704058,"usgs_ws_01673800","01673800",200730882.143942
"70",2004,2008,204.492000189262,215.207811678486,NA,NA,NA,"usgs_ws_02018500","02018500",88676820.5584542
"71",2004,2008,223.537797792509,267.569711603549,205.56421336682,0.137377334081264,1017.75683042587,"usgs_ws_03524500","03524500",225654466.800083
"72",2004,2008,201.94623597365,207.178440718243,NA,NA,NA,"usgs_ws_02079640","02079640",138607271.447473
"73",2004,2008,241.154615731381,238.500658096264,245.10274652864,0.0137512839934627,11.0364665983627,"usgs_ws_02027000","02027000",240729505.758264
"74",2004,2008,213.493888258612,217.274382615165,211.277592436295,0.0141681693536798,9.19426620022302,"usgs_ws_02056900","02056900",297708998.721141
"75",2004,2008,221.50780219683,258.9466290342,200.69504538314,0.130009313192506,871.347266500134,"usgs_ws_03165000","03165000",102072840.922244
"76",2004,2008,228.074882718147,233.783672448545,198.79755616952,0.0852314962257464,352.296743718383,"usgs_ws_03208500","03208500",740436166.079864
"77",2004,2008,NA,237.524459013349,NA,NA,NA,"usgs_ws_01654500","01654500",9615198.40411969
"78",2004,2008,208.930856341797,211.54057845437,196.8571535469,0.0380683457635674,61.364652616277,"usgs_ws_02030500","02030500",586227939.031891
"79",2004,2008,210.595389503547,233.764452680808,201.437895535203,0.0774005033916021,277.611913530044,"usgs_ws_03171000","03171000",7164832865.49279
"80",2004,2008,233.877734764129,265.419189239983,NA,NA,NA,"usgs_ws_02024915","02024915",70184162.7172679
"81",2004,2008,223.184781999475,235.911331243974,210.67500409065,0.0565192425369562,159.221967865069,"usgs_ws_03524000","03524000",1380470168.15182
"82",2004,2008,206.862214953004,215.647916362512,217.68258676829,0.0269473120449715,33.0681465230331,"usgs_ws_02051500","02051500",1429637356.96726
"83",2004,2008,214.761817322757,220.512745313082,215.24476154349,0.0147114991539909,10.1763434778213,"usgs_ws_01664000","01664000",1603218330.32013
"84",2004,2008,221.607676367878,214.943380436716,207.736838555785,0.0323016397373087,48.1245379581827,"usgs_ws_02074500","02074500",288622122.537259
"85",2004,2008,195.914121905706,204.015726985041,206.57953281273,0.0275370863316907,30.9933491665458,"usgs_ws_02055100","02055100",30260425.2791649
"86",2004,2008,207.801207855589,219.555216231899,204.864629524478,0.0368881358261138,60.4322571688971,"usgs_ws_02077500","02077500",746336122.351962
"87",2004,2008,219.939694067201,224.002572613595,228.99283231748,0.0202150791712933,20.5614976956055,"usgs_ws_02031000","02031000",246607887.90553
"88",2004,2008,211.470185142728,226.709441487805,NA,NA,NA,"usgs_ws_01660400","01660400",90667126.4938592
"89",2004,2008,226.151112866215,237.056078787278,220.56136713457,0.0368057524790152,70.3731752649969,"usgs_ws_01653000","01653000",87625394.9855376
"90",2004,2008,195.158384624726,230.965023187041,199.279700130665,0.0939806077716005,383.843383969771,"usgs_ws_02015700","02015700",283788240.656139
"91",2004,2008,177.705253028124,197.65810189268,189.8501812592,0.0533674916644927,101.096514028088,"usgs_ws_01621050","01621050",37059064.7025727
"92",2004,2008,217.195396093708,203.927438742163,197.116175996483,0.0495495881201641,104.26784536432,"usgs_ws_02064000","02064000",427385214.956092
"93",2004,2008,219.227164265211,220.275875086338,215.956346931325,0.0103119041832948,5.07606064999145,"usgs_ws_01666500","01666500",464293046.257376
"94",2004,2008,213.157462778748,212.786517086571,211.330253882055,0.00454670473687917,0.932832596587322,"usgs_ws_02051000","02051000",144937406.448347
"95",2004,2008,210.293292557752,215.626233568429,206.012465085254,0.0228654500910172,23.1983813534565,"usgs_ws_01671025","01671025",1207710904.84417
"96",2004,2008,205.856871609588,207.044810018472,206.189067378782,0.00296998014397372,0.375641192959434,"usgs_ws_02062500","02062500",6223099594.926
"97",2004,2008,257.798111617495,254.229639828135,NA,NA,NA,"usgs_ws_02027500","02027500",123527986.977875
"98",2004,2008,223.305738916865,218.382995396411,217.929201415141,0.013561448879739,8.89108137550785,"usgs_ws_02075500","02075500",6698712228.55323
"99",2004,2008,NA,250.461802910556,NA,NA,NA,"usgs_ws_02011490","02011490",12689912.2379998
"100",2004,2008,187.338491224833,194.444285760682,187.88538885963,0.0208232973225367,15.6350902612122,"usgs_ws_01634000","01634000",1994017493.52069
"101",2004,2008,233.371508940963,239.718825430637,229.59452555578,0.0218429643909335,26.1759130113456,"usgs_ws_02042500","02042500",651065126.134058
"102",2004,2008,210.700512314537,218.936426507935,209.299974343582,0.0244466124970172,27.1088332541597,"usgs_ws_02035000","02035000",16184361368.2907
"103",2004,2008,213.403775284731,212.212965313312,203.030333608324,0.0270899061880054,32.224507605214,"usgs_ws_02077000","02077000",1416008028.38206
"104",2004,2008,204.184593746888,222.695165895701,199.462480544327,0.0588146580106523,150.782883835024,"usgs_ws_02013100","02013100",1583226778.02646
"105",2004,2008,224.498093797926,239.021817179475,226.390372250735,0.0343345211640345,62.3454432657499,"usgs_ws_01665500","01665500",296487823.971996
"106",2004,2008,210.052408089377,213.873329020655,220.17419369715,0.0238065994951149,26.1251460540483,"usgs_ws_01638480","01638480",231530033.229766
"107",2004,2008,220.014565782135,238.241673025199,NA,NA,NA,"usgs_ws_01626000","01626000",328514897.362503
"108",2004,2008,206.365340777072,206.226651611474,219.01314188908,0.0348757849658818,53.9134068788109,"usgs_ws_02061500","02061500",814828423.80029
"109",2004,2008,205.734119420591,221.760935787558,207.306372209722,0.0417497318602618,78.0442049865153,"usgs_ws_02025500","02025500",8428090228.51836
"110",2004,2008,227.232336225848,230.293389548457,206.318689243649,0.0589666370364838,170.256155374211,"usgs_ws_03490000","03490000",1738263722.03573
"111",2004,2008,226.832586049216,233.070860967142,211.546765153827,0.0494799378124301,122.643182496389,"usgs_ws_03473000","03473000",785212583.985672
"112",2004,2008,208.66167652826,205.907515271983,200.403754674662,0.020510961635116,17.6783430463873,"usgs_ws_02039500","02039500",782176002.350829
"113",2004,2008,222.537589128331,224.657175368801,NA,NA,NA,"usgs_ws_03471500","03471500",198287155.934274
"114",2004,2008,195.968146580374,204.658712337683,195.059816618333,0.02668790883071,28.0816325888342,"usgs_ws_01632000","01632000",542767682.476967
"115",2004,2008,206.414148066675,207.669936252864,196.171012756437,0.0310086112185826,39.787344421522,"usgs_ws_02017500","02017500",271938885.682366
"116",2004,2008,218.650944876115,237.194792026875,203.61245640736,0.0765247809086149,282.967278039556,"usgs_ws_01626850","01626850",382484766.219302
"117",2004,2008,227.699350300066,237.669298927206,199.53832428607,0.0892251131849915,391.069081478627,"usgs_ws_03209200","03209200",1362554358.44218
"118",2004,2008,213.24790719634,212.288157092548,209.143242917753,0.0101488396630642,4.60997904474393,"usgs_ws_02079500","02079500",20366675573.7567
"119",2004,2008,186.814467616208,203.778680257791,193.253603569488,0.0440032803204809,73.3373702780564,"usgs_ws_02054500","02054500",658458238.142593
"120",2004,2008,218.202631119323,241.1867743245,NA,NA,NA,"usgs_ws_02022500","02022500",90906193.368695
"121",2004,2008,226.132981901783,246.840447315261,199.39719035159,0.106126178181603,565.744050831112,"usgs_ws_03208950","03208950",172188912.950058
"122",2004,2008,221.540438634895,213.421735266075,207.27804106394,0.0334171858330164,51.1790512187061,"usgs_ws_01643700","01643700",315311574.332072
"123",2004,2008,209.342666321314,212.231693354914,198.6456584497,0.0346193122956132,51.2254665086547,"usgs_ws_02018000","02018000",851865579.038167
"124",2004,2008,233.995910398358,248.262388474462,228.828250043566,0.0424665909202515,101.32047446494,"usgs_ws_02049500","02049500",1587615689.12163
"125",2004,2008,229.728103108509,222.938849279499,242.831665249763,0.0436178474128862,102.25357259521,"usgs_ws_02072500","02072500",669886699.671033
"126",2004,2008,207.901269880834,210.934460920108,NA,NA,NA,"usgs_ws_01638350","01638350",81829833.9597626
"127",2004,2008,216.758984187666,219.701280661311,205.749340435293,0.0343552870207098,54.0876666938954,"usgs_ws_01674000","01674000",663316340.43919
"128",2004,2008,189.404678607782,218.87119668627,196.170606588238,0.0766055343435408,238.228376650894,"usgs_ws_01625000","01625000",964748478.119823
"129",2004,2008,222.68189728645,218.117973911725,216.365527056425,0.0148857618822659,10.6328332389619,"usgs_ws_02076000","02076000",7150792121.92409
"130",2004,2008,222.185155598335,236.595827514116,213.931605680485,0.0511540357551389,131.575917105794,"usgs_ws_03521500","03521500",355023859.517368
"131",2004,2008,222.589756170234,234.351891622992,NA,NA,NA,"usgs_ws_01654000","01654000",61781349.3063163
"132",2004,2008,210.293292557752,215.430017144449,206.012465085254,0.022391895393662,22.2336183527542,"usgs_ws_01671020","01671020",1195019430.59464
"133",2004,2008,215.024341778528,215.979367664734,208.348559752256,0.0195078868513975,17.2845615837935,"usgs_ws_01672500","01672500",1022231010.17991
"134",2004,2008,227.37183595782,243.416958275402,200.649476460895,0.096530408873097,466.764658003885,"usgs_ws_03209000","03209000",572746327.341673
"135",2004,2008,214.571553028421,228.344915137712,NA,NA,NA,"usgs_ws_01636210","01636210",36245223.4625335
"136",2004,2008,208.4226965898,220.584006340732,205.52199680859,0.0377827276884143,63.8626075375293,"usgs_ws_01644280","01644280",197014722.305778
"137",2004,2008,197.463406720227,216.51276796215,195.824324327755,0.0565786057529512,132.262742471352,"usgs_ws_01631000","01631000",4230045448.71749
"138",2004,2008,196.512952485545,223.52406556411,202.381200624372,0.0684771504727476,201.842883970323,"usgs_ws_03170000","03170000",800468899.861655
"139",2004,2008,226.565796352329,227.311228184547,214.30702911156,0.0327857641768137,53.3237060682852,"usgs_ws_03488000","03488000",572312493.930823
"140",2004,2008,205.372223822692,213.805873873115,NA,NA,NA,"usgs_ws_01643805","01643805",98653506.585549
"141",2004,2008,207.474138159641,226.629537731395,198.238120171887,0.0687047662764786,209.717658676998,"usgs_ws_03176500","03176500",9794840721.79541
"142",2004,2008,210.083023339141,207.885576463486,199.22035167342,0.0279167033009951,32.9854215251614,"usgs_ws_02039000","02039000",180131274.456192
"143",2004,2008,215.983963521529,239.266848194743,204.991774910169,0.0795205893528883,306.283596306131,"usgs_ws_03168000","03168000",5726801560.68145
"144",2004,2008,220.549867939539,225.495496513498,218.172139466435,0.016873811107512,13.9573988536914,"usgs_ws_02032640","02032640",280429242.505543
"145",2004,2008,192.370751277716,197.255563965372,NA,NA,NA,"usgs_ws_01615000","01615000",150507297.201678
"146",2004,2008,206.21964239786,220.229026043318,207.70069089847,0.0364101328354627,59.2359193814092,"usgs_ws_02026000","02026000",9444441426.31322
"147",2004,2008,229.666376174013,253.83778241211,215.564211680202,0.0830660509634916,374.665689917998,"usgs_ws_03164000","03164000",2954905986.34597
"148",2004,2008,212.115498323622,224.711017564846,217.348956253897,0.0290182045569031,40.0393556016997,"usgs_ws_02024000","02024000",1673771710.86912
"149",2004,2008,204.613533112275,221.194103073406,206.437336405532,0.0431422421609106,82.6672868630924,"usgs_ws_02024752","02024752",7961404152.46684
"150",2004,2008,222.966686096662,218.385978660703,215.31744529273,0.0175862345722671,14.8182770867913,"usgs_ws_02058400","02058400",909415393.031254
"151",2004,2008,252.758441041179,279.299924672671,223.486701391415,0.11085138583034,779.400164754613,"usgs_ws_03529500","03529500",290185382.705737
"152",2004,2008,212.862127081771,211.071437922572,205.3614852688,0.0186745354244453,15.3449590966135,"usgs_ws_02040000","02040000",1877236920.11687
"153",2004,2008,216.564086777126,217.134110841106,216.75017466851,0.0013406671940423,0.0844938535773456,"usgs_ws_02034000","02034000",1715497565.62336
"154",2004,2008,188.497773724211,201.404121559011,185.71937194195,0.0436205284135751,70.0507835743986,"usgs_ws_01632900","01632900",242136650.317969
"155",2004,2008,201.783662541055,209.775407273363,191.023413388808,0.0468483414305176,88.5480367218631,"usgs_ws_03173000","03173000",773227016.28835
"156",2004,2008,237.109484628331,232.240888088859,NA,NA,NA,"usgs_ws_01673550","01673550",66078662.1987425
"157",2004,2008,NA,231.24264452109,NA,NA,NA,"usgs_ws_01645784","01645784",2042210.76794874
"158",2004,2008,217.196239404001,221.241672818874,194.46706957909,0.0684128703779934,208.310011848613,"usgs_ws_03478400","03478400",69749571.750196
"159",2004,2008,216.661523797835,219.246166451838,234.005561402305,0.0419030410141937,87.5559595630072,"usgs_ws_02061000","02061000",294024722.017034
"160",2004,2008,227.892041319787,237.026712505343,232.51865705607,0.0196467686736526,20.861725795528,"usgs_ws_02046000","02046000",291446814.970076
"161",2004,2008,219.58591676458,235.298911839138,233.66262617775,0.037637394864905,74.6215654802646,"usgs_ws_02047000","02047000",3730477372.58245
"162",2004,2008,201.804150533692,202.20326454329,212.561253562543,0.0296739103854598,37.1937490148181,"usgs_ws_02059500","02059500",485703761.838651
"163",2004,2008,231.100705634213,225.565792482962,220.401395919577,0.0237083638668939,28.6302473042529,"usgs_ws_02041000","02041000",408541002.191427
"164",2004,2008,192.386914440502,198.771837026047,195.35786927272,0.0163423592551316,10.2081641432074,"usgs_ws_01616100","01616100",28446307.5602715
"165",2004,2008,221.566957513266,226.032760239552,213.06791856413,0.0299067895199886,43.3773627862998,"usgs_ws_01674500","01674500",1559335859.90549
"166",2004,2008,217.889016158152,229.895643494949,NA,NA,NA,"usgs_ws_01658500","01658500",19725900.3190089
"167",2004,2008,217.367030388165,238.956089676173,209.606114499577,0.0685127902347697,231.290056539619,"usgs_ws_03207800","03207800",768290208.766574
"168",2004,2008,223.017344390828,214.529021755571,NA,NA,NA,"usgs_ws_01643590","01643590",20399448.1462486
"169",2004,2008,189.074702628338,202.676409210891,193.910424265378,0.0353182276706479,47.5388529622951,"usgs_ws_02055000","02055000",993928750.789965
"170",2004,2008,206.472778242254,218.58904936089,210.271043992497,0.0292620297825891,38.4033436397296,"usgs_ws_02020500","02020500",364961358.476462
"171",2004,2008,216.441315093169,223.78912737398,220.11273303404,0.0166908959957587,13.4975883922228,"usgs_ws_02030000","02030000",299384470.642828
"172",2004,2008,207.252303316989,212.203697825537,212.04189796713,0.0133641530117842,7.9137839476849,"usgs_ws_01662800","01662800",66665826.823936
"173",2004,2008,215.622478547588,219.913347049972,NA,NA,NA,"usgs_ws_01670300","01670300",14451379.0095834
"174",2004,2008,215.768449950522,227.028834334963,229.687999031453,0.0329646814211516,54.603543330808,"usgs_ws_02045500","02045500",1493310197.58654
"175",2004,2008,220.326829742684,240.457618193007,208.82877812181,0.0717260327074051,256.306226492877,"usgs_ws_02011470","02011470",195632586.421466
"176",2004,2008,193.534828996475,200.476045009932,197.80281941189,0.0177471815592564,12.2570595049275,"usgs_ws_01636316","01636316",55343159.3744726
"177",2004,2008,193.863821136724,208.800622106618,185.68303727666,0.0597716805507545,137.409329358265,"usgs_ws_01634500","01634500",264227056.477521
"178",2004,2008,211.22130302203,222.053872296469,200.47771455712,0.0510677408590867,116.383305497019,"usgs_ws_03474000","03474000",341053098.204821
"179",2004,2008,252.191463656254,236.174803111393,247.052174746685,0.0333599681677712,66.8771531996,"usgs_ws_02069700","02069700",221502850.269753
"180",2004,2008,214.826791133114,215.061379349097,214.641795434066,0.000978759087668028,0.0442176169162411,"usgs_ws_01644000","01644000",858758018.70125
"181",2004,2008,232.510361837822,243.924813452556,232.48209010719,0.0279227782511402,43.5377370857383,"usgs_ws_02038000","02038000",85695863.4688673
"182",2004,2008,199.116970749434,217.073689333712,196.625525915904,0.054614917715344,124.463071139146,"usgs_ws_01638500","01638500",24734568589.6518
"183",2004,2008,209.218598000462,221.035392516175,203.158799994407,0.0430595158001933,82.6550574483527,"usgs_ws_02077303","02077303",526773223.247774
"184",2004,2008,226.037437289808,223.008416499369,NA,NA,NA,"usgs_ws_02071000","02071000",2710709999.84841
"185",2004,2008,254.224201150713,246.946793684917,240.155859342887,0.0284715407870845,49.4992816471366,"usgs_ws_02068500","02068500",321904888.090359
"186",2004,2008,229.028161376258,220.874741775254,226.846653501064,0.0187114932422586,17.8168262434044,"usgs_ws_02074000","02074000",1408838904.68747
"187",2004,2008,253.928882108054,280.317097836319,239.65539713038,0.0799692819639805,425.574034504794,"usgs_ws_03161000","03161000",533712043.008783
"188",2004,2008,217.238532679849,227.57108414501,230.76180177666,0.0313910225405652,49.970184308317,"usgs_ws_02052500","02052500",179871003.549627
