"","start_year","end_year","prism_precip","daymet_precip","nldas_precip","daymet_ndays_with_data","prism_ndays_with_data","nldas2_ndays_with_data","daymet_missing","prism_missing","nldas2_missing","var","CV","nldas2_dif_from_mean","prism_dif_from_mean","daymet_dif_from_mean","hydrocode"
"1",2004,2008,200.287648210205,217.595638918663,200.61160495563,1826,1827,1827,0,0,0,98.0214833324071,0.0480226113877605,-5.55335907253621,-5.87731581796086,11.4306748904971,"usgs_ws_02019500"
"2",2004,2008,194.495466617988,209.359806637422,191.968094476363,1826,1827,1827,0,0,0,88.3013110081193,0.0473137421364157,-6.639694767561,-4.11232262593651,10.7520173934975,"usgs_ws_01622000"
"3",2004,2008,210.744934240269,232.83035985266,200.24352151727,1826,1827,1827,0,0,0,276.657954392671,0.0775049018541507,-14.3627503527962,-3.86133762979722,18.2240879825934,"usgs_ws_02011400"
"4",2004,2008,195.265893055566,219.019882174163,NA,1826,1827,0,0,0,1827,NA,NA,NA,NA,NA,"usgs_ws_03473500"
"5",2004,2008,209.123743329598,212.540373607287,204.24726383677,1826,1827,1827,0,0,0,17.3715140607047,0.019976860758702,-4.38986308778152,0.486616405046419,3.90324668273507,"usgs_ws_01670400"
"6",2004,2008,224.646617644904,226.472035991748,216.86071159291,1826,1827,1827,0,0,0,26.0550069818612,0.0229247075931873,-5.799076816944,1.98682923505018,3.81224758189379,"usgs_ws_02036500"
"7",2004,2008,205.811166639131,210.693632005678,201.65741991857,1826,1827,1827,0,0,0,20.4575347928823,0.0219505519969759,-4.3966529358897,-0.242906215328389,4.63955915121812,"usgs_ws_01656000"
"8",2004,2008,214.376705849621,222.764687242226,212.63672505999,1826,1827,1827,0,0,0,29.3268971592965,0.0250028336158969,-3.95598099062229,-2.21600020099143,6.17198119161375,"usgs_ws_01671100"
"9",2004,2008,216.665809732527,208.323902403203,199.10158782976,1826,1827,1827,0,0,0,77.190065838701,0.0422331847242013,-8.92884549207002,8.63537641069692,0.293469081373104,"usgs_ws_02065500"
"10",2004,2008,207.756574088732,229.682067456506,203.376176096042,1826,1827,1827,0,0,0,198.652511043868,0.0659835593254066,-10.228763117718,-5.8483651250281,16.0771282427461,"usgs_ws_02011800"
"11",2004,2008,208.475178824837,227.579309806044,201.66350541117,1826,1827,1827,0,0,0,180.499272112496,0.0632019256734191,-10.9091592695138,-4.09748585584686,15.0066451253606,"usgs_ws_02012500"
"12",2004,2008,231.435337043294,251.839322082518,229.822341623682,1826,1827,1827,0,0,0,150.611964704883,0.0516300305250408,-7.87665862614901,-6.26366320653742,14.1403218326864,"usgs_ws_02047500"
"13",2004,2008,205.889086816941,208.24984986157,200.80043914084,1826,1827,1827,0,0,0,14.49354290175,0.0185727508256034,-4.17935279894368,0.909294877157407,3.27005792178625,"usgs_ws_02038850"
"14",2004,2008,218.872893734914,223.663405858852,225.24781848415,1826,1827,1827,0,0,0,11.016505889202,0.0149110114668427,2.65311245817784,-3.72181229105769,1.06869983287984,"usgs_ws_02044500"
"15",2004,2008,211.599563219136,210.874540280444,201.48388439179,1826,1827,1827,0,0,0,31.8395057364622,0.0271299544413183,-6.50211157200025,3.61356725534625,2.88854431665402,"usgs_ws_02056650"
"16",2004,2008,227.877973457197,237.79763544041,229.654181099805,1826,1827,1827,0,0,0,27.9784093413977,0.0228213813616676,-2.12241556599884,-3.89862320860726,6.0210387746061,"usgs_ws_01669520"
"17",2004,2008,224.007202053749,230.228785046877,NA,1826,1827,0,0,0,1827,NA,NA,NA,NA,NA,"usgs_ws_03177710"
"18",2004,2008,200.926433777979,214.589138075303,193.47641943784,1826,1827,1827,0,0,0,114.653181774846,0.0527476030287578,-9.520910992534,-2.07089665239508,11.5918076449291,"usgs_ws_01613900"
"19",2004,2008,221.860635554719,220.741103123314,215.420044433574,1826,1827,1827,0,0,0,11.8413720723996,0.0156885207963324,-3.92054993696166,2.5200411841835,1.40050875277814,"usgs_ws_02041650"
"20",2004,2008,195.725350272316,217.591008049305,194.284074343635,1826,1827,1827,0,0,0,170.566237513906,0.064483665288635,-8.24940321145019,-6.80812728276905,15.0575304942192,"usgs_ws_01628500"
"21",2004,2008,210.132525056487,224.815940184259,216.7405613593,1826,1827,1827,0,0,0,54.0800944600645,0.0338531875477853,-0.489114174048638,-7.09715047686183,7.58626465091046,"usgs_ws_02021500"
"22",2004,2008,231.44517052476,224.301933869793,242.831665249763,1826,1827,1827,0,0,0,87.3381728408713,0.0401335819711408,9.97207536832443,-1.41441935667893,-8.55765601164546,"usgs_ws_02072000"
"23",2004,2008,189.827138409309,196.663358816844,189.411805530351,1826,1827,1827,0,0,0,16.5819059879293,0.0212123929646718,-2.55562872181676,-2.14029584285893,4.69592456467569,"usgs_ws_01633000"
"24",2004,2008,190.56789411219,210.216642414937,183.872340432743,1826,1827,1827,0,0,0,187.487665978024,0.0702597408583536,-11.0132852205475,-4.31773154109982,15.3310167616473,"usgs_ws_03167000"
"25",2004,2008,237.4822035837,251.428606361984,213.92213126592,1826,1827,1827,0,0,0,359.385805367463,0.0809188321590562,-20.3555158046144,3.20455651316524,17.1509592914492,"usgs_ws_03208800"
"26",2004,2008,213.11723575944,222.66687037815,201.35904967871,1826,1827,1827,0,0,0,113.912280703235,0.0502538693148381,-11.0220022600566,0.73618382067329,10.2858184393832,"usgs_ws_03475000"
"27",2004,2008,228.090310152966,231.2525728942,251.80327376897,1826,1827,1827,0,0,0,165.772642590471,0.0543148791630039,14.7545548302582,-8.9584087857462,-5.796146044512,"usgs_ws_02032250"
"28",2004,2008,186.738780499845,203.386851774405,193.253603569488,1826,1827,1827,0,0,0,70.3806526623393,0.0431416680035147,-1.20614171175816,-7.72096478140088,8.92710649315907,"usgs_ws_02054530"
"29",2004,2008,207.782712308434,219.50161696667,195.2456959838,1826,1827,1827,0,0,0,147.143201240036,0.0584562635192538,-12.2643124358349,0.272703888799441,11.9916085470354,"usgs_ws_02014000"
"30",2004,2008,219.913533015795,226.09525733062,219.435071906948,1826,1827,1827,0,0,0,13.800118402475,0.0167475482365642,-2.37954884417272,-1.90108773532575,4.28063657949846,"usgs_ws_01663500"
"31",2004,2008,196.304847456968,217.361409321721,194.896415330247,1826,1827,1827,0,0,0,158.339738942792,0.062031303427041,-7.95780870606518,-6.54937657934408,14.5071852854093,"usgs_ws_01629500"
"32",2004,2008,222.174475025205,240.594932098194,205.025215623237,1826,1827,1827,0,0,0,316.435844487105,0.0799136879296402,-17.5729919589749,-0.423732557006957,17.9967245159819,"usgs_ws_03527000"
"33",2004,2008,213.466939535311,224.947759153028,NA,1826,1827,0,0,0,1827,NA,NA,NA,NA,NA,"usgs_ws_01636690"
"34",2004,2008,204.828622835708,204.327023443783,213.628018246207,1826,1827,1827,0,0,0,27.3649109758321,0.0251988697622845,6.03346340430738,-2.76593200619143,-3.26753139811595,"usgs_ws_02059485"
"35",2004,2008,208.652694585324,218.908377043293,220.10464360335,1826,1827,1827,0,0,0,39.6262021121458,0.0291582578381791,4.21607185936099,-7.23587715866506,3.0198052993041,"usgs_ws_02052000"
"36",2004,2008,216.458828916464,234.872692048222,205.19715017648,1826,1827,1827,0,0,0,224.422258143212,0.0684542665916126,-13.6457402039087,-2.38406146392498,16.0298016678336,"usgs_ws_01627500"
"37",2004,2008,211.203693300159,219.219289609891,209.98145392428,1826,1827,1827,0,0,0,25.1802102411476,0.0235069670490417,-3.48669168716305,-2.26445231128463,5.7511439984477,"usgs_ws_02037500"
"38",2004,2008,238.526690252038,250.700905703207,NA,1826,1827,0,0,0,1827,NA,NA,NA,NA,NA,"usgs_ws_03208700"
"39",2004,2008,188.012797070057,214.661213789648,207.14735201699,1826,1827,1827,0,0,0,188.787904236129,0.0675936195791692,3.87356439142471,-15.2609905555078,11.3874261640832,"usgs_ws_02053800"
"40",2004,2008,222.177482238591,236.197070551392,NA,1826,1827,0,0,0,1827,NA,NA,NA,NA,NA,"usgs_ws_01652500"
"41",2004,2008,195.570140073536,214.033917194857,194.326755855027,1826,1827,1827,0,0,0,121.804879662462,0.054823456066035,-6.98351518611332,-5.74013096760387,12.7236461537172,"usgs_ws_02013000"
"42",2004,2008,205.975862225067,207.955472311973,206.0101864065,1826,1827,1827,0,0,0,1.28402858327427,0.00548350035625649,-0.636987241346731,-0.671311422779809,1.30829866412657,"usgs_ws_02060500"
"43",2004,2008,194.498775086367,202.798246713897,195.956922253689,1826,1827,1827,0,0,0,19.6351904712641,0.0224077463534973,-1.7943924309622,-3.25253959828385,5.04693202924602,"usgs_ws_02056000"
"44",2004,2008,224.667544822753,219.803339771904,221.720891730143,1826,1827,1827,0,0,0,6.00337678957287,0.0110336648568253,-0.343033711457053,2.60361938115295,-2.2605856696959,"usgs_ws_02075045"
"45",2004,2008,191.673103299321,221.715671908618,202.464546830796,1826,1827,1827,0,0,0,231.602833149891,0.0741337382225031,-2.81989384878216,-13.6113373802578,16.43123122904,"usgs_ws_02016000"
"46",2004,2008,212.056600216533,218.273661023376,211.360127111951,1826,1827,1827,0,0,0,14.4889785009702,0.017795680688988,-2.53666900533543,-1.84019590075414,4.37686490608959,"usgs_ws_01668000"
"47",2004,2008,238.784362183068,247.380957949209,NA,1826,1827,0,0,0,1827,NA,NA,NA,NA,NA,"usgs_ws_01661800"
"48",2004,2008,223.654727024778,233.617383366732,NA,1826,1827,0,0,0,1827,NA,NA,NA,NA,NA,"usgs_ws_01669000"
"49",2004,2008,228.962088113115,221.310751876034,234.52189042128,1826,1827,1827,0,0,0,43.9980882634085,0.0290588048447851,6.25698028447036,0.697177976305767,-6.9541582607761,"usgs_ws_02073000"
"50",2004,2008,230.981296037894,222.151071790052,237.73160081594,1826,1827,1827,0,0,0,61.048726598372,0.0339286841201023,7.44361126797804,0.69330648993207,-8.13691775791008,"usgs_ws_02070000"
"51",2004,2008,207.653834045984,206.897678492,205.094964618752,1826,1827,1827,0,0,0,1.72822687937295,0.00636469574250866,-1.45386110015949,1.10500832707177,0.348852773087714,"usgs_ws_02066000"
"52",2004,2008,204.613929315114,215.776033087501,220.17419369715,1826,1827,1827,0,0,0,64.343034168777,0.0375672486851283,6.65280833056167,-8.90745605147433,2.25464772091266,"usgs_ws_01638420"
"53",2004,2008,176.315179542064,195.595727839143,184.23440263613,1826,1827,1827,0,0,0,93.922224569703,0.0522777828853359,-1.14736736964917,-9.06659046371502,10.2139578333642,"usgs_ws_01632082"
"54",2004,2008,199.519539127679,221.205029809238,199.974310656388,1826,1827,1827,0,0,0,153.535126498418,0.0598886011063841,-6.92531587471399,-7.38008740342244,14.3054032781364,"usgs_ws_02016500"
"55",2004,2008,235.391247813331,231.369771538553,241.87586683337,1826,1827,1827,0,0,0,28.100098934574,0.0224414763642782,5.66357143828563,-0.821047581753817,-4.84252385653178,"usgs_ws_02028500"
"56",2004,2008,192.118144334389,213.059743624943,191.041856443387,1826,1827,1827,0,0,0,154.08272206836,0.0624585462768306,-7.69805835751944,-6.62177046651709,14.3198288240365,"usgs_ws_01635500"
"57",2004,2008,209.316983510572,220.542912762371,210.313062686903,1826,1827,1827,0,0,0,38.610582309739,0.0291190434849686,-3.07792363304543,-4.07400280937634,7.1519264424218,"usgs_ws_02029000"
"58",2004,2008,218.048267610016,231.819206558678,NA,1826,1827,0,0,0,1827,NA,NA,NA,NA,NA,"usgs_ws_01620500"
"59",2004,2008,280.324767279636,239.320389683789,NA,1826,1827,0,0,0,1827,NA,NA,NA,NA,NA,"usgs_ws_02071530"
"60",2004,2008,221.217525307328,240.766389586924,208.82877812181,1826,1827,1827,0,0,0,259.275029590894,0.0720112466274317,-14.775452883544,-2.38670569802633,17.1621585815703,"usgs_ws_02011460"
"61",2004,2008,212.900013260389,217.963834985928,209.484479726468,1826,1827,1827,0,0,0,18.2012709009216,0.0199873782648818,-3.96496293112716,-0.549429397206296,4.51439232833349,"usgs_ws_01673000"
"62",2004,2008,210.980175304427,229.054866220942,205.51368184347,1826,1827,1827,0,0,0,151.794060730063,0.0572558172086412,-9.66922594614297,-4.20273248518612,13.8719584313291,"usgs_ws_01646000"
"63",2004,2008,213.372011517421,211.348000791183,214.34309212316,1826,1827,1827,0,0,0,2.33503150827613,0.00717338074214336,1.32205731257193,0.350976706833421,-1.67303401940538,"usgs_ws_01643880"
"64",2004,2008,226.742401869934,251.192132781817,211.299272073986,1826,1827,1827,0,0,0,404.61998916873,0.0875544754498511,-18.4453301679262,-3.00220037197849,21.4475305399047,"usgs_ws_03165500"
"65",2004,2008,212.584583274903,234.41261298481,204.728824464267,1826,1827,1827,0,0,0,236.550521406642,0.0707975369176362,-12.5131824437265,-4.65742363309062,17.1706060768171,"usgs_ws_02011500"
"66",2004,2008,245.068088440777,271.374492002485,226.277793449785,1826,1827,1827,0,0,0,513.135712425503,0.0914980919963584,-21.2956645145639,-2.50536952357203,23.801034038136,"usgs_ws_03531500"
"67",2004,2008,211.41124578988,220.502994253314,212.746664095735,1826,1827,1827,0,0,0,24.1006482812199,0.0228456902489408,-2.14030395057458,-3.47572225642941,5.61602620700401,"usgs_ws_03175500"
"68",2004,2008,214.954197284604,220.282846186013,212.60463842849,1826,1827,1827,0,0,0,15.4783000500856,0.0182185579531125,-3.34258887121231,-0.993030015098242,4.33561888631056,"usgs_ws_01667500"
"69",2004,2008,213.368378990751,219.786204673364,210.19935760208,1826,1827,1827,0,0,0,23.8564699704058,0.0227758387684848,-4.25195615331819,-1.08293476464721,5.3348909179654,"usgs_ws_01673800"
"70",2004,2008,204.492000189262,215.207811678486,NA,1826,1827,0,0,0,1827,NA,NA,NA,NA,NA,"usgs_ws_02018500"
"71",2004,2008,223.537797792509,267.569711603549,205.56421336682,1826,1827,1827,0,0,0,1017.75683042587,0.137377334081264,-26.6596942208059,-8.68610979511709,35.345804015923,"usgs_ws_03524500"
"72",2004,2008,201.94623597365,207.178440718243,NA,1826,1827,0,0,0,1827,NA,NA,NA,NA,NA,"usgs_ws_02079640"
"73",2004,2008,241.154615731381,238.500658096264,245.10274652864,1826,1827,1827,0,0,0,11.0364665983627,0.0137512839934627,3.51673974321159,-0.431391054046941,-3.08534868916462,"usgs_ws_02027000"
"74",2004,2008,213.493888258612,217.274382615165,211.277592436295,1826,1827,1827,0,0,0,9.19426620022302,0.0141681693536798,-2.73769533372902,-0.521399511411857,3.25909484514088,"usgs_ws_02056900"
"75",2004,2008,221.50780219683,258.9466290342,200.69504538314,1826,1827,1827,0,0,0,871.347266500134,0.130009313192506,-26.3547801549167,-5.54202334122661,31.8968034961433,"usgs_ws_03165000"
"76",2004,2008,228.074882718147,233.783672448545,198.79755616952,1826,1827,1827,0,0,0,352.296743718383,0.0852314962257464,-21.4211476092173,7.85617893940946,13.5649686698079,"usgs_ws_03208500"
"77",2004,2008,NA,237.524459013349,NA,1826,0,0,0,1827,1827,NA,NA,NA,NA,NA,"usgs_ws_01654500"
"78",2004,2008,208.930856341797,211.54057845437,196.8571535469,1826,1827,1827,0,0,0,61.364652616277,0.0380683457635674,-8.91904256745562,3.15466022744141,5.76438234001424,"usgs_ws_02030500"
"79",2004,2008,210.595389503547,233.764452680808,201.437895535203,1826,1827,1827,0,0,0,277.611913530044,0.0774005033916021,-13.828017037983,-4.67052306963924,18.4985401076222,"usgs_ws_03171000"
"80",2004,2008,233.877734764129,265.419189239983,NA,1826,1827,0,0,0,1827,NA,NA,NA,NA,NA,"usgs_ws_02024915"
"81",2004,2008,223.184781999475,235.911331243974,210.67500409065,1826,1827,1827,0,0,0,159.221967865069,0.0565192425369562,-12.5820350207164,-0.0722571118915312,12.654292132608,"usgs_ws_03524000"
"82",2004,2008,206.862214953004,215.647916362512,217.68258676829,1826,1827,1827,0,0,0,33.0681465230331,0.0269473120449715,4.28501407368785,-6.53535774159772,2.25034366790985,"usgs_ws_02051500"
"83",2004,2008,214.761817322757,220.512745313082,215.24476154349,1826,1827,1827,0,0,0,10.1763434778213,0.0147114991539909,-1.5950131829529,-2.07795740368607,3.672970586639,"usgs_ws_01664000"
"84",2004,2008,221.607676367878,214.943380436716,207.736838555785,1826,1827,1827,0,0,0,48.1245379581827,0.0323016397373087,-7.02579323100795,6.84504458108486,0.180748649923117,"usgs_ws_02074500"
"85",2004,2008,195.914121905706,204.015726985041,206.57953281273,1826,1827,1827,0,0,0,30.9933491665458,0.0275370863316907,4.40973891157111,-6.25567199545316,1.84593308388204,"usgs_ws_02055100"
"86",2004,2008,207.801207855589,219.555216231899,204.864629524478,1826,1827,1827,0,0,0,60.4322571688971,0.0368881358261138,-5.87572167951095,-2.93914334839948,8.81486502791043,"usgs_ws_02077500"
"87",2004,2008,219.939694067201,224.002572613595,228.99283231748,1826,1827,1827,0,0,0,20.5614976956055,0.0202150791712933,4.681132651388,-4.37200559889106,-0.309127052496905,"usgs_ws_02031000"
"88",2004,2008,211.470185142728,226.709441487805,NA,1826,1827,0,0,0,1827,NA,NA,NA,NA,NA,"usgs_ws_01660400"
"89",2004,2008,226.151112866215,237.056078787278,220.56136713457,1826,1827,1827,0,0,0,70.3731752649969,0.0368057524790152,-7.36148579478424,-1.77174006313962,9.13322585792389,"usgs_ws_01653000"
"90",2004,2008,195.158384624726,230.965023187041,199.279700130665,1826,1827,1827,0,0,0,383.843383969771,0.0939806077716005,-9.1880025168125,-13.309318022751,22.4973205395635,"usgs_ws_02015700"
"91",2004,2008,177.705253028124,197.65810189268,189.8501812592,1826,1827,1827,0,0,0,101.096514028088,0.0533674916644927,1.44566919919885,-10.6992590318775,9.25358983267859,"usgs_ws_01621050"
"92",2004,2008,217.195396093708,203.927438742163,197.116175996483,1826,1827,1827,0,0,0,104.26784536432,0.0495495881201641,-8.96349428096821,11.1157258162569,-2.15223153528868,"usgs_ws_02064000"
"93",2004,2008,219.227164265211,220.275875086338,215.956346931325,1826,1827,1827,0,0,0,5.07606064999145,0.0103119041832948,-2.53011516296644,0.740702170919946,1.78941299204646,"usgs_ws_01666500"
"94",2004,2008,213.157462778748,212.786517086571,211.330253882055,1826,1827,1827,0,0,0,0.932832596587322,0.00454670473687917,-1.09449070040279,0.732718196289937,0.361772504112849,"usgs_ws_02051000"
"95",2004,2008,210.293292557752,215.626233568429,206.012465085254,1826,1827,1827,0,0,0,23.1983813534565,0.0228654500910172,-4.6315319852244,-0.350704512726082,4.98223649795048,"usgs_ws_01671025"
"96",2004,2008,205.856871609588,207.044810018472,206.189067378782,1826,1827,1827,0,0,0,0.375641192959434,0.00296998014397372,-0.174515623498934,-0.50671139269258,0.681227016191514,"usgs_ws_02062500"
"97",2004,2008,257.798111617495,254.229639828135,NA,1826,1827,0,0,0,1827,NA,NA,NA,NA,NA,"usgs_ws_02027500"
"98",2004,2008,223.305738916865,218.382995396411,217.929201415141,1826,1827,1827,0,0,0,8.89108137550785,0.013561448879739,-1.94344382766454,3.43309367405914,-1.4896498463946,"usgs_ws_02075500"
"99",2004,2008,NA,250.461802910556,NA,1826,0,0,0,1827,1827,NA,NA,NA,NA,NA,"usgs_ws_02011490"
"100",2004,2008,187.338491224833,194.444285760682,187.88538885963,1826,1827,1827,0,0,0,15.6350902612122,0.0208232973225367,-2.00399975541845,-2.55089739021514,4.55489714563356,"usgs_ws_01634000"
"101",2004,2008,233.371508940963,239.718825430637,229.59452555578,1826,1827,1827,0,0,0,26.1759130113456,0.0218429643909335,-4.63376108668018,-0.856777701496924,5.4905387881771,"usgs_ws_02042500"
"102",2004,2008,210.700512314537,218.936426507935,209.299974343582,1826,1827,1827,0,0,0,27.1088332541597,0.0244466124970172,-3.67899671176903,-2.27845874081453,5.95745545258359,"usgs_ws_02035000"
"103",2004,2008,213.403775284731,212.212965313312,203.030333608324,1826,1827,1827,0,0,0,32.224507605214,0.0270899061880054,-6.5186911271314,3.85475054927514,2.66394057785629,"usgs_ws_02077000"
"104",2004,2008,204.184593746888,222.695165895701,199.462480544327,1826,1827,1827,0,0,0,150.782883835024,0.0588146580106523,-9.31826618464484,-4.59615298208405,13.9144191667289,"usgs_ws_02013100"
"105",2004,2008,224.498093797926,239.021817179475,226.390372250735,1826,1827,1827,0,0,0,62.3454432657499,0.0343345211640345,-3.57972215864373,-5.47200061145247,9.05172277009623,"usgs_ws_01665500"
"106",2004,2008,210.052408089377,213.873329020655,220.17419369715,1826,1827,1827,0,0,0,26.1251460540483,0.0238065994951149,5.47421676142261,-4.64756884634991,-0.826647915072726,"usgs_ws_01638480"
"107",2004,2008,220.014565782135,238.241673025199,NA,1826,1827,0,0,0,1827,NA,NA,NA,NA,NA,"usgs_ws_01626000"
"108",2004,2008,206.365340777072,206.226651611474,219.01314188908,1826,1827,1827,0,0,0,53.9134068788109,0.0348757849658818,8.47809712987117,-4.16970398213672,-4.30839314773445,"usgs_ws_02061500"
"109",2004,2008,205.734119420591,221.760935787558,207.306372209722,1826,1827,1827,0,0,0,78.0442049865153,0.0417497318602618,-4.29410359623472,-5.86635638536603,10.1604599816007,"usgs_ws_02025500"
"110",2004,2008,227.232336225848,230.293389548457,206.318689243649,1826,1827,1827,0,0,0,170.256155374211,0.0589666370364838,-14.9627824290024,5.95086455319651,9.01191787580589,"usgs_ws_03490000"
"111",2004,2008,226.832586049216,233.070860967142,211.546765153827,1826,1827,1827,0,0,0,122.643182496389,0.0494799378124301,-12.2699722362349,3.0158486591541,9.25412357708078,"usgs_ws_03473000"
"112",2004,2008,208.66167652826,205.907515271983,200.403754674662,1826,1827,1827,0,0,0,17.6783430463873,0.020510961635116,-4.58722748363959,3.670694369958,0.916533113681595,"usgs_ws_02039500"
"113",2004,2008,222.537589128331,224.657175368801,NA,1826,1827,0,0,0,1827,NA,NA,NA,NA,NA,"usgs_ws_03471500"
"114",2004,2008,195.968146580374,204.658712337683,195.059816618333,1826,1827,1827,0,0,0,28.0816325888342,0.02668790883071,-3.50240856046349,-2.59407859842278,6.09648715888628,"usgs_ws_01632000"
"115",2004,2008,206.414148066675,207.669936252864,196.171012756437,1826,1827,1827,0,0,0,39.787344421522,0.0310086112185826,-7.24735293555554,2.99578237468327,4.25157056087224,"usgs_ws_02017500"
"116",2004,2008,218.650944876115,237.194792026875,203.61245640736,1826,1827,1827,0,0,0,282.967278039556,0.0765247809086149,-16.2069413627567,-1.16845289400135,17.375394256758,"usgs_ws_01626850"
"117",2004,2008,227.699350300066,237.669298927206,199.53832428607,1826,1827,1827,0,0,0,391.069081478627,0.0892251131849915,-22.0973335517108,6.06369246228536,16.0336410894255,"usgs_ws_03209200"
"118",2004,2008,213.24790719634,212.288157092548,209.143242917753,1826,1827,1827,0,0,0,4.60997904474393,0.0101488396630642,-2.41652615112739,1.68813812745955,0.728388023667804,"usgs_ws_02079500"
"119",2004,2008,186.814467616208,203.778680257791,193.253603569488,1826,1827,1827,0,0,0,73.3373702780564,0.0440032803204809,-1.36198024500789,-7.80111619828764,9.16309644329553,"usgs_ws_02054500"
"120",2004,2008,218.202631119323,241.1867743245,NA,1826,1827,0,0,0,1827,NA,NA,NA,NA,NA,"usgs_ws_02022500"
"121",2004,2008,226.132981901783,246.840447315261,199.39719035159,1826,1827,1827,0,0,0,565.744050831112,0.106126178181603,-24.7263495046213,2.00944204557166,22.7169074590497,"usgs_ws_03208950"
"122",2004,2008,221.540438634895,213.421735266075,207.27804106394,1826,1827,1827,0,0,0,51.1790512187061,0.0334171858330164,-6.80203059103005,7.46036697992531,-0.658336388895293,"usgs_ws_01643700"
"123",2004,2008,209.342666321314,212.231693354914,198.6456584497,1826,1827,1827,0,0,0,51.2254665086547,0.0346193122956132,-8.09434759227597,2.60266027933832,5.49168731293764,"usgs_ws_02018000"
"124",2004,2008,233.995910398358,248.262388474462,228.828250043566,1826,1827,1827,0,0,0,101.32047446494,0.0424665909202515,-8.20059959522891,-3.03293924043751,11.2335388356665,"usgs_ws_02049500"
"125",2004,2008,229.728103108509,222.938849279499,242.831665249763,1826,1827,1827,0,0,0,102.25357259521,0.0436178474128862,10.9987927038397,-2.10476943741475,-8.89402326642494,"usgs_ws_02072500"
"126",2004,2008,207.901269880834,210.934460920108,NA,1826,1827,0,0,0,1827,NA,NA,NA,NA,NA,"usgs_ws_01638350"
"127",2004,2008,216.758984187666,219.701280661311,205.749340435293,1826,1827,1827,0,0,0,54.0876666938954,0.0343552870207098,-8.32052799279705,2.68911575957605,5.631412233221,"usgs_ws_01674000"
"128",2004,2008,189.404678607782,218.87119668627,196.170606588238,1826,1827,1827,0,0,0,238.228376650894,0.0766055343435408,-5.31155403919169,-12.0774820196478,17.3890360588395,"usgs_ws_01625000"
"129",2004,2008,222.68189728645,218.117973911725,216.365527056425,1826,1827,1827,0,0,0,10.6328332389619,0.0148857618822659,-2.68960569510858,3.62676453491704,-0.93715883980849,"usgs_ws_02076000"
"130",2004,2008,222.185155598335,236.595827514116,213.931605680485,1826,1827,1827,0,0,0,131.575917105794,0.0511540357551389,-10.3059239171604,-2.05237399931036,12.3582979164707,"usgs_ws_03521500"
"131",2004,2008,222.589756170234,234.351891622992,NA,1826,1827,0,0,0,1827,NA,NA,NA,NA,NA,"usgs_ws_01654000"
"132",2004,2008,210.293292557752,215.430017144449,206.012465085254,1826,1827,1827,0,0,0,22.2336183527542,0.022391895393662,-4.56612651056452,-0.285299038066199,4.85142554863071,"usgs_ws_01671020"
"133",2004,2008,215.024341778528,215.979367664734,208.348559752256,1826,1827,1827,0,0,0,17.2845615837935,0.0195078868513975,-4.76886331291678,1.9069187133554,2.86194459956135,"usgs_ws_01672500"
"134",2004,2008,227.37183595782,243.416958275402,200.649476460895,1826,1827,1827,0,0,0,466.764658003885,0.096530408873097,-23.1632804371443,3.55907905978111,19.6042013773631,"usgs_ws_03209000"
"135",2004,2008,214.571553028421,228.344915137712,NA,1826,1827,0,0,0,1827,NA,NA,NA,NA,NA,"usgs_ws_01636210"
"136",2004,2008,208.4226965898,220.584006340732,205.52199680859,1826,1827,1827,0,0,0,63.8626075375293,0.0377827276884143,-5.98756977111739,-3.08686998990743,9.07443976102485,"usgs_ws_01644280"
"137",2004,2008,197.463406720227,216.51276796215,195.824324327755,1826,1827,1827,0,0,0,132.262742471352,0.0565786057529512,-7.44250867562192,-5.8034262831506,13.2459349587726,"usgs_ws_01631000"
"138",2004,2008,196.512952485545,223.52406556411,202.381200624372,1826,1827,1827,0,0,0,201.842883970323,0.0684771504727476,-5.091538933637,-10.9597870724644,16.0513260061014,"usgs_ws_03170000"
"139",2004,2008,226.565796352329,227.311228184547,214.30702911156,1826,1827,1827,0,0,0,53.3237060682852,0.0327857641768137,-8.42098877125201,3.83777846951736,4.58321030173468,"usgs_ws_03488000"
"140",2004,2008,205.372223822692,213.805873873115,NA,1826,1827,0,0,0,1827,NA,NA,NA,NA,NA,"usgs_ws_01643805"
"141",2004,2008,207.474138159641,226.629537731395,198.238120171887,1826,1827,1827,0,0,0,209.717658676998,0.0687047662764786,-12.5424785157541,-3.30646052799966,15.8489390437537,"usgs_ws_03176500"
"142",2004,2008,210.083023339141,207.885576463486,199.22035167342,1826,1827,1827,0,0,0,32.9854215251614,0.0279167033009951,-6.5092988185958,4.35337284712563,2.15592597147017,"usgs_ws_02039000"
"143",2004,2008,215.983963521529,239.266848194743,204.991774910169,1826,1827,1827,0,0,0,306.283596306131,0.0795205893528883,-15.0890872986446,-4.09689868728458,19.1859859859292,"usgs_ws_03168000"
"144",2004,2008,220.549867939539,225.495496513498,218.172139466435,1826,1827,1827,0,0,0,13.9573988536914,0.016873811107512,-3.23369517338918,-0.855966700285165,4.08966187367432,"usgs_ws_02032640"
"145",2004,2008,192.370751277716,197.255563965372,NA,1826,1827,0,0,0,1827,NA,NA,NA,NA,NA,"usgs_ws_01615000"
"146",2004,2008,206.21964239786,220.229026043318,207.70069089847,1826,1827,1827,0,0,0,59.2359193814092,0.0364101328354627,-3.68242888141268,-5.16347738202307,8.84590626343578,"usgs_ws_02026000"
"147",2004,2008,229.666376174013,253.83778241211,215.564211680202,1826,1827,1827,0,0,0,374.665689917998,0.0830660509634916,-17.4585784085729,-3.35641391476213,20.8149923233351,"usgs_ws_03164000"
"148",2004,2008,212.115498323622,224.711017564846,217.348956253897,1826,1827,1827,0,0,0,40.0393556016997,0.0290182045569031,-0.709534460224717,-5.94299239049994,6.65252685072468,"usgs_ws_02024000"
"149",2004,2008,204.613533112275,221.194103073406,206.437336405532,1826,1827,1827,0,0,0,82.6672868630924,0.0431422421609106,-4.31098779153882,-6.1347910847964,10.4457788763352,"usgs_ws_02024752"
"150",2004,2008,222.966686096662,218.385978660703,215.31744529273,1826,1827,1827,0,0,0,14.8182770867913,0.0175862345722671,-3.57259139063498,4.07664941329685,-0.504058022661866,"usgs_ws_02058400"
"151",2004,2008,252.758441041179,279.299924672671,223.486701391415,1826,1827,1827,0,0,0,779.400164754613,0.11085138583034,-28.3616543103402,0.910085339424256,27.4515689709159,"usgs_ws_03529500"
"152",2004,2008,212.862127081771,211.071437922572,205.3614852688,1826,1827,1827,0,0,0,15.3449590966135,0.0186745354244453,-4.40353148891435,3.0971103240567,1.30642116485768,"usgs_ws_02040000"
"153",2004,2008,216.564086777126,217.134110841106,216.75017466851,1826,1827,1827,0,0,0,0.0844938535773456,0.0013406671940423,-0.0659494270705352,-0.252037318454853,0.317986745525417,"usgs_ws_02034000"
"154",2004,2008,188.497773724211,201.404121559011,185.71937194195,1826,1827,1827,0,0,0,70.0507835743986,0.0436205284135751,-6.15438379977397,-3.37598201751274,9.53036581728674,"usgs_ws_01632900"
"155",2004,2008,201.783662541055,209.775407273363,191.023413388808,1826,1827,1827,0,0,0,88.5480367218631,0.0468483414305176,-9.83741434560065,0.922834806646591,8.91457953895406,"usgs_ws_03173000"
"156",2004,2008,237.109484628331,232.240888088859,NA,1826,1827,0,0,0,1827,NA,NA,NA,NA,NA,"usgs_ws_01673550"
"157",2004,2008,NA,231.24264452109,NA,1826,0,0,0,1827,1827,NA,NA,NA,NA,NA,"usgs_ws_01645784"
"158",2004,2008,217.196239404001,221.241672818874,194.46706957909,1826,1827,1827,0,0,0,208.310011848613,0.0684128703779934,-16.5012576882318,6.22791213667938,10.2733455515524,"usgs_ws_03478400"
"159",2004,2008,216.661523797835,219.246166451838,234.005561402305,1826,1827,1827,0,0,0,87.5559595630072,0.0419030410141937,10.7011441849791,-6.64289341949103,-4.05825076548811,"usgs_ws_02061000"
"160",2004,2008,227.892041319787,237.026712505343,232.51865705607,1826,1827,1827,0,0,0,20.861725795528,0.0196467686736526,0.0395200956700421,-4.587095640613,4.54757554494299,"usgs_ws_02046000"
"161",2004,2008,219.58591676458,235.298911839138,233.66262617775,1826,1827,1827,0,0,0,74.6215654802646,0.037637394864905,4.14680791726073,-9.92990149590946,5.7830935786487,"usgs_ws_02047000"
"162",2004,2008,201.804150533692,202.20326454329,212.561253562543,1826,1827,1827,0,0,0,37.1937490148181,0.0296739103854598,7.03836401603419,-3.718739012816,-3.31962500321822,"usgs_ws_02059500"
"163",2004,2008,231.100705634213,225.565792482962,220.401395919577,1826,1827,1827,0,0,0,28.6302473042529,0.0237083638668939,-5.28790209267396,5.41140762196264,-0.12350552928865,"usgs_ws_02041000"
"164",2004,2008,192.386914440502,198.771837026047,195.35786927272,1826,1827,1827,0,0,0,10.2081641432074,0.0163423592551316,-0.147670973703157,-3.11862580592108,3.26629677962421,"usgs_ws_01616100"
"165",2004,2008,221.566957513266,226.032760239552,213.06791856413,1826,1827,1827,0,0,0,43.3773627862998,0.0299067895199886,-7.15462687485268,1.34441207428318,5.8102148005695,"usgs_ws_01674500"
"166",2004,2008,217.889016158152,229.895643494949,NA,1826,1827,0,0,0,1827,NA,NA,NA,NA,NA,"usgs_ws_01658500"
"167",2004,2008,217.367030388165,238.956089676173,209.606114499577,1826,1827,1827,0,0,0,231.290056539619,0.0685127902347697,-12.3702970217285,-4.60938113313969,16.9796781548682,"usgs_ws_03207800"
"168",2004,2008,223.017344390828,214.529021755571,NA,1826,1827,0,0,0,1827,NA,NA,NA,NA,NA,"usgs_ws_01643590"
"169",2004,2008,189.074702628338,202.676409210891,193.910424265378,1826,1827,1827,0,0,0,47.5388529622951,0.0353182276706479,-1.31008776949091,-6.14580940653116,7.45589717602206,"usgs_ws_02055000"
"170",2004,2008,206.472778242254,218.58904936089,210.271043992497,1826,1827,1827,0,0,0,38.4033436397296,0.0292620297825891,-1.50657987271666,-5.3048456229597,6.81142549567633,"usgs_ws_02020500"
"171",2004,2008,216.441315093169,223.78912737398,220.11273303404,1826,1827,1827,0,0,0,13.4975883922228,0.0166908959957587,-0.0016587996894657,-3.67307674056093,3.67473554025042,"usgs_ws_02030000"
"172",2004,2008,207.252303316989,212.203697825537,212.04189796713,1826,1827,1827,0,0,0,7.9137839476849,0.0133641530117842,1.54259826391134,-3.24699638622934,1.704398122318,"usgs_ws_01662800"
"173",2004,2008,215.622478547588,219.913347049972,NA,1826,1827,0,0,0,1827,NA,NA,NA,NA,NA,"usgs_ws_01670300"
"174",2004,2008,215.768449950522,227.028834334963,229.687999031453,1826,1827,1827,0,0,0,54.603543330808,0.0329646814211516,5.5262379258067,-8.39331115512377,2.86707322931707,"usgs_ws_02045500"
"175",2004,2008,220.326829742684,240.457618193007,208.82877812181,1826,1827,1827,0,0,0,256.306226492877,0.0717260327074051,-14.3756305640234,-2.87757894314981,17.2532095071732,"usgs_ws_02011470"
"176",2004,2008,193.534828996475,200.476045009932,197.80281941189,1826,1827,1827,0,0,0,12.2570595049275,0.0177471815592564,0.531588272457753,-3.73640214295716,3.20481387049944,"usgs_ws_01636316"
"177",2004,2008,193.863821136724,208.800622106618,185.68303727666,1826,1827,1827,0,0,0,137.409329358265,0.0597716805507545,-10.4327895633405,-2.25200570327664,12.6847952666171,"usgs_ws_01634500"
"178",2004,2008,211.22130302203,222.053872296469,200.47771455712,1826,1827,1827,0,0,0,116.383305497019,0.0510677408590867,-10.7732487347529,-0.0296602698429353,10.8029090045958,"usgs_ws_03474000"
"179",2004,2008,252.191463656254,236.174803111393,247.052174746685,1826,1827,1827,0,0,0,66.8771531996,0.0333599681677712,1.91269424190781,7.05198315147675,-8.96467739338459,"usgs_ws_02069700"
"180",2004,2008,214.826791133114,215.061379349097,214.641795434066,1826,1827,1827,0,0,0,0.0442176169162411,0.000978759087668028,-0.2015265380264,-0.0165308389784968,0.218057377004868,"usgs_ws_01644000"
"181",2004,2008,232.510361837822,243.924813452556,232.48209010719,1826,1827,1827,0,0,0,43.5377370857383,0.0279227782511402,-3.82366502533233,-3.79539329470083,7.61905832003319,"usgs_ws_02038000"
"182",2004,2008,199.116970749434,217.073689333712,196.625525915904,1826,1827,1827,0,0,0,124.463071139146,0.054614917715344,-7.64653608377941,-5.15509125024943,12.8016273340288,"usgs_ws_01638500"
"183",2004,2008,209.218598000462,221.035392516175,203.158799994407,1826,1827,1827,0,0,0,82.6550574483527,0.0430595158001933,-7.97879684260775,-1.9189988365527,9.89779567916045,"usgs_ws_02077303"
"184",2004,2008,254.224201150713,246.946793684917,240.155859342887,1826,1827,1827,0,0,0,49.4992816471366,0.0284715407870845,-6.95309204995223,7.11524975787398,-0.162157707921722,"usgs_ws_02068500"
"185",2004,2008,229.028161376258,220.874741775254,226.846653501064,1826,1827,1827,0,0,0,17.8168262434044,0.0187114932422586,1.26346795020493,3.44497582539944,-4.70844377560434,"usgs_ws_02074000"
"186",2004,2008,253.928882108054,280.317097836319,239.65539713038,1826,1827,1827,0,0,0,425.574034504794,0.0799692819639805,-18.3117285612043,-4.03824358353077,22.3499721447351,"usgs_ws_03161000"
"187",2004,2008,217.238532679849,227.57108414501,230.76180177666,1826,1827,1827,0,0,0,49.970184308317,0.0313910225405652,5.57132890948728,-7.95194018732417,2.38061127783689,"usgs_ws_02052500"
