"","start_year","end_year","prism_precip","daymet_precip","nldas_precip","daymet_ndays_with_data","prism_ndays_with_data","nldas2_ndays_with_data","daymet_missing","prism_missing","nldas2_missing","var","CV","nldas2_dif_from_mean","prism_dif_from_mean","daymet_dif_from_mean","hydrocode"
"1",2008,2012,206.599787227999,233.248887180452,203.737067498272,1826,1827,1827,0,0,0,264.886198913379,0.0758655317624782,-10.7915131373022,-7.92879340757528,18.7203065448775,"usgs_ws_02019500"
"2",2008,2012,195.371375459454,220.245800305432,196.36219658671,1826,1827,1827,0,0,0,198.357544086221,0.0690412796312425,-7.63092753048866,-8.62174865774432,16.252676188233,"usgs_ws_01622000"
"3",2008,2012,209.534510679964,235.740706441235,203.213210128775,1826,1827,1827,0,0,0,297.46025888228,0.0797872506740383,-12.9495989545497,-6.62829840336101,19.5778973579107,"usgs_ws_02011400"
"4",2008,2012,213.135382698135,248.154366341584,NA,1826,1827,0,0,0,1827,NA,NA,NA,NA,NA,"usgs_ws_03473500"
"5",2008,2012,220.65535260102,226.65935383916,215.75719918599,1826,1827,1827,0,0,0,29.8161523043993,0.0247050892163303,-5.26676935606667,-0.368615941036751,5.6353852971034,"usgs_ws_01670400"
"6",2008,2012,223.39398502884,220.651328373859,212.83547319881,1826,1827,1827,0,0,0,30.0153216182218,0.0250210883355849,-6.12478900169287,4.43372282833707,1.69106617335581,"usgs_ws_02036500"
"7",2008,2012,221.254629677616,228.478245998914,215.7511401276,1826,1827,1827,0,0,0,40.7413756406794,0.0287740815772458,-6.07686514044329,-0.57337559042702,6.65024073087031,"usgs_ws_01656000"
"8",2008,2012,223.810864919792,230.794649935346,216.919075797655,1826,1827,1827,0,0,0,48.1335946830039,0.0309944177477177,-6.9224544199426,-0.0306652978053421,6.95311971774797,"usgs_ws_01671100"
"9",2008,2012,226.602310994287,226.171750639986,213.43057194536,1826,1827,1827,0,0,0,56.0029543866826,0.03369915995179,-8.63763924785073,4.53409980107594,4.10353944677482,"usgs_ws_02065500"
"10",2008,2012,208.104361529485,235.912479943453,202.614319385427,1826,1827,1827,0,0,0,318.699918169478,0.082823885663499,-12.9294009006948,-7.43935875663641,20.3687596573313,"usgs_ws_02011800"
"11",2008,2012,208.401440225004,235.304191367358,200.90120184992,1826,1827,1827,0,0,0,327.262880407912,0.0841927555578988,-13.9677426308405,-6.46750425575695,20.4352468865975,"usgs_ws_02012500"
"12",2008,2012,238.457864717583,247.093698872419,232.359384332267,1826,1827,1827,0,0,0,54.8115199213345,0.0309375986484168,-6.94426497515553,-0.84578458983998,7.79004956499548,"usgs_ws_02047500"
"13",2008,2012,218.879870328078,223.978842514483,213.57642635483,1826,1827,1827,0,0,0,27.0560495489523,0.0237717758526474,-5.23528671096705,0.0681572622813746,5.16712944868567,"usgs_ws_02038850"
"14",2008,2012,223.405618493925,228.826283906435,228.614908491354,1826,1827,1827,0,0,0,9.42749922629967,0.0135291371647389,1.66597152744916,-3.54331846997971,1.87734694253052,"usgs_ws_02044500"
"15",2008,2012,218.323186815224,232.324979580798,205.030321346235,1826,1827,1827,0,0,0,186.291473528057,0.0624491898409437,-13.5291745678507,-0.236309098861852,13.7654836667126,"usgs_ws_02056650"
"16",2008,2012,239.090026621123,249.271633497909,234.879979197325,1826,1827,1827,0,0,0,54.7515552352608,0.0306927684340001,-6.20056724146085,-1.99051981766246,8.1910870591233,"usgs_ws_01669520"
"17",2008,2012,239.686573493272,239.876176004523,NA,1826,1827,0,0,0,1827,NA,NA,NA,NA,NA,"usgs_ws_03177710"
"18",2008,2012,208.180420557124,225.910092662894,191.75980433764,1826,1827,1827,0,0,0,291.703350450618,0.0818693771733106,-16.8569681815796,-0.436351962095159,17.2933201436747,"usgs_ws_01613900"
"19",2008,2012,222.771081958503,225.507449707041,218.378355000592,1826,1827,1827,0,0,0,12.9346249859204,0.0161843702703513,-3.84060722145352,0.552119736457769,3.28848748499576,"usgs_ws_02041650"
"20",2008,2012,196.147861542355,226.349992185217,194.608945755749,1826,1827,1827,0,0,0,320.338497600725,0.0870092630472844,-11.0933207386909,-9.55440495208549,20.6477256907763,"usgs_ws_01628500"
"21",2008,2012,213.376347264961,236.821597667734,206.31524245629,1826,1827,1827,0,0,0,255.029445975759,0.0729748085434528,-12.5224866733716,-5.46138186470068,17.9838685380723,"usgs_ws_02021500"
"22",2008,2012,243.072421756059,252.265520832593,241.769393022593,1826,1827,1827,0,0,0,32.7299422525118,0.0232842975756549,-3.9330521811552,-2.63002344768961,6.56307562884481,"usgs_ws_02072000"
"23",2008,2012,191.966207779094,204.679899464666,189.130003212824,1826,1827,1827,0,0,0,68.580214343426,0.042412025885003,-6.12870027270426,-3.29249570643358,9.42119597913785,"usgs_ws_01633000"
"24",2008,2012,212.939545432586,229.592489028814,202.364818922612,1826,1827,1827,0,0,0,188.41523176533,0.0638541313461937,-12.6007988720583,-2.02607236208436,14.6268712341427,"usgs_ws_03167000"
"25",2008,2012,263.299956227582,282.780758758869,247.8298582375,1826,1827,1827,0,0,0,306.73184105673,0.0661803560774143,-16.806999503817,-1.33690151373514,18.1439010175521,"usgs_ws_03208800"
"26",2008,2012,223.44651708228,252.275328634529,219.819357547533,1826,1827,1827,0,0,0,316.27445350092,0.0767061966288664,-12.0277102072475,-8.40055067250097,20.4282608797484,"usgs_ws_03475000"
"27",2008,2012,232.141644958399,240.287833417271,243.07709189148,1826,1827,1827,0,0,0,32.2873914782701,0.0238245171923909,4.57490180242982,-6.36054513065073,1.78564332822091,"usgs_ws_02032250"
"28",2008,2012,197.823911129174,218.907405775704,196.692288103542,1826,1827,1827,0,0,0,156.550961728401,0.0611911535954879,-7.78224689926452,-6.65062387363281,14.4328707728974,"usgs_ws_02054530"
"29",2008,2012,214.968294468373,244.323789703841,195.06455021669,1826,1827,1827,0,0,0,614.06280176807,0.113609105288652,-23.0543279129444,-3.15058366126172,26.2049115742061,"usgs_ws_02014000"
"30",2008,2012,230.107519128278,243.248309053643,223.694316332923,1826,1827,1827,0,0,0,99.3613602131459,0.0429008599010378,-8.65573183869154,-2.24252904333665,10.8982608820282,"usgs_ws_01663500"
"31",2008,2012,197.01518141196,225.55383692792,194.995809272183,1826,1827,1827,0,0,0,292.054296117717,0.0830176624671688,-10.859133265171,-8.83976112539452,19.6988943905655,"usgs_ws_01629500"
"32",2008,2012,242.361194543932,266.091029950201,229.237813691085,1826,1827,1827,0,0,0,348.914627009765,0.0759638423860399,-16.6588657039874,-3.5354848511405,20.194350555128,"usgs_ws_03527000"
"33",2008,2012,217.509533047922,237.834555433695,NA,1826,1827,0,0,0,1827,NA,NA,NA,NA,NA,"usgs_ws_01636690"
"34",2008,2012,222.178606873875,238.169325215108,216.33293571736,1826,1827,1827,0,0,0,127.783808439359,0.0501158696438509,-9.22735355142109,-3.38168239490622,12.6090359463273,"usgs_ws_02059485"
"35",2008,2012,225.013754063094,228.774316174556,228.17500904121,1826,1827,1827,0,0,0,4.08242157848367,0.00888831253542829,0.853982614923211,-2.30727236319245,1.45328974826927,"usgs_ws_02052000"
"36",2008,2012,217.803272164405,245.721779772541,199.991353402097,1826,1827,1827,0,0,0,531.329902180537,0.104220155888736,-21.1807817109176,-3.36886294860906,24.5496446595266,"usgs_ws_01627500"
"37",2008,2012,218.710204836593,231.298052682494,210.742009654988,1826,1827,1827,0,0,0,107.416158798726,0.0470564018865684,-9.50807940303693,-1.53988422143166,11.0479636244686,"usgs_ws_02037500"
"38",2008,2012,264.064626319241,284.229775288343,NA,1826,1827,0,0,0,1827,NA,NA,NA,NA,NA,"usgs_ws_03208700"
"39",2008,2012,198.558990743458,226.753696582954,205.07406743285,1826,1827,1827,0,0,0,217.898996955064,0.0702492659838752,-5.05485082023716,-11.5699275096293,16.6247783298665,"usgs_ws_02053800"
"40",2008,2012,237.675998222582,239.655803419903,NA,1826,1827,0,0,0,1827,NA,NA,NA,NA,NA,"usgs_ws_01652500"
"41",2008,2012,197.784354870012,229.860345246178,189.75758672101,1826,1827,1827,0,0,0,450.254901142953,0.103105597994855,-16.0431755580567,-8.01640740905486,24.0595829671116,"usgs_ws_02013000"
"42",2008,2012,217.092512212399,230.438224688351,210.69692694736,1826,1827,1827,0,0,0,101.455064811939,0.0459073253079509,-8.71229433534356,-2.31670907030417,11.0290034056477,"usgs_ws_02060500"
"43",2008,2012,205.937530617367,222.308925325986,201.640003078456,1826,1827,1827,0,0,0,118.949275754593,0.0519445374732599,-8.32214992881356,-4.02462238990302,12.3467723187165,"usgs_ws_02056000"
"44",2008,2012,232.221871592468,237.615554775578,230.035337628001,1826,1827,1827,0,0,0,15.2220735103261,0.0167239580375067,-3.25558370401495,-1.06904973954738,4.32463344356236,"usgs_ws_02075045"
"45",2008,2012,197.423200230385,227.133271389039,206.778074750651,1826,1827,1827,0,0,0,230.756005954938,0.0721835450258441,-3.66677403937402,-13.0216485596399,16.6884225990139,"usgs_ws_02016000"
"46",2008,2012,228.544698154867,234.67930131585,220.44925260917,1826,1827,1827,0,0,0,50.943980120098,0.0313198087817778,-7.44183141745924,0.653614128238132,6.78821728922108,"usgs_ws_01668000"
"47",2008,2012,253.983164284224,253.217505938461,NA,1826,1827,0,0,0,1827,NA,NA,NA,NA,NA,"usgs_ws_01661800"
"48",2008,2012,237.842084090248,238.748455662775,NA,1826,1827,0,0,0,1827,NA,NA,NA,NA,NA,"usgs_ws_01669000"
"49",2008,2012,234.33173623992,246.704966334892,232.344875859866,1826,1827,1827,0,0,0,60.5427726006514,0.0327212975609821,-5.44898361836002,-3.46212323830636,8.91110685666635,"usgs_ws_02073000"
"50",2008,2012,231.525034915656,244.151824892002,240.89484661858,1826,1827,1827,0,0,0,42.9728506547588,0.0274447121780758,2.03761114316754,-7.33220055975681,5.29458941658925,"usgs_ws_02070000"
"51",2008,2012,219.370485933105,227.496454425361,211.747459179138,1826,1827,1827,0,0,0,62.0287920157292,0.0358745692266599,-7.79067400006309,-0.167647246096493,7.95832124615961,"usgs_ws_02066000"
"52",2008,2012,216.119776001304,238.344515117063,233.56224029677,1826,1827,1827,0,0,0,136.841456986487,0.0510064283607196,4.22006315839093,-13.2224011370747,9.00233797868376,"usgs_ws_01638420"
"53",2008,2012,179.958055761074,196.132769608424,188.62299555715,1826,1827,1827,0,0,0,65.5165426690752,0.0429999869305011,0.385055248267093,-8.27988454780842,7.8948292995413,"usgs_ws_01632082"
"54",2008,2012,203.526877760865,232.196855673412,201.063174133795,1826,1827,1827,0,0,0,299.557265879702,0.0815393148853048,-11.1991283888953,-8.73542476182581,19.9345531507211,"usgs_ws_02016500"
"55",2008,2012,241.961408463042,246.086731013736,227.684916256875,1826,1827,1827,0,0,0,93.2438837009686,0.0404743941281155,-10.8927689876757,3.38372321849093,7.50904576918481,"usgs_ws_02028500"
"56",2008,2012,195.005099420025,223.464841632887,192.75598597794,1826,1827,1827,0,0,0,293.008208955722,0.084015493107038,-10.9859896990106,-8.73687625692594,19.7228659559365,"usgs_ws_01635500"
"57",2008,2012,216.157982126005,235.172531521113,210.225947968278,1826,1827,1827,0,0,0,169.845691484335,0.0590992005748404,-10.2928725701873,-4.3608384124602,14.6537109826476,"usgs_ws_02029000"
"58",2008,2012,219.539114642563,252.161369790348,NA,1826,1827,0,0,0,1827,NA,NA,NA,NA,NA,"usgs_ws_01620500"
"59",2008,2012,279.596359843574,265.626224591156,NA,1826,1827,0,0,0,1827,NA,NA,NA,NA,NA,"usgs_ws_02071530"
"60",2008,2012,221.6640806239,245.590257500939,213.68553664997,1826,1827,1827,0,0,0,275.671719412263,0.073149034077473,-13.2944216082996,-5.31587763436991,18.6102992426696,"usgs_ws_02011460"
"61",2008,2012,221.728438501865,229.799694046465,216.360523967552,1826,1827,1827,0,0,0,45.7618274873114,0.0303856735090091,-6.26902820440856,-0.901113670095725,7.17014187450425,"usgs_ws_01673000"
"62",2008,2012,230.66701647143,241.931536119146,216.87981002842,1826,1827,1827,0,0,0,157.427574086781,0.0545935096546005,-12.9463108445784,0.840895598431331,12.1054152461471,"usgs_ws_01646000"
"63",2008,2012,223.063173487122,225.872531399229,224.28762111525,1826,1827,1827,0,0,0,1.98395074676791,0.00627664466173742,-0.120154218616761,-1.34460184674504,1.46475606536183,"usgs_ws_01643880"
"64",2008,2012,244.351140961783,271.549934705118,232.886453514522,1826,1827,1827,0,0,0,394.346369521899,0.0795612459057578,-16.709389545952,-5.24470209869153,21.9540916446435,"usgs_ws_03165500"
"65",2008,2012,214.844129887338,241.523687990493,203.917261033897,1826,1827,1827,0,0,0,374.239771993626,0.0878951155541472,-16.1777652700124,-5.25089641657152,21.4286616865839,"usgs_ws_02011500"
"66",2008,2012,272.430524662387,295.517371376094,249.780067295862,1826,1827,1827,0,0,0,522.99111577043,0.0838995364101266,-22.7959204822525,-0.145463115726955,22.9413835979795,"usgs_ws_03531500"
"67",2008,2012,220.732538288531,232.877602077108,223.387654093835,1826,1827,1827,0,0,0,40.768554515565,0.0282941503919985,-2.27827739265626,-4.93339319796016,7.21167059061642,"usgs_ws_03175500"
"68",2008,2012,234.860783766329,237.701884921168,220.669584220566,1826,1827,1827,0,0,0,83.2602112459003,0.0394876463674632,-10.4078334154548,3.78336613030766,6.62446728514712,"usgs_ws_01667500"
"69",2008,2012,221.609287137114,226.478277752584,223.2771678137,1826,1827,1827,0,0,0,6.12266673428148,0.0110568913342843,-0.511076420766273,-2.17895709735194,2.69003351811818,"usgs_ws_01673800"
"70",2008,2012,210.83007222611,239.520111988156,NA,1826,1827,0,0,0,1827,NA,NA,NA,NA,NA,"usgs_ws_02018500"
"71",2008,2012,258.503527572515,289.691612943275,241.62498087112,1826,1827,1827,0,0,0,594.663854434149,0.0926251302893109,-21.6483929245167,-4.76984622312159,26.4182391476382,"usgs_ws_03524500"
"72",2008,2012,219.229285975527,221.407787901081,NA,1826,1827,0,0,0,1827,NA,NA,NA,NA,NA,"usgs_ws_02079640"
"73",2008,2012,244.789156719564,262.013827854982,229.23845449736,1826,1827,1827,0,0,0,268.789789009748,0.0668229081229474,-16.108691859942,-0.557989637738075,16.6666814976801,"usgs_ws_02027000"
"74",2008,2012,232.337274008713,238.582429674897,214.18939912678,1826,1827,1827,0,0,0,160.561211891088,0.0554857978868696,-14.1803018100167,3.9675730719166,10.2127287381001,"usgs_ws_02056900"
"75",2008,2012,237.774028953906,267.680309330171,218.48710617195,1826,1827,1827,0,0,0,614.39037221783,0.102716453361811,-22.8267086467257,-3.53978586477007,26.3664945114957,"usgs_ws_03165000"
"76",2008,2012,247.592017155607,261.789861657036,231.194858440957,1826,1827,1827,0,0,0,234.416637365352,0.062021948297111,-15.6640539769098,0.73310473774012,14.9309492391697,"usgs_ws_03208500"
"77",2008,2012,NA,236.417844023277,NA,1826,0,0,0,1827,1827,NA,NA,NA,NA,NA,"usgs_ws_01654500"
"78",2008,2012,222.873993499734,223.253337947484,208.467749383547,1826,1827,1827,0,0,0,71.0495668212028,0.0386304026255347,-9.73061089337446,4.67563322281222,5.05497767056221,"usgs_ws_02030500"
"79",2008,2012,228.89577561795,254.644966749241,219.603298161484,1826,1827,1827,0,0,0,329.548253101467,0.0774526820787836,-14.7780486814074,-5.48557122494154,20.2636199063489,"usgs_ws_03171000"
"80",2008,2012,234.224387203441,277.390929112791,NA,1826,1827,0,0,0,1827,NA,NA,NA,NA,NA,"usgs_ws_02024915"
"81",2008,2012,240.021861329708,261.310414071333,226.54160208493,1826,1827,1827,0,0,0,307.298359014194,0.0722512295057754,-16.083023743727,-2.60276449894857,18.6857882426756,"usgs_ws_03524000"
"82",2008,2012,225.019493828718,228.050288610729,225.83926404333,1826,1827,1827,0,0,0,2.4577283088443,0.00692750096482896,-0.46375145092901,-1.28352166554063,1.74727311646967,"usgs_ws_02051500"
"83",2008,2012,224.692235876146,234.578725342098,221.58392495232,1826,1827,1827,0,0,0,46.0448513216185,0.029899039275471,-5.36770377120123,-2.25939284737515,7.62709661857636,"usgs_ws_01664000"
"84",2008,2012,220.860084713437,228.371183504354,214.97910034062,1826,1827,1827,0,0,0,45.0584122841,0.0303182092582585,-6.424355845517,-0.543371472700017,6.96772731821699,"usgs_ws_02074500"
"85",2008,2012,221.660713911974,232.529364398789,222.75324627094,1826,1827,1827,0,0,0,35.8156126682638,0.0265219307702218,-2.89452858962738,-3.98706094859384,6.88158953822119,"usgs_ws_02055100"
"86",2008,2012,228.426562578719,232.032196844169,215.794328339898,1826,1827,1827,0,0,0,72.707052313772,0.0378268574263746,-9.62336758103078,3.00886665779049,6.61450092324029,"usgs_ws_02077500"
"87",2008,2012,227.905166024314,227.117974235667,223.04269918315,1826,1827,1827,0,0,0,6.81185357453274,0.0115473423367232,-2.97924729789358,1.88321954326997,1.09602775462363,"usgs_ws_02031000"
"88",2008,2012,230.46685662641,244.171379143294,NA,1826,1827,0,0,0,1827,NA,NA,NA,NA,NA,"usgs_ws_01660400"
"89",2008,2012,239.324881337763,239.061908479513,221.30125729789,1826,1827,1827,0,0,0,106.726818108361,0.0442948852329367,-11.9280917404988,6.09553229937464,5.83255944112418,"usgs_ws_01653000"
"90",2008,2012,195.478982558299,233.048673960429,204.926785857255,1826,1827,1827,0,0,0,381.930548285749,0.0925546124621488,-6.22469493473963,-15.6724982336952,21.8971931684348,"usgs_ws_02015700"
"91",2008,2012,183.359500581981,203.401664405151,192.28334005342,1826,1827,1827,0,0,0,100.823396336185,0.0520223505904852,-0.731494960097109,-9.65533443153657,10.3868293916337,"usgs_ws_01621050"
"92",2008,2012,224.661152582974,217.895398852069,207.971401018407,1826,1827,1827,0,0,0,70.4681606394646,0.0387125482914323,-8.87124979941004,7.81850176515772,1.05274803425232,"usgs_ws_02064000"
"93",2008,2012,238.117677400531,236.760981669835,220.873243287235,1826,1827,1827,0,0,0,91.9385603512386,0.0413443055612765,-11.044057498632,6.20037661466398,4.84368088396795,"usgs_ws_01666500"
"94",2008,2012,232.326256940584,233.720169192794,221.96238363915,1826,1827,1827,0,0,0,41.2663970500839,0.0280108012275818,-7.37388628502578,2.98998701640772,4.38389926861805,"usgs_ws_02051000"
"95",2008,2012,220.514096582639,229.476404267018,216.823619545321,1826,1827,1827,0,0,0,42.3392568343407,0.0292744053654503,-5.44775391967158,-1.75727688235352,7.20503080202508,"usgs_ws_01671025"
"96",2008,2012,217.762012522194,227.949439937657,211.640871972548,1826,1827,1827,0,0,0,67.8702380077374,0.0375978263623382,-7.47656950491825,-1.35542895527243,8.83199846019068,"usgs_ws_02062500"
"97",2008,2012,257.765944125177,277.053174192527,NA,1826,1827,0,0,0,1827,NA,NA,NA,NA,NA,"usgs_ws_02027500"
"98",2008,2012,231.1523527092,235.079513194226,227.107142898978,1826,1827,1827,0,0,0,15.8908333347377,0.0172484055868431,-4.00586003515696,0.039349775065574,3.96651026009135,"usgs_ws_02075500"
"99",2008,2012,NA,261.902790015578,NA,1826,0,0,0,1827,1827,NA,NA,NA,NA,NA,"usgs_ws_02011490"
"100",2008,2012,190.473734536676,204.377815098171,188.72299954816,1826,1827,1827,0,0,0,73.5769631942404,0.044095659356552,-5.80185017950913,-4.0511151909931,9.8529653705022,"usgs_ws_01634000"
"101",2008,2012,225.34057661692,232.650184647036,228.18790668597,1826,1827,1827,0,0,0,13.5749304463108,0.0161084164457125,-0.538315964005278,-3.38564603305528,3.92396199706059,"usgs_ws_02042500"
"102",2008,2012,218.418440834513,232.054926687632,210.603474237994,1826,1827,1827,0,0,0,117.865376921017,0.0492677167352275,-9.7554730153856,-1.94050641886673,11.6959794342524,"usgs_ws_02035000"
"103",2008,2012,224.977122298854,226.735716087781,214.224259600548,1826,1827,1827,0,0,0,45.8755419591682,0.030512560212887,-7.75477306184644,2.9980896364593,4.75668342538714,"usgs_ws_02077000"
"104",2008,2012,204.96607960512,233.011276881171,197.558117311247,1826,1827,1827,0,0,0,349.72291984843,0.088276174785613,-14.2870406212655,-6.87907832739302,21.1661189486585,"usgs_ws_02013100"
"105",2008,2012,237.476555641588,251.845894468881,231.12913662069,1826,1827,1827,0,0,0,112.658613716834,0.0441975966267163,-9.02139228969656,-2.67397326879816,11.6953655584947,"usgs_ws_01665500"
"106",2008,2012,216.319234993949,235.342901535967,233.56224029677,1826,1827,1827,0,0,0,110.398645837297,0.0460013231181117,5.15411468787482,-12.0888906149463,6.93477592707151,"usgs_ws_01638480"
"107",2008,2012,217.902690663208,250.818942128703,NA,1826,1827,0,0,0,1827,NA,NA,NA,NA,NA,"usgs_ws_01626000"
"108",2008,2012,221.792078998974,225.768236575399,223.261469970578,1826,1827,1827,0,0,0,4.04213628517372,0.00899123963225363,-0.345791877739117,-1.81518284934305,2.16097472708219,"usgs_ws_02061500"
"109",2008,2012,211.941105343667,236.049020500814,206.848868447485,1826,1827,1827,0,0,0,243.295221628089,0.0714584368123033,-11.4307963165037,-6.33855942032142,17.7693557368251,"usgs_ws_02025500"
"110",2008,2012,242.103492448418,254.686927602515,224.316370070811,1826,1827,1827,0,0,0,232.849221256655,0.0634832371998712,-16.0525599697705,1.73456240783639,14.3179975619341,"usgs_ws_03490000"
"111",2008,2012,243.475129096359,273.219657321479,237.577743777477,1826,1827,1827,0,0,0,364.97701900207,0.0759846247612565,-13.8464329542949,-7.94904763541228,21.7954805897072,"usgs_ws_03473000"
"112",2008,2012,223.992273439264,221.660891448785,215.20336817826,1826,1827,1827,0,0,0,20.7299674102998,0.020668710234715,-5.08214284384292,3.70676241716072,1.37538042668223,"usgs_ws_02039500"
"113",2008,2012,238.308988504069,269.112503061905,NA,1826,1827,0,0,0,1827,NA,NA,NA,NA,NA,"usgs_ws_03471500"
"114",2008,2012,200.106360208688,216.256046720147,192.76519070732,1826,1827,1827,0,0,0,144.420910046936,0.0591872302363917,-10.2773418380653,-2.93617233669681,13.2135141747621,"usgs_ws_01632000"
"115",2008,2012,215.41417614937,231.430539478971,198.57863479146,1826,1827,1827,0,0,0,269.867831452827,0.0763575773700678,-16.5624820151403,0.273059342769898,16.2894226723704,"usgs_ws_02017500"
"116",2008,2012,217.138497061143,249.245764831376,193.08145072062,1826,1827,1827,0,0,0,794.008050305207,0.128186263130405,-26.7404534837598,-2.68340714323671,29.4238606269965,"usgs_ws_01626850"
"117",2008,2012,250.402208491197,268.01671690293,233.245074377469,1826,1827,1827,0,0,0,302.284213583644,0.0693913341847451,-17.3095922130628,-0.152458099335007,17.4620503123978,"usgs_ws_03209200"
"118",2008,2012,224.584720467962,229.385856319071,217.461969599195,1826,1827,1827,0,0,0,35.9939266512969,0.0268060904936058,-6.34887919621457,0.773871672552559,5.57500752366204,"usgs_ws_02079500"
"119",2008,2012,198.260065053162,218.755679531285,196.692288103542,1826,1827,1827,0,0,0,151.553563115562,0.0601786613337335,-7.87705612578776,-6.30927917616728,14.186335301955,"usgs_ws_02054500"
"120",2008,2012,215.870008584128,235.601222775405,NA,1826,1827,0,0,0,1827,NA,NA,NA,NA,NA,"usgs_ws_02022500"
"121",2008,2012,253.529268883265,269.910517132253,234.20600048692,1826,1827,1827,0,0,0,319.424417431502,0.0707683545885775,-18.3425950138927,0.980673382452409,17.3619216314403,"usgs_ws_03208950"
"122",2008,2012,222.378131884289,222.838965100557,215.061927157,1826,1827,1827,0,0,0,19.0369230067266,0.0198240384187133,-5.03108089028228,2.28512383700715,2.74595705327513,"usgs_ws_01643700"
"123",2008,2012,214.189096908429,238.039752239084,200.71349027499,1826,1827,1827,0,0,0,357.282594342174,0.0868465065585916,-16.9339561991776,-3.4583495657387,20.3923057649163,"usgs_ws_02018000"
"124",2008,2012,242.896295840218,254.225951776588,233.822170555243,1826,1827,1827,0,0,0,104.502523575414,0.0419566002312119,-9.82596883544022,-0.751843550464969,10.5778123859052,"usgs_ws_02049500"
"125",2008,2012,239.635244589774,250.811641451919,241.769393022593,1826,1827,1827,0,0,0,35.2047821685185,0.0243098738561562,-2.30269999883564,-4.43684843165462,6.73954843049023,"usgs_ws_02072500"
"126",2008,2012,220.626974769178,236.891991408014,NA,1826,1827,0,0,0,1827,NA,NA,NA,NA,NA,"usgs_ws_01638350"
"127",2008,2012,224.850170708877,230.178337914865,220.156596246702,1826,1827,1827,0,0,0,25.1423855117213,0.0222793051811876,-4.90510537677918,-0.211530914604168,5.11663629138337,"usgs_ws_01674000"
"128",2008,2012,189.893084736944,226.008860273811,193.678618365925,1826,1827,1827,0,0,0,393.987341551309,0.0976857641279646,-9.51490275963496,-13.3004363886157,22.8153391482506,"usgs_ws_01625000"
"129",2008,2012,230.979499879067,234.221668594394,225.347290465287,1826,1827,1827,0,0,0,20.1646713396142,0.0195084456603253,-4.8355291809622,0.796680232817494,4.03884894814468,"usgs_ws_02076000"
"130",2008,2012,239.337196058202,259.448972549798,227.67680011076,1826,1827,1827,0,0,0,258.319888132493,0.0663722737189685,-14.4775227954934,-2.81712684805089,17.2946496435443,"usgs_ws_03521500"
"131",2008,2012,235.106237977158,236.82924848084,NA,1826,1827,0,0,0,1827,NA,NA,NA,NA,NA,"usgs_ws_01654000"
"132",2008,2012,220.514096582639,229.233147465254,216.823619545321,1826,1827,1827,0,0,0,40.6063087087005,0.0286795071873801,-5.36666831908374,-1.67619128176568,7.0428596008494,"usgs_ws_01671020"
"133",2008,2012,221.793496840864,225.258516993978,211.635030030886,1826,1827,1827,0,0,0,50.1333682707385,0.0322482072101791,-7.92731792435646,2.23114888562139,5.69616903873509,"usgs_ws_01672500"
"134",2008,2012,254.186064431307,275.941783946227,236.320398282238,1826,1827,1827,0,0,0,393.72459341607,0.0776666711290355,-19.1623506043527,-1.29668445528361,20.4590350596363,"usgs_ws_03209000"
"135",2008,2012,215.225686715802,238.953042390772,NA,1826,1827,0,0,0,1827,NA,NA,NA,NA,NA,"usgs_ws_01636210"
"136",2008,2012,218.651220240062,235.944810553242,222.30836807795,1826,1827,1827,0,0,0,83.0659266017047,0.0403929317129843,-3.32643154580143,-6.98357938368926,10.3100109294907,"usgs_ws_01644280"
"137",2008,2012,198.459757248662,224.825598739268,196.618721922084,1826,1827,1827,0,0,0,249.02915139355,0.0763698356114126,-10.0159707145872,-8.17493538800971,18.1909061025969,"usgs_ws_01631000"
"138",2008,2012,210.250519697219,247.045543749446,211.386192101238,1826,1827,1827,0,0,0,437.792151130634,0.0938718639774453,-11.5078930813964,-12.6435654854155,24.1514585668118,"usgs_ws_03170000"
"139",2008,2012,246.052308668383,252.021078448956,226.691912177346,1826,1827,1827,0,0,0,175.336304833082,0.0548099981956661,-14.8965209208822,4.46387557015441,10.4326453507278,"usgs_ws_03488000"
"140",2008,2012,222.339036652764,239.449914559959,NA,1826,1827,0,0,0,1827,NA,NA,NA,NA,NA,"usgs_ws_01643805"
"141",2008,2012,223.354660126207,246.363222097669,214.533947392053,1826,1827,1827,0,0,0,270.050270903098,0.0720489400432443,-13.5499958132563,-4.72928307910283,18.2792788923591,"usgs_ws_03176500"
"142",2008,2012,232.628179591249,226.080663958811,216.01486467946,1826,1827,1827,0,0,0,70.0320847412458,0.0372086412866741,-8.89303806371345,7.72027684807551,1.17276121563793,"usgs_ws_02039000"
"143",2008,2012,235.079935174015,259.682930145088,225.170263116949,1826,1827,1827,0,0,0,315.772191203412,0.0740484609798222,-14.8074463617351,-4.89777430466913,19.7052206664042,"usgs_ws_03168000"
"144",2008,2012,230.847150254711,236.072317149757,219.88063842052,1826,1827,1827,0,0,0,68.2895351602264,0.0360967398570868,-9.0527301878094,1.91378164638203,7.1389485414274,"usgs_ws_02032640"
"145",2008,2012,195.868941160528,206.296376446656,NA,1826,1827,0,0,0,1827,NA,NA,NA,NA,NA,"usgs_ws_01615000"
"146",2008,2012,212.848844382288,234.426777844031,207.84311617223,1826,1827,1827,0,0,0,199.559265878857,0.0646900045628549,-10.5297966272864,-5.52406841722811,16.0538650445145,"usgs_ws_02026000"
"147",2008,2012,246.796858493103,276.12374220243,237.750365196152,1826,1827,1827,0,0,0,402.403535323029,0.0791143580630697,-15.8066234344098,-6.76013013745879,22.5667535718686,"usgs_ws_03164000"
"148",2008,2012,215.911221945568,235.856323813048,206.466116337191,1826,1827,1827,0,0,0,225.133567321913,0.0683850695317067,-12.9451043614115,-3.49999875303413,16.4451031144456,"usgs_ws_02024000"
"149",2008,2012,210.477014352791,235.443683038591,205.74511875347,1826,1827,1827,0,0,0,254.621683637811,0.0734588300589158,-11.4768199614803,-6.74492436216019,18.2217443236405,"usgs_ws_02024752"
"150",2008,2012,223.099669411513,242.304439484959,217.68592519938,1826,1827,1827,0,0,0,167.367177599606,0.0568170200053121,-10.0107528325707,-4.597008620438,14.6077614530087,"usgs_ws_02058400"
"151",2008,2012,279.081134642916,300.375142634969,244.067141638705,1826,1827,1827,0,0,0,808.334243109963,0.103571624784153,-30.4406646668248,4.57332833738582,25.867336329439,"usgs_ws_03529500"
"152",2008,2012,224.355246065014,223.537682857002,215.60781649974,1826,1827,1827,0,0,0,23.3447856737599,0.021846143654713,-5.55909864084535,3.18833092442847,2.37076771641685,"usgs_ws_02040000"
"153",2008,2012,227.8643616326,226.480894482192,220.2830251804,1826,1827,1827,0,0,0,16.3007046066338,0.0179539453956528,-4.59306858466388,2.98826786753565,1.60480071712823,"usgs_ws_02034000"
"154",2008,2012,186.970553489168,202.66787278433,186.15484855506,1826,1827,1827,0,0,0,86.6251961317076,0.0484927465004902,-5.77624305445934,-4.96053812035126,10.7367811748106,"usgs_ws_01632900"
"155",2008,2012,204.860970225805,226.852497558015,204.588217564192,1826,1827,1827,0,0,0,163.23330534352,0.0602368937767148,-7.51234421847872,-7.23959155686572,14.7519357753445,"usgs_ws_03173000"
"156",2008,2012,232.566614832312,236.565840530688,NA,1826,1827,0,0,0,1827,NA,NA,NA,NA,NA,"usgs_ws_01673550"
"157",2008,2012,NA,241.619159503785,NA,1826,0,0,0,1827,1827,NA,NA,NA,NA,NA,"usgs_ws_01645784"
"158",2008,2012,234.626849015286,241.811279470987,218.61346844491,1826,1827,1827,0,0,0,141.030472444347,0.051257885852779,-13.0703971988176,2.942983371558,10.1274138272596,"usgs_ws_03478400"
"159",2008,2012,236.038060929086,243.28004038218,235.61082801718,1826,1827,1827,0,0,0,18.5742687765853,0.018084822332905,-2.69881509230197,-2.27158218039585,4.9703972726978,"usgs_ws_02061000"
"160",2008,2012,221.832225626001,230.003329225737,225.177111753055,1826,1827,1827,0,0,0,16.8745953890327,0.0182029235313239,-0.49377711520944,-3.83866324226324,4.33244035747268,"usgs_ws_02046000"
"161",2008,2012,228.595051401303,235.070449144903,233.283159516145,1826,1827,1827,0,0,0,11.1839229752241,0.0143951949555994,0.966939495361345,-3.72116861948098,2.7542291241196,"usgs_ws_02047000"
"162",2008,2012,219.273939112042,233.677477676616,215.991381399063,1826,1827,1827,0,0,0,88.505851643187,0.0421908490208108,-6.98955133017753,-3.70699361719852,10.6965449473761,"usgs_ws_02059500"
"163",2008,2012,220.119746005106,226.556826184866,220.165188442943,1826,1827,1827,0,0,0,13.7151832132987,0.0166609312371605,-2.11539843469515,-2.16084087253259,4.27623930722771,"usgs_ws_02041000"
"164",2008,2012,195.557532512946,209.065200518739,202.61468421502,1826,1827,1827,0,0,0,45.6449409475571,0.0333779035270802,0.20221179945176,-6.85493990262222,6.65272810317049,"usgs_ws_01616100"
"165",2008,2012,229.322436098797,243.394511507947,225.19084851781,1826,1827,1827,0,0,0,91.0777780864414,0.0410231890625641,-7.44508352370806,-3.31349594272083,10.7585794664289,"usgs_ws_01674500"
"166",2008,2012,235.706485002876,253.264891369901,NA,1826,1827,0,0,0,1827,NA,NA,NA,NA,NA,"usgs_ws_01658500"
"167",2008,2012,233.782758405654,271.125302700466,229.422373231847,1826,1827,1827,0,0,0,525.43548325642,0.0936460418503678,-15.3544382141422,-10.9940530403345,26.3484912544768,"usgs_ws_03207800"
"168",2008,2012,220.659176016834,239.016892414324,NA,1826,1827,0,0,0,1827,NA,NA,NA,NA,NA,"usgs_ws_01643590"
"169",2008,2012,200.038951190593,219.829627138228,197.221714767385,1826,1827,1827,0,0,0,151.787562882708,0.0598950088923611,-8.47504959801691,-5.65781317480895,14.1328627728259,"usgs_ws_02055000"
"170",2008,2012,212.477987779389,236.184841871478,206.630153574973,1826,1827,1827,0,0,0,244.948616021587,0.0716511610351764,-11.8008408336404,-5.9530066292244,17.7538474628648,"usgs_ws_02020500"
"171",2008,2012,228.63133304919,229.639204031949,222.494681170685,1826,1827,1827,0,0,0,14.9530845184945,0.0170407729562013,-4.42705824658955,1.70959363191514,2.71746461467444,"usgs_ws_02030000"
"172",2008,2012,211.070889573673,225.610871524183,220.5242529413,1826,1827,1827,0,0,0,54.441807114877,0.03368107868919,1.45558159491458,-7.9977817727121,6.54220017779753,"usgs_ws_01662800"
"173",2008,2012,217.640452010338,231.388524004939,NA,1826,1827,0,0,0,1827,NA,NA,NA,NA,NA,"usgs_ws_01670300"
"174",2008,2012,224.120264977297,229.791259658623,231.311447250634,1826,1827,1827,0,0,0,14.3640422464779,0.0165931056150653,2.9037899551158,-4.28739231822044,1.38360236310461,"usgs_ws_02045500"
"175",2008,2012,220.576467210364,245.583689564996,213.68553664997,1826,1827,1827,0,0,0,281.723042212103,0.0740665453744653,-12.9296944918068,-6.03876393141292,18.9684584232197,"usgs_ws_02011470"
"176",2008,2012,195.880122736833,209.004538574636,201.47832139666,1826,1827,1827,0,0,0,43.3723440547559,0.0325832965613478,-0.642672839382897,-6.24087149921019,6.88354433859311,"usgs_ws_01636316"
"177",2008,2012,202.721019352068,232.213541929925,184.79074151923,1826,1827,1827,0,0,0,573.370958326799,0.115915062117677,-21.784359414511,-3.85408158167309,25.6384409961841,"usgs_ws_01634500"
"178",2008,2012,220.425212234299,253.247096315194,218.958478473735,1826,1827,1827,0,0,0,375.85611600362,0.0839711834036785,-11.9184505340076,-10.4517167734438,22.3701673074514,"usgs_ws_03474000"
"179",2008,2012,260.49236246058,258.105128088849,252.24746692222,1826,1827,1827,0,0,0,17.9982307878465,0.0165108384139613,-4.70085223499638,3.54404330336376,1.15680893163267,"usgs_ws_02069700"
"180",2008,2012,220.50462568319,228.825430905957,225.719473856954,1826,1827,1827,0,0,0,17.6795683701465,0.0186862194195778,0.702963708253804,-4.51188446551021,3.8089207572564,"usgs_ws_01644000"
"181",2008,2012,221.194999944152,228.483758097919,225.68608643735,1826,1827,1827,0,0,0,13.5204700056394,0.0163334790255045,0.564471610876126,-3.92661488232147,3.36214327144535,"usgs_ws_02038000"
"182",2008,2012,203.211264252536,227.385684472212,203.313768235827,1826,1827,1827,0,0,0,193.97837521927,0.0659128088476317,-7.98980408436461,-8.09230806765584,16.0821121520204,"usgs_ws_01638500"
"183",2008,2012,228.873319782602,233.672999655944,214.438094799133,1826,1827,1827,0,0,0,100.232368676747,0.044365622671865,-11.2233766134264,3.21184837004188,8.0115282433845,"usgs_ws_02077303"
"184",2008,2012,236.501747866217,241.743863550433,236.317838241485,1826,1827,1827,0,0,0,9.49255837501982,0.012935168635392,-1.8699783112265,-1.68606868649491,3.55604699772141,"usgs_ws_02071000"
"185",2008,2012,260.975361539422,270.458808691909,245.36066399075,1826,1827,1827,0,0,0,160.6119028118,0.048944487977359,-13.5709474166102,2.04375013206186,11.5271972845483,"usgs_ws_02068500"
"186",2008,2012,231.430275156091,242.869363690028,228.978016856724,1826,1827,1827,0,0,0,54.9726390162064,0.0316277085743272,-5.44786837755731,-2.99561007819008,8.44347845574737,"usgs_ws_02074000"
"187",2008,2012,265.340218989727,297.868058073062,253.3143493881,1826,1827,1827,0,0,0,531.285802115186,0.0846870755581849,-18.8598594288628,-6.83398982723611,25.693849256099,"usgs_ws_03161000"
"188",2008,2012,225.68952591844,232.555515703602,240.23994469013,1826,1827,1827,0,0,0,52.9844918350793,0.0312635697925881,7.41161591940585,-7.13880285228385,-0.27281306712203,"usgs_ws_02052500"
