"","start_year","end_year","prism_precip","daymet_precip","nldas_precip","CV","var","hydrocode","gage","area"
"1",2008,2012,206.599787227999,233.248887180452,203.737067498272,0.0758655317624782,264.886198913379,"usgs_ws_02019500","02019500",5365784522.49612
"2",2008,2012,195.371375459454,220.245800305432,196.36219658671,0.0690412796312425,198.357544086221,"usgs_ws_01622000","01622000",971856267.58662
"3",2008,2012,209.534510679964,235.740706441235,203.213210128775,0.0797872506740383,297.46025888228,"usgs_ws_02011400","02011400",407332735.234042
"4",2008,2012,213.135382698135,248.154366341584,NA,NA,NA,"usgs_ws_03473500","03473500",19156091.5240318
"5",2008,2012,220.65535260102,226.65935383916,215.75719918599,0.0247050892163303,29.8161523043993,"usgs_ws_01670400","01670400",886099663.319639
"6",2008,2012,223.39398502884,220.651328373859,212.83547319881,0.0250210883355849,30.0153216182218,"usgs_ws_02036500","02036500",57886589.7215646
"7",2008,2012,221.254629677616,228.478245998914,215.7511401276,0.0287740815772458,40.7413756406794,"usgs_ws_01656000","01656000",241631463.662678
"8",2008,2012,223.810864919792,230.794649935346,216.919075797655,0.0309944177477177,48.1335946830039,"usgs_ws_01671100","01671100",276332504.781457
"9",2008,2012,226.602310994287,226.171750639986,213.43057194536,0.03369915995179,56.0029543866826,"usgs_ws_02065500","02065500",252647034.169526
"10",2008,2012,208.104361529485,235.912479943453,202.614319385427,0.082823885663499,318.699918169478,"usgs_ws_02011800","02011800",893169520.411534
"11",2008,2012,208.401440225004,235.304191367358,200.90120184992,0.0841927555578988,327.262880407912,"usgs_ws_02012500","02012500",1061345672.12231
"12",2008,2012,238.457864717583,247.093698872419,232.359384332267,0.0309375986484168,54.8115199213345,"usgs_ws_02047500","02047500",749848252.778392
"13",2008,2012,218.879870328078,223.978842514483,213.57642635483,0.0237717758526474,27.0560495489523,"usgs_ws_02038850","02038850",22096843.5505302
"14",2008,2012,223.405618493925,228.826283906435,228.614908491354,0.0135291371647389,9.42749922629967,"usgs_ws_02044500","02044500",820524386.158795
"15",2008,2012,218.323186815224,232.324979580798,205.030321346235,0.0624491898409437,186.291473528057,"usgs_ws_02056650","02056650",144486541.602307
"16",2008,2012,239.090026621123,249.271633497909,234.879979197325,0.0306927684340001,54.7515552352608,"usgs_ws_01669520","01669520",282985893.809692
"17",2008,2012,239.686573493272,239.876176004523,NA,NA,NA,"usgs_ws_03177710","03177710",114620314.0111
"18",2008,2012,208.180420557124,225.910092662894,191.75980433764,0.0818693771733106,291.703350450618,"usgs_ws_01613900","01613900",41272610.2911715
"19",2008,2012,222.771081958503,225.507449707041,218.378355000592,0.0161843702703513,12.9346249859204,"usgs_ws_02041650","02041650",3475473272.4327
"20",2008,2012,196.147861542355,226.349992185217,194.608945755749,0.0870092630472844,320.338497600725,"usgs_ws_01628500","01628500",2793593902.13781
"21",2008,2012,213.376347264961,236.821597667734,206.31524245629,0.0729748085434528,255.029445975759,"usgs_ws_02021500","02021500",851391440.152936
"22",2008,2012,243.072421756059,252.265520832593,241.769393022593,0.0232842975756549,32.7299422525118,"usgs_ws_02072000","02072000",556864395.508404
"23",2008,2012,191.966207779094,204.679899464666,189.130003212824,0.042412025885003,68.580214343426,"usgs_ws_01633000","01633000",1315748433.86932
"24",2008,2012,212.939545432586,229.592489028814,202.364818922612,0.0638541313461937,188.41523176533,"usgs_ws_03167000","03167000",667477710.26182
"25",2008,2012,263.299956227582,282.780758758869,247.8298582375,0.0661803560774143,306.73184105673,"usgs_ws_03208800","03208800",95043793.8748591
"26",2008,2012,223.44651708228,252.275328634529,219.819357547533,0.0767061966288664,316.27445350092,"usgs_ws_03475000","03475000",534069647.552109
"27",2008,2012,232.141644958399,240.287833417271,243.07709189148,0.0238245171923909,32.2873914782701,"usgs_ws_02032250","02032250",199283814.488085
"28",2008,2012,197.823911129174,218.907405775704,196.692288103542,0.0611911535954879,156.550961728401,"usgs_ws_02054530","02054530",727631546.04281
"29",2008,2012,214.968294468373,244.323789703841,195.06455021669,0.113609105288652,614.06280176807,"usgs_ws_02014000","02014000",396744127.706971
"30",2008,2012,230.107519128278,243.248309053643,223.694316332923,0.0429008599010378,99.3613602131459,"usgs_ws_01663500","01663500",738284290.783199
"31",2008,2012,197.01518141196,225.55383692792,194.995809272183,0.0830176624671688,292.054296117717,"usgs_ws_01629500","01629500",3551793889.98061
"32",2008,2012,242.361194543932,266.091029950201,229.237813691085,0.0759638423860399,348.914627009765,"usgs_ws_03527000","03527000",2907445818.5179
"33",2008,2012,217.509533047922,237.834555433695,NA,NA,NA,"usgs_ws_01636690","01636690",34994960.5588756
"34",2008,2012,222.178606873875,238.169325215108,216.33293571736,0.0501158696438509,127.783808439359,"usgs_ws_02059485","02059485",322836034.276773
"35",2008,2012,225.013754063094,228.774316174556,228.17500904121,0.00888831253542829,4.08242157848367,"usgs_ws_02052000","02052000",1927152204.95598
"36",2008,2012,217.803272164405,245.721779772541,199.991353402097,0.104220155888736,531.329902180537,"usgs_ws_01627500","01627500",547846787.671377
"37",2008,2012,218.710204836593,231.298052682494,210.742009654988,0.0470564018865684,107.416158798726,"usgs_ws_02037500","02037500",17481116130.8158
"38",2008,2012,264.064626319241,284.229775288343,NA,NA,NA,"usgs_ws_03208700","03208700",48019209.6942083
"39",2008,2012,198.558990743458,226.753696582954,205.07406743285,0.0702492659838752,217.898996955064,"usgs_ws_02053800","02053800",283413786.56914
"40",2008,2012,237.675998222582,239.655803419903,NA,NA,NA,"usgs_ws_01652500","01652500",32594846.5125465
"41",2008,2012,197.784354870012,229.860345246178,189.75758672101,0.103105597994855,450.254901142953,"usgs_ws_02013000","02013000",419461445.677496
"42",2008,2012,217.092512212399,230.438224688351,210.69692694736,0.0459073253079509,101.455064811939,"usgs_ws_02060500","02060500",4613442943.13841
"43",2008,2012,205.937530617367,222.308925325986,201.640003078456,0.0519445374732599,118.949275754593,"usgs_ws_02056000","02056000",1318896498.48103
"44",2008,2012,232.221871592468,237.615554775578,230.035337628001,0.0167239580375067,15.2220735103261,"usgs_ws_02075045","02075045",5478165059.84464
"45",2008,2012,197.423200230385,227.133271389039,206.778074750651,0.0721835450258441,230.756005954938,"usgs_ws_02016000","02016000",1193758746.06934
"46",2008,2012,228.544698154867,234.67930131585,220.44925260917,0.0313198087817778,50.943980120098,"usgs_ws_01668000","01668000",4127911829.04237
"47",2008,2012,253.983164284224,253.217505938461,NA,NA,NA,"usgs_ws_01661800","01661800",17521831.4954999
"48",2008,2012,237.842084090248,238.748455662775,NA,NA,NA,"usgs_ws_01669000","01669000",72345930.9029209
"49",2008,2012,234.33173623992,246.704966334892,232.344875859866,0.0327212975609821,60.5427726006514,"usgs_ws_02073000","02073000",981525405.804484
"50",2008,2012,231.525034915656,244.151824892002,240.89484661858,0.0274447121780758,42.9728506547588,"usgs_ws_02070000","02070000",278486436.590555
"51",2008,2012,219.370485933105,227.496454425361,211.747459179138,0.0358745692266599,62.0287920157292,"usgs_ws_02066000","02066000",7678558027.17106
"52",2008,2012,216.119776001304,238.344515117063,233.56224029677,0.0510064283607196,136.841456986487,"usgs_ws_01638420","01638420",59861189.5381482
"53",2008,2012,179.958055761074,196.132769608424,188.62299555715,0.0429999869305011,65.5165426690752,"usgs_ws_01632082","01632082",118181776.223707
"54",2008,2012,203.526877760865,232.196855673412,201.063174133795,0.0815393148853048,299.557265879702,"usgs_ws_02016500","02016500",3549379261.86498
"55",2008,2012,241.961408463042,246.086731013736,227.684916256875,0.0404743941281155,93.2438837009686,"usgs_ws_02028500","02028500",245393985.112639
"56",2008,2012,195.005099420025,223.464841632887,192.75598597794,0.084015493107038,293.008208955722,"usgs_ws_01635500","01635500",223978841.944323
"57",2008,2012,216.157982126005,235.172531521113,210.225947968278,0.0590992005748404,169.845691484335,"usgs_ws_02029000","02029000",11857653436.5887
"58",2008,2012,219.539114642563,252.161369790348,NA,NA,NA,"usgs_ws_01620500","01620500",44659598.0088622
"59",2008,2012,279.596359843574,265.626224591156,NA,NA,NA,"usgs_ws_02071530","02071530",68186938.410185
"60",2008,2012,221.6640806239,245.590257500939,213.68553664997,0.073149034077473,275.671719412263,"usgs_ws_02011460","02011460",157590657.587209
"61",2008,2012,221.728438501865,229.799694046465,216.360523967552,0.0303856735090091,45.7618274873114,"usgs_ws_01673000","01673000",2791506385.69128
"62",2008,2012,230.66701647143,241.931536119146,216.87981002842,0.0545935096546005,157.427574086781,"usgs_ws_01646000","01646000",149646365.087063
"63",2008,2012,223.063173487122,225.872531399229,224.28762111525,0.00627664466173742,1.98395074676791,"usgs_ws_01643880","01643880",122168130.457453
"64",2008,2012,244.351140961783,271.549934705118,232.886453514522,0.0795612459057578,394.346369521899,"usgs_ws_03165500","03165500",3496114159.10409
"65",2008,2012,214.844129887338,241.523687990493,203.917261033897,0.0878951155541472,374.239771993626,"usgs_ws_02011500","02011500",346648774.053348
"66",2008,2012,272.430524662387,295.517371376094,249.780067295862,0.0838995364101266,522.99111577043,"usgs_ws_03531500","03531500",826493815.399906
"67",2008,2012,220.732538288531,232.877602077108,223.387654093835,0.0282941503919985,40.768554515565,"usgs_ws_03175500","03175500",578022259.33723
"68",2008,2012,234.860783766329,237.701884921168,220.669584220566,0.0394876463674632,83.2602112459003,"usgs_ws_01667500","01667500",1210019740.46022
"69",2008,2012,221.609287137114,226.478277752584,223.2771678137,0.0110568913342843,6.12266673428148,"usgs_ws_01673800","01673800",200730882.143942
"70",2008,2012,210.83007222611,239.520111988156,NA,NA,NA,"usgs_ws_02018500","02018500",88676820.5584542
"71",2008,2012,258.503527572515,289.691612943275,241.62498087112,0.0926251302893109,594.663854434149,"usgs_ws_03524500","03524500",225654466.800083
"72",2008,2012,219.229285975527,221.407787901081,NA,NA,NA,"usgs_ws_02079640","02079640",138607271.447473
"73",2008,2012,244.789156719564,262.013827854982,229.23845449736,0.0668229081229474,268.789789009748,"usgs_ws_02027000","02027000",240729505.758264
"74",2008,2012,232.337274008713,238.582429674897,214.18939912678,0.0554857978868696,160.561211891088,"usgs_ws_02056900","02056900",297708998.721141
"75",2008,2012,237.774028953906,267.680309330171,218.48710617195,0.102716453361811,614.39037221783,"usgs_ws_03165000","03165000",102072840.922244
"76",2008,2012,247.592017155607,261.789861657036,231.194858440957,0.062021948297111,234.416637365352,"usgs_ws_03208500","03208500",740436166.079864
"77",2008,2012,NA,236.417844023277,NA,NA,NA,"usgs_ws_01654500","01654500",9615198.40411969
"78",2008,2012,222.873993499734,223.253337947484,208.467749383547,0.0386304026255347,71.0495668212028,"usgs_ws_02030500","02030500",586227939.031891
"79",2008,2012,228.89577561795,254.644966749241,219.603298161484,0.0774526820787836,329.548253101467,"usgs_ws_03171000","03171000",7164832865.49279
"80",2008,2012,234.224387203441,277.390929112791,NA,NA,NA,"usgs_ws_02024915","02024915",70184162.7172679
"81",2008,2012,240.021861329708,261.310414071333,226.54160208493,0.0722512295057754,307.298359014194,"usgs_ws_03524000","03524000",1380470168.15182
"82",2008,2012,225.019493828718,228.050288610729,225.83926404333,0.00692750096482896,2.4577283088443,"usgs_ws_02051500","02051500",1429637356.96726
"83",2008,2012,224.692235876146,234.578725342098,221.58392495232,0.029899039275471,46.0448513216185,"usgs_ws_01664000","01664000",1603218330.32013
"84",2008,2012,220.860084713437,228.371183504354,214.97910034062,0.0303182092582585,45.0584122841,"usgs_ws_02074500","02074500",288622122.537259
"85",2008,2012,221.660713911974,232.529364398789,222.75324627094,0.0265219307702218,35.8156126682638,"usgs_ws_02055100","02055100",30260425.2791649
"86",2008,2012,228.426562578719,232.032196844169,215.794328339898,0.0378268574263746,72.707052313772,"usgs_ws_02077500","02077500",746336122.351962
"87",2008,2012,227.905166024314,227.117974235667,223.04269918315,0.0115473423367232,6.81185357453274,"usgs_ws_02031000","02031000",246607887.90553
"88",2008,2012,230.46685662641,244.171379143294,NA,NA,NA,"usgs_ws_01660400","01660400",90667126.4938592
"89",2008,2012,239.324881337763,239.061908479513,221.30125729789,0.0442948852329367,106.726818108361,"usgs_ws_01653000","01653000",87625394.9855376
"90",2008,2012,195.478982558299,233.048673960429,204.926785857255,0.0925546124621488,381.930548285749,"usgs_ws_02015700","02015700",283788240.656139
"91",2008,2012,183.359500581981,203.401664405151,192.28334005342,0.0520223505904852,100.823396336185,"usgs_ws_01621050","01621050",37059064.7025727
"92",2008,2012,224.661152582974,217.895398852069,207.971401018407,0.0387125482914323,70.4681606394646,"usgs_ws_02064000","02064000",427385214.956092
"93",2008,2012,238.117677400531,236.760981669835,220.873243287235,0.0413443055612765,91.9385603512386,"usgs_ws_01666500","01666500",464293046.257376
"94",2008,2012,232.326256940584,233.720169192794,221.96238363915,0.0280108012275818,41.2663970500839,"usgs_ws_02051000","02051000",144937406.448347
"95",2008,2012,220.514096582639,229.476404267018,216.823619545321,0.0292744053654503,42.3392568343407,"usgs_ws_01671025","01671025",1207710904.84417
"96",2008,2012,217.762012522194,227.949439937657,211.640871972548,0.0375978263623382,67.8702380077374,"usgs_ws_02062500","02062500",6223099594.926
"97",2008,2012,257.765944125177,277.053174192527,NA,NA,NA,"usgs_ws_02027500","02027500",123527986.977875
"98",2008,2012,231.1523527092,235.079513194226,227.107142898978,0.0172484055868431,15.8908333347377,"usgs_ws_02075500","02075500",6698712228.55323
"99",2008,2012,NA,261.902790015578,NA,NA,NA,"usgs_ws_02011490","02011490",12689912.2379998
"100",2008,2012,190.473734536676,204.377815098171,188.72299954816,0.044095659356552,73.5769631942404,"usgs_ws_01634000","01634000",1994017493.52069
"101",2008,2012,225.34057661692,232.650184647036,228.18790668597,0.0161084164457125,13.5749304463108,"usgs_ws_02042500","02042500",651065126.134058
"102",2008,2012,218.418440834513,232.054926687632,210.603474237994,0.0492677167352275,117.865376921017,"usgs_ws_02035000","02035000",16184361368.2907
"103",2008,2012,224.977122298854,226.735716087781,214.224259600548,0.030512560212887,45.8755419591682,"usgs_ws_02077000","02077000",1416008028.38206
"104",2008,2012,204.96607960512,233.011276881171,197.558117311247,0.088276174785613,349.72291984843,"usgs_ws_02013100","02013100",1583226778.02646
"105",2008,2012,237.476555641588,251.845894468881,231.12913662069,0.0441975966267163,112.658613716834,"usgs_ws_01665500","01665500",296487823.971996
"106",2008,2012,216.319234993949,235.342901535967,233.56224029677,0.0460013231181117,110.398645837297,"usgs_ws_01638480","01638480",231530033.229766
"107",2008,2012,217.902690663208,250.818942128703,NA,NA,NA,"usgs_ws_01626000","01626000",328514897.362503
"108",2008,2012,221.792078998974,225.768236575399,223.261469970578,0.00899123963225363,4.04213628517372,"usgs_ws_02061500","02061500",814828423.80029
"109",2008,2012,211.941105343667,236.049020500814,206.848868447485,0.0714584368123033,243.295221628089,"usgs_ws_02025500","02025500",8428090228.51836
"110",2008,2012,242.103492448418,254.686927602515,224.316370070811,0.0634832371998712,232.849221256655,"usgs_ws_03490000","03490000",1738263722.03573
"111",2008,2012,243.475129096359,273.219657321479,237.577743777477,0.0759846247612565,364.97701900207,"usgs_ws_03473000","03473000",785212583.985672
"112",2008,2012,223.992273439264,221.660891448785,215.20336817826,0.020668710234715,20.7299674102998,"usgs_ws_02039500","02039500",782176002.350829
"113",2008,2012,238.308988504069,269.112503061905,NA,NA,NA,"usgs_ws_03471500","03471500",198287155.934274
"114",2008,2012,200.106360208688,216.256046720147,192.76519070732,0.0591872302363917,144.420910046936,"usgs_ws_01632000","01632000",542767682.476967
"115",2008,2012,215.41417614937,231.430539478971,198.57863479146,0.0763575773700678,269.867831452827,"usgs_ws_02017500","02017500",271938885.682366
"116",2008,2012,217.138497061143,249.245764831376,193.08145072062,0.128186263130405,794.008050305207,"usgs_ws_01626850","01626850",382484766.219302
"117",2008,2012,250.402208491197,268.01671690293,233.245074377469,0.0693913341847451,302.284213583644,"usgs_ws_03209200","03209200",1362554358.44218
"118",2008,2012,224.584720467962,229.385856319071,217.461969599195,0.0268060904936058,35.9939266512969,"usgs_ws_02079500","02079500",20366675573.7567
"119",2008,2012,198.260065053162,218.755679531285,196.692288103542,0.0601786613337335,151.553563115562,"usgs_ws_02054500","02054500",658458238.142593
"120",2008,2012,215.870008584128,235.601222775405,NA,NA,NA,"usgs_ws_02022500","02022500",90906193.368695
"121",2008,2012,253.529268883265,269.910517132253,234.20600048692,0.0707683545885775,319.424417431502,"usgs_ws_03208950","03208950",172188912.950058
"122",2008,2012,222.378131884289,222.838965100557,215.061927157,0.0198240384187133,19.0369230067266,"usgs_ws_01643700","01643700",315311574.332072
"123",2008,2012,214.189096908429,238.039752239084,200.71349027499,0.0868465065585916,357.282594342174,"usgs_ws_02018000","02018000",851865579.038167
"124",2008,2012,242.896295840218,254.225951776588,233.822170555243,0.0419566002312119,104.502523575414,"usgs_ws_02049500","02049500",1587615689.12163
"125",2008,2012,239.635244589774,250.811641451919,241.769393022593,0.0243098738561562,35.2047821685185,"usgs_ws_02072500","02072500",669886699.671033
"126",2008,2012,220.626974769178,236.891991408014,NA,NA,NA,"usgs_ws_01638350","01638350",81829833.9597626
"127",2008,2012,224.850170708877,230.178337914865,220.156596246702,0.0222793051811876,25.1423855117213,"usgs_ws_01674000","01674000",663316340.43919
"128",2008,2012,189.893084736944,226.008860273811,193.678618365925,0.0976857641279646,393.987341551309,"usgs_ws_01625000","01625000",964748478.119823
"129",2008,2012,230.979499879067,234.221668594394,225.347290465287,0.0195084456603253,20.1646713396142,"usgs_ws_02076000","02076000",7150792121.92409
"130",2008,2012,239.337196058202,259.448972549798,227.67680011076,0.0663722737189685,258.319888132493,"usgs_ws_03521500","03521500",355023859.517368
"131",2008,2012,235.106237977158,236.82924848084,NA,NA,NA,"usgs_ws_01654000","01654000",61781349.3063163
"132",2008,2012,220.514096582639,229.233147465254,216.823619545321,0.0286795071873801,40.6063087087005,"usgs_ws_01671020","01671020",1195019430.59464
"133",2008,2012,221.793496840864,225.258516993978,211.635030030886,0.0322482072101791,50.1333682707385,"usgs_ws_01672500","01672500",1022231010.17991
"134",2008,2012,254.186064431307,275.941783946227,236.320398282238,0.0776666711290355,393.72459341607,"usgs_ws_03209000","03209000",572746327.341673
"135",2008,2012,215.225686715802,238.953042390772,NA,NA,NA,"usgs_ws_01636210","01636210",36245223.4625335
"136",2008,2012,218.651220240062,235.944810553242,222.30836807795,0.0403929317129843,83.0659266017047,"usgs_ws_01644280","01644280",197014722.305778
"137",2008,2012,198.459757248662,224.825598739268,196.618721922084,0.0763698356114126,249.02915139355,"usgs_ws_01631000","01631000",4230045448.71749
"138",2008,2012,210.250519697219,247.045543749446,211.386192101238,0.0938718639774453,437.792151130634,"usgs_ws_03170000","03170000",800468899.861655
"139",2008,2012,246.052308668383,252.021078448956,226.691912177346,0.0548099981956661,175.336304833082,"usgs_ws_03488000","03488000",572312493.930823
"140",2008,2012,222.339036652764,239.449914559959,NA,NA,NA,"usgs_ws_01643805","01643805",98653506.585549
"141",2008,2012,223.354660126207,246.363222097669,214.533947392053,0.0720489400432443,270.050270903098,"usgs_ws_03176500","03176500",9794840721.79541
"142",2008,2012,232.628179591249,226.080663958811,216.01486467946,0.0372086412866741,70.0320847412458,"usgs_ws_02039000","02039000",180131274.456192
"143",2008,2012,235.079935174015,259.682930145088,225.170263116949,0.0740484609798222,315.772191203412,"usgs_ws_03168000","03168000",5726801560.68145
"144",2008,2012,230.847150254711,236.072317149757,219.88063842052,0.0360967398570868,68.2895351602264,"usgs_ws_02032640","02032640",280429242.505543
"145",2008,2012,195.868941160528,206.296376446656,NA,NA,NA,"usgs_ws_01615000","01615000",150507297.201678
"146",2008,2012,212.848844382288,234.426777844031,207.84311617223,0.0646900045628549,199.559265878857,"usgs_ws_02026000","02026000",9444441426.31322
"147",2008,2012,246.796858493103,276.12374220243,237.750365196152,0.0791143580630697,402.403535323029,"usgs_ws_03164000","03164000",2954905986.34597
"148",2008,2012,215.911221945568,235.856323813048,206.466116337191,0.0683850695317067,225.133567321913,"usgs_ws_02024000","02024000",1673771710.86912
"149",2008,2012,210.477014352791,235.443683038591,205.74511875347,0.0734588300589158,254.621683637811,"usgs_ws_02024752","02024752",7961404152.46684
"150",2008,2012,223.099669411513,242.304439484959,217.68592519938,0.0568170200053121,167.367177599606,"usgs_ws_02058400","02058400",909415393.031254
"151",2008,2012,279.081134642916,300.375142634969,244.067141638705,0.103571624784153,808.334243109963,"usgs_ws_03529500","03529500",290185382.705737
"152",2008,2012,224.355246065014,223.537682857002,215.60781649974,0.021846143654713,23.3447856737599,"usgs_ws_02040000","02040000",1877236920.11687
"153",2008,2012,227.8643616326,226.480894482192,220.2830251804,0.0179539453956528,16.3007046066338,"usgs_ws_02034000","02034000",1715497565.62336
"154",2008,2012,186.970553489168,202.66787278433,186.15484855506,0.0484927465004902,86.6251961317076,"usgs_ws_01632900","01632900",242136650.317969
"155",2008,2012,204.860970225805,226.852497558015,204.588217564192,0.0602368937767148,163.23330534352,"usgs_ws_03173000","03173000",773227016.28835
"156",2008,2012,232.566614832312,236.565840530688,NA,NA,NA,"usgs_ws_01673550","01673550",66078662.1987425
"157",2008,2012,NA,241.619159503785,NA,NA,NA,"usgs_ws_01645784","01645784",2042210.76794874
"158",2008,2012,234.626849015286,241.811279470987,218.61346844491,0.051257885852779,141.030472444347,"usgs_ws_03478400","03478400",69749571.750196
"159",2008,2012,236.038060929086,243.28004038218,235.61082801718,0.018084822332905,18.5742687765853,"usgs_ws_02061000","02061000",294024722.017034
"160",2008,2012,221.832225626001,230.003329225737,225.177111753055,0.0182029235313239,16.8745953890327,"usgs_ws_02046000","02046000",291446814.970076
"161",2008,2012,228.595051401303,235.070449144903,233.283159516145,0.0143951949555994,11.1839229752241,"usgs_ws_02047000","02047000",3730477372.58245
"162",2008,2012,219.273939112042,233.677477676616,215.991381399063,0.0421908490208108,88.505851643187,"usgs_ws_02059500","02059500",485703761.838651
"163",2008,2012,220.119746005106,226.556826184866,220.165188442943,0.0166609312371605,13.7151832132987,"usgs_ws_02041000","02041000",408541002.191427
"164",2008,2012,195.557532512946,209.065200518739,202.61468421502,0.0333779035270802,45.6449409475571,"usgs_ws_01616100","01616100",28446307.5602715
"165",2008,2012,229.322436098797,243.394511507947,225.19084851781,0.0410231890625641,91.0777780864414,"usgs_ws_01674500","01674500",1559335859.90549
"166",2008,2012,235.706485002876,253.264891369901,NA,NA,NA,"usgs_ws_01658500","01658500",19725900.3190089
"167",2008,2012,233.782758405654,271.125302700466,229.422373231847,0.0936460418503678,525.43548325642,"usgs_ws_03207800","03207800",768290208.766574
"168",2008,2012,220.659176016834,239.016892414324,NA,NA,NA,"usgs_ws_01643590","01643590",20399448.1462486
"169",2008,2012,200.038951190593,219.829627138228,197.221714767385,0.0598950088923611,151.787562882708,"usgs_ws_02055000","02055000",993928750.789965
"170",2008,2012,212.477987779389,236.184841871478,206.630153574973,0.0716511610351764,244.948616021587,"usgs_ws_02020500","02020500",364961358.476462
"171",2008,2012,228.63133304919,229.639204031949,222.494681170685,0.0170407729562013,14.9530845184945,"usgs_ws_02030000","02030000",299384470.642828
"172",2008,2012,211.070889573673,225.610871524183,220.5242529413,0.03368107868919,54.441807114877,"usgs_ws_01662800","01662800",66665826.823936
"173",2008,2012,217.640452010338,231.388524004939,NA,NA,NA,"usgs_ws_01670300","01670300",14451379.0095834
"174",2008,2012,224.120264977297,229.791259658623,231.311447250634,0.0165931056150653,14.3640422464779,"usgs_ws_02045500","02045500",1493310197.58654
"175",2008,2012,220.576467210364,245.583689564996,213.68553664997,0.0740665453744653,281.723042212103,"usgs_ws_02011470","02011470",195632586.421466
"176",2008,2012,195.880122736833,209.004538574636,201.47832139666,0.0325832965613478,43.3723440547559,"usgs_ws_01636316","01636316",55343159.3744726
"177",2008,2012,202.721019352068,232.213541929925,184.79074151923,0.115915062117677,573.370958326799,"usgs_ws_01634500","01634500",264227056.477521
"178",2008,2012,220.425212234299,253.247096315194,218.958478473735,0.0839711834036785,375.85611600362,"usgs_ws_03474000","03474000",341053098.204821
"179",2008,2012,260.49236246058,258.105128088849,252.24746692222,0.0165108384139613,17.9982307878465,"usgs_ws_02069700","02069700",221502850.269753
"180",2008,2012,220.50462568319,228.825430905957,225.719473856954,0.0186862194195778,17.6795683701465,"usgs_ws_01644000","01644000",858758018.70125
"181",2008,2012,221.194999944152,228.483758097919,225.68608643735,0.0163334790255045,13.5204700056394,"usgs_ws_02038000","02038000",85695863.4688673
"182",2008,2012,203.211264252536,227.385684472212,203.313768235827,0.0659128088476317,193.97837521927,"usgs_ws_01638500","01638500",24734568589.6518
"183",2008,2012,228.873319782602,233.672999655944,214.438094799133,0.044365622671865,100.232368676747,"usgs_ws_02077303","02077303",526773223.247774
"184",2008,2012,236.501747866217,241.743863550433,236.317838241485,0.012935168635392,9.49255837501982,"usgs_ws_02071000","02071000",2710709999.84841
"185",2008,2012,260.975361539422,270.458808691909,245.36066399075,0.048944487977359,160.6119028118,"usgs_ws_02068500","02068500",321904888.090359
"186",2008,2012,231.430275156091,242.869363690028,228.978016856724,0.0316277085743272,54.9726390162064,"usgs_ws_02074000","02074000",1408838904.68747
"187",2008,2012,265.340218989727,297.868058073062,253.3143493881,0.0846870755581849,531.285802115186,"usgs_ws_03161000","03161000",533712043.008783
"188",2008,2012,225.68952591844,232.555515703602,240.23994469013,0.0312635697925881,52.9844918350793,"usgs_ws_02052500","02052500",179871003.549627
