"","start_year","end_year","prism_precip","daymet_precip","nldas_precip","daymet_ndays_with_data","prism_ndays_with_data","nldas2_ndays_with_data","daymet_missing","prism_missing","nldas2_missing","var","CV","nldas2_dif_from_mean","prism_dif_from_mean","daymet_dif_from_mean","hydrocode"
"1",2009,2013,218.834808449196,247.25192950656,211.040248157398,1824,1826,1826,0,0,0,363.262300910762,0.08444254170094,-14.6687472136533,-6.87418692185517,21.5429341355085,"usgs_ws_02019500"
"2",2009,2013,204.559600878799,229.709948049269,205.1514099943,1824,1826,1826,0,0,0,206.001998703617,0.0673395336300862,-7.98890964648908,-8.58071876199048,16.5696284084796,"usgs_ws_01622000"
"3",2009,2013,215.435975308424,242.05833975753,205.95633562581,1824,1826,1826,0,0,0,350.328093283327,0.0846350223133998,-15.1938812714446,-5.71424158883093,20.9081228602755,"usgs_ws_02011400"
"4",2009,2013,228.874170796992,267.262683728724,NA,1824,1826,0,0,0,1826,NA,NA,NA,NA,NA,"usgs_ws_03473500"
"5",2009,2013,226.192605759596,241.039741270016,222.993241151193,1824,1826,1826,0,0,0,92.724922216825,0.0418531777669653,-7.08195490907531,-3.88259030067229,10.9645452097476,"usgs_ws_01670400"
"6",2009,2013,229.922124923279,233.117968979746,222.49556896644,1824,1826,1826,0,0,0,29.7004224426677,0.0238491286022907,-6.0163186567151,1.41023730012398,4.60608135659112,"usgs_ws_02036500"
"7",2009,2013,225.522041003431,233.646293917031,228.024138881,1824,1826,1826,0,0,0,17.3121010737086,0.0181642616776545,-1.04001905282055,-3.54211693038994,4.58213598321049,"usgs_ws_01656000"
"8",2009,2013,230.091961982916,238.187100840252,228.328916604635,1824,1826,1826,0,0,0,27.6372330914657,0.022640191217306,-3.87374320463286,-2.11069782635138,5.98444103098424,"usgs_ws_01671100"
"9",2009,2013,233.046411670658,234.577563431036,222.87502192725,1824,1826,1826,0,0,0,40.4585121122387,0.0276352346340918,-7.29131041573112,2.88007932767664,4.41123108805445,"usgs_ws_02065500"
"10",2009,2013,214.097106558466,242.597569986482,204.590263365822,1824,1826,1826,0,0,0,391.201973276347,0.089729064707304,-15.8380499377681,-6.33120674512392,22.1692566828921,"usgs_ws_02011800"
"11",2009,2013,214.65155923668,242.518965901571,203.51119369801,1824,1826,1826,0,0,0,403.71773180775,0.0912363446365601,-16.7160459140771,-5.5756803754069,22.2917262894839,"usgs_ws_02012500"
"12",2009,2013,251.362150502842,259.900094324714,242.19391818622,1824,1826,1826,0,0,0,78.4102736607278,0.0352573567381864,-8.95813615170539,0.21009616491682,8.74803998678857,"usgs_ws_02047500"
"13",2009,2013,231.017003008559,238.53466217125,222.04461203001,1824,1826,1826,0,0,0,68.1567921364888,0.0358115549596613,-8.48748037326274,0.484910605285819,8.00256976797695,"usgs_ws_02038850"
"14",2009,2013,231.114364500634,235.274008811462,229.936633614534,1824,1826,1826,0,0,0,7.8628774709096,0.0120809202263221,-2.17170202767605,-0.993971141575827,3.1656731692519,"usgs_ws_02044500"
"15",2009,2013,238.324012540777,255.880152876577,218.5075195688,1824,1826,1826,0,0,0,349.604196259389,0.0787037986136667,-19.0630420932516,0.753450878725687,18.3095912145259,"usgs_ws_02056650"
"16",2009,2013,243.230902873326,257.937142943562,242.30982769763,1824,1826,1826,0,0,0,76.8891430464117,0.0353822720087569,-5.5161301405426,-4.59505496484709,10.1111851053897,"usgs_ws_01669520"
"17",2009,2013,249.833721853856,250.316273504313,NA,1824,1826,0,0,0,1826,NA,NA,NA,NA,NA,"usgs_ws_03177710"
"18",2009,2013,207.004619281542,226.042257137538,188.3125426336,1824,1826,1826,0,0,0,355.892790182872,0.0910831336127846,-18.8072637172932,-0.115187069351379,18.9224507866446,"usgs_ws_01613900"
"19",2009,2013,229.414960164082,233.954473715163,228.561494015403,1824,1826,1826,0,0,0,8.40330296490145,0.0125685021088832,-2.08214861614621,-1.22868246746734,3.31083108361355,"usgs_ws_02041650"
"20",2009,2013,207.389132181541,240.689812688971,205.646749770815,1824,1826,1826,0,0,0,389.997912901498,0.0906268407885918,-12.2618151096273,-10.5194326989015,22.7812478085287,"usgs_ws_01628500"
"21",2009,2013,224.19430351976,254.033702347128,214.89932133241,1824,1826,1826,0,0,0,418.047698941161,0.0884954927343763,-16.1431210673561,-6.84813888000565,22.9912599473618,"usgs_ws_02021500"
"22",2009,2013,265.840990856038,275.50862921301,259.591948578527,1824,1826,1826,0,0,0,64.3090805345779,0.0300370011266494,-7.38857430399833,-1.13953202648685,8.52810633048523,"usgs_ws_02072000"
"23",2009,2013,197.820925048244,212.816676803787,193.20241141586,1824,1826,1826,0,0,0,105.153774265743,0.0509462003740627,-8.07759300677037,-3.4590793743867,11.5366723811571,"usgs_ws_01633000"
"24",2009,2013,228.052472036386,247.851846020671,216.734524516895,1824,1826,1826,0,0,0,248.066473965477,0.0682179161304284,-14.1450896744221,-2.82714215493144,16.9722318293535,"usgs_ws_03167000"
"25",2009,2013,266.510722940979,297.476063669852,256.97765451589,1824,1826,1826,0,0,0,448.308810675729,0.0773723067808677,-16.6771591930173,-7.14409076792782,23.8212499609451,"usgs_ws_03208800"
"26",2009,2013,236.130552850813,270.177904037058,236.677566126027,1824,1826,1826,0,0,0,380.298997746006,0.0787414125216748,-10.9844415452724,-11.5314548204864,22.5158963657587,"usgs_ws_03475000"
"27",2009,2013,242.963789736974,252.239430277769,240.4332794402,1824,1826,1826,0,0,0,38.637697900588,0.0253491619988784,-4.77888704478096,-2.24837674800668,7.02726379278761,"usgs_ws_02032250"
"28",2009,2013,219.84411083086,242.4719171721,207.843511448034,1824,1826,1826,0,0,0,309.193081392373,0.078715078783967,-15.5430017022971,-3.54240231947136,19.0854040217685,"usgs_ws_02054530"
"29",2009,2013,228.847283472806,263.220253609317,203.151312457555,1824,1826,1826,0,0,0,908.343615585979,0.130054325206268,-28.5883040556708,-2.89233304042006,31.4806370960908,"usgs_ws_02014000"
"30",2009,2013,234.032725354477,247.072070906956,230.12897860029,1824,1826,1826,0,0,0,78.7220246783306,0.037424586475331,-6.94894635361786,-3.04519959943039,9.99414595304827,"usgs_ws_01663500"
"31",2009,2013,207.114542757241,239.034608254035,205.096031824163,1824,1826,1826,0,0,0,362.465322965472,0.087702093993759,-11.9856957876497,-9.96718485457231,21.952880642222,"usgs_ws_01629500"
"32",2009,2013,254.918770945994,281.805687427671,238.175599897756,1824,1826,1826,0,0,0,484.47076541856,0.0852136854761335,-20.1244195260511,-3.38124847781336,23.5056680038645,"usgs_ws_03527000"
"33",2009,2013,212.810448934652,234.558131941896,NA,1824,1826,0,0,0,1826,NA,NA,NA,NA,NA,"usgs_ws_01636690"
"34",2009,2013,241.467744952846,260.280295596724,223.500496018287,1824,1826,1826,0,0,0,338.247958839161,0.0760767560578459,-18.2490161709991,-0.281767236439492,18.5307834074386,"usgs_ws_02059485"
"35",2009,2013,232.947701280474,238.505206770147,224.540155841045,1824,1826,1826,0,0,0,49.4325558393722,0.0303055992492816,-7.45753212284384,0.950013316585398,6.50751880625842,"usgs_ws_02052000"
"36",2009,2013,231.510055685178,265.217154970735,210.094087204027,1824,1826,1826,0,0,0,772.227474707546,0.117946281153974,-25.5130120826199,-4.09704360146898,29.6100556840889,"usgs_ws_01627500"
"37",2009,2013,231.43557345555,246.591797947881,221.11047564833,1824,1826,1826,0,0,0,164.269428620698,0.0549967233169921,-11.9354733689234,-1.61037556170407,13.5458489306275,"usgs_ws_02037500"
"38",2009,2013,266.903302569548,298.980168401551,NA,1824,1826,0,0,0,1826,NA,NA,NA,NA,NA,"usgs_ws_03208700"
"39",2009,2013,220.976971344997,251.24545049807,212.59148487808,1824,1826,1826,0,0,0,413.437711946364,0.0890745686376991,-15.6798173623021,-7.29433089538531,22.9741482576875,"usgs_ws_02053800"
"40",2009,2013,231.831782222299,235.37341339869,NA,1824,1826,0,0,0,1826,NA,NA,NA,NA,NA,"usgs_ws_01652500"
"41",2009,2013,208.911294914259,243.642776821443,198.264936459333,1824,1826,1826,0,0,0,563.128196624819,0.109386735811142,-18.6747329390117,-8.02837448408613,26.7031074230979,"usgs_ws_02013000"
"42",2009,2013,234.020617382153,250.487393505378,220.26643784145,1824,1826,1826,0,0,0,228.939721995235,0.0644067937137607,-14.6583784015438,-0.90419886084041,15.5625772623842,"usgs_ws_02060500"
"43",2009,2013,226.269871979926,245.717130308013,214.463079884804,1824,1826,1826,0,0,0,249.068643985556,0.068971841504356,-14.3536141727772,-2.54682207765526,16.9004362504324,"usgs_ws_02056000"
"44",2009,2013,244.047615597118,250.751391796195,238.306476763242,1824,1826,1826,0,0,0,38.796200102428,0.0254887995371972,-6.06201795560975,-0.320879121733498,6.38289707734322,"usgs_ws_02075045"
"45",2009,2013,206.137909667009,236.750228910859,211.058913676476,1824,1826,1826,0,0,0,270.229008070171,0.0754127280724422,-6.92343707497187,-11.8444410844391,18.767878159411,"usgs_ws_02016000"
"46",2009,2013,234.339715831781,241.867969139489,226.709999938644,1824,1826,1826,0,0,0,57.4418654614598,0.0323467798267878,-7.5958950313271,0.0338208618094313,7.56207416951767,"usgs_ws_01668000"
"47",2009,2013,257.870252944353,254.573087868461,NA,1824,1826,0,0,0,1826,NA,NA,NA,NA,NA,"usgs_ws_01661800"
"48",2009,2013,241.146800446448,243.33565739964,NA,1824,1826,0,0,0,1826,NA,NA,NA,NA,NA,"usgs_ws_01669000"
"49",2009,2013,252.243394003391,266.070144662907,245.792336664798,1824,1826,1826,0,0,0,107.330778632403,0.0406752148548442,-8.90962177890054,-2.45856444030784,11.3681862192084,"usgs_ws_02073000"
"50",2009,2013,244.080546036488,259.765057625318,259.540504325025,1824,1826,1826,0,0,0,80.8441063746897,0.0353346817991659,5.07846832941451,-10.3814899591225,5.30302162970801,"usgs_ws_02070000"
"51",2009,2013,233.325513613677,243.484244925664,221.486597910557,1824,1826,1826,0,0,0,121.209370182659,0.0472987404768799,-11.2788542394089,0.560061463711094,10.7187927756978,"usgs_ws_02066000"
"52",2009,2013,215.932630342058,238.253984235798,231.61638885231,1824,1826,1826,0,0,0,131.380132188729,0.0501402758838603,3.01538770892134,-12.6683708013306,9.65298309240924,"usgs_ws_01638420"
"53",2009,2013,186.826585922794,203.274266807207,196.09861376721,1824,1826,1826,0,0,0,67.9977838955865,0.042201045976792,0.69879160147272,-8.57323624294278,7.87444464147006,"usgs_ws_01632082"
"54",2009,2013,213.029587238585,243.145682478335,206.330569823103,1824,1826,1826,0,0,0,384.534757773341,0.0887972149671435,-14.5047100235709,-7.80569260808983,22.3104026316608,"usgs_ws_02016500"
"55",2009,2013,255.456664034148,266.010407032461,235.366900720105,1824,1826,1826,0,0,0,242.334093400679,0.0617060712048657,-16.9110898754661,3.1786734385766,13.7324164368895,"usgs_ws_02028500"
"56",2009,2013,198.614889357192,228.630520575847,199.193927774637,1824,1826,1826,0,0,0,294.631066447911,0.0822018329938538,-9.61918479458851,-10.1982232120334,19.8174080066219,"usgs_ws_01635500"
"57",2009,2013,229.965509538796,251.337729046479,220.526216562414,1824,1826,1826,0,0,0,249.203553355713,0.0674787111293616,-13.4169351534825,-3.97764217710036,17.3945773305828,"usgs_ws_02029000"
"58",2009,2013,225.126499328776,266.1998200101,NA,1824,1826,0,0,0,1826,NA,NA,NA,NA,NA,"usgs_ws_01620500"
"59",2009,2013,306.689100981495,290.331216715452,NA,1824,1826,0,0,0,1826,NA,NA,NA,NA,NA,"usgs_ws_02071530"
"60",2009,2013,226.808475261787,250.540556045997,215.43591161092,1824,1826,1826,0,0,0,320.813820542413,0.0775620625187635,-15.4924026953146,-4.1198390444477,19.6122417397624,"usgs_ws_02011460"
"61",2009,2013,228.661148418561,240.968845135349,226.320603917553,1824,1826,1826,0,0,0,61.9214196347304,0.0339205819882029,-5.66292857293485,-3.32238407192659,8.98531264486147,"usgs_ws_01673000"
"62",2009,2013,227.560208070438,238.397937527045,216.74153830021,1824,1826,1826,0,0,0,117.249937140652,0.0475825663905002,-10.8250229990212,-0.00635322879270461,10.8313762278139,"usgs_ws_01646000"
"63",2009,2013,223.025207535568,228.157036565084,226.52574437108,1824,1826,1826,0,0,0,6.875090257863,0.0116069430040845,0.623081547169306,-2.87745528834267,2.25437374117334,"usgs_ws_01643880"
"64",2009,2013,272.893581185359,300.998137008917,261.581745092649,1824,1826,1826,0,0,0,411.912607587458,0.0728771091493315,-16.9094093363262,-5.5975732436163,22.5069825799424,"usgs_ws_03165500"
"65",2009,2013,220.64230884078,247.752930409074,205.140416550043,1824,1826,1826,0,0,0,465.186800633153,0.0960670279361374,-19.371468716589,-3.86957642585259,23.2410451424415,"usgs_ws_02011500"
"66",2009,2013,284.743638160217,307.88757752572,257.700267110825,1824,1826,1826,0,0,0,630.958662291713,0.0886203476695095,-25.7435604880959,1.29981056129623,24.4437499267997,"usgs_ws_03531500"
"67",2009,2013,230.173988820702,245.821925572041,234.206963085865,1824,1826,1826,0,0,0,66.005026592107,0.0343184237423019,-2.52732940700423,-6.56030367216732,9.08763307917158,"usgs_ws_03175500"
"68",2009,2013,244.8066781208,248.471083878256,226.332416510778,1824,1826,1826,0,0,0,140.807800733118,0.04946947652699,-13.5376429925005,4.93661861752216,8.60102437497832,"usgs_ws_01667500"
"69",2009,2013,222.537126227986,230.59494209665,222.75153367159,1824,1826,1826,0,0,0,21.0822371412458,0.0203801648173584,-2.5430003271521,-2.75740777075603,5.30040809790813,"usgs_ws_01673800"
"70",2009,2013,228.070486376362,263.442790146091,NA,1824,1826,0,0,0,1826,NA,NA,NA,NA,NA,"usgs_ws_02018500"
"71",2009,2013,270.128077930877,307.660128314652,252.36141973966,1824,1826,1826,0,0,0,797.042686559282,0.102024780416345,-24.3551222554029,-6.58846406418621,30.9435863195892,"usgs_ws_03524500"
"72",2009,2013,228.769517592447,232.041798821978,NA,1824,1826,0,0,0,1826,NA,NA,NA,NA,NA,"usgs_ws_02079640"
"73",2009,2013,261.948249871177,285.350328828969,241.541065471475,1824,1826,1826,0,0,0,480.560338432749,0.0833693640358985,-21.4054825857322,-0.998298186029899,22.4037807717622,"usgs_ws_02027000"
"74",2009,2013,254.06578306151,260.978850381901,223.37987653058,1824,1826,1826,0,0,0,400.51636567893,0.0813065034063524,-22.7616267940838,7.92427973684624,14.8373470572375,"usgs_ws_02056900"
"75",2009,2013,269.698478083677,301.408154511303,246.28448338725,1824,1826,1826,0,0,0,765.389640830305,0.10153894144885,-26.1792219401599,-2.76522724373325,28.9444491838932,"usgs_ws_03165000"
"76",2009,2013,261.706957138619,278.452348245217,244.4333603404,1824,1826,1826,0,0,0,289.346134621406,0.0650407968110224,-17.0975282343452,0.176068563873685,16.9214596704715,"usgs_ws_03208500"
"77",2009,2013,NA,231.875518783751,NA,1824,0,0,0,1826,1826,NA,NA,NA,NA,NA,"usgs_ws_01654500"
"78",2009,2013,234.42456660826,237.82874396236,217.05638492692,1824,1826,1826,0,0,0,124.122176378568,0.0484876971663361,-12.7135135722599,4.65466810908023,8.05884546317967,"usgs_ws_02030500"
"79",2009,2013,253.837012303227,280.860269933939,243.17100364073,1824,1826,1826,0,0,0,377.416831247458,0.0749248395017686,-16.1184249852352,-5.45241632273866,21.5708413079739,"usgs_ws_03171000"
"80",2009,2013,251.56239837538,300.245557469168,NA,1824,1826,0,0,0,1826,NA,NA,NA,NA,NA,"usgs_ws_02024915"
"81",2009,2013,250.13678279215,275.903119840944,236.3729510384,1824,1826,1826,0,0,0,402.663572502528,0.0789591048868231,-17.7646668520979,-4.00083509834789,21.7655019504458,"usgs_ws_03524000"
"82",2009,2013,232.799454810194,238.005709261655,223.10298053281,1824,1826,1826,0,0,0,57.2030037318141,0.0326985644811722,-8.19973433540991,1.49673994197451,6.70299439343538,"usgs_ws_02051500"
"83",2009,2013,227.937934127181,237.501968934594,228.92746291926,1824,1826,1826,0,0,0,27.6620137391245,0.0227234280475071,-2.52832574108476,-3.51785453316398,6.04618027424877,"usgs_ws_01664000"
"84",2009,2013,230.02323462952,239.613873089391,223.67833732167,1824,1826,1826,0,0,0,64.3632280199071,0.0347143700134731,-7.42681102519052,-1.0819137173402,8.50872474253069,"usgs_ws_02074500"
"85",2009,2013,238.886667890964,255.399967346729,236.77379714912,1824,1826,1826,0,0,0,104.014582986301,0.0418518916085514,-6.91301364648422,-4.80014290464047,11.7131565511247,"usgs_ws_02055100"
"86",2009,2013,230.332255898376,236.484327491079,220.99698941705,1824,1826,1826,0,0,0,60.8088042963972,0.0340121233164372,-8.2742015184516,1.06106496287413,7.21313655557751,"usgs_ws_02077500"
"87",2009,2013,240.674118319854,242.528942741417,226.15648432916,1824,1826,1826,0,0,0,80.3765774639455,0.0379157448714452,-10.2966974676504,4.22093652304375,6.07576094460666,"usgs_ws_02031000"
"88",2009,2013,229.011965895298,243.685250501519,NA,1824,1826,0,0,0,1826,NA,NA,NA,NA,NA,"usgs_ws_01660400"
"89",2009,2013,234.156971673119,234.922947966452,214.00537146835,1824,1826,1826,0,0,0,140.70311950812,0.05209525690452,-13.6897255676235,6.46187463714512,7.22785093047833,"usgs_ws_01653000"
"90",2009,2013,200.472352630254,238.110969826374,202.803465813025,1824,1826,1826,0,0,0,444.786572126595,0.0986454546444641,-10.9921302768592,-13.3232434596304,24.3153737364895,"usgs_ws_02015700"
"91",2009,2013,190.544425774071,211.325371562815,200.52112402938,1824,1826,1826,0,0,0,108.018996785995,0.0517598377725132,-0.275849759375518,-10.2525480146845,10.52839777406,"usgs_ws_01621050"
"92",2009,2013,231.361113755788,225.708318694058,217.009579127367,1824,1826,1826,0,0,0,52.2647847083051,0.0321747390019244,-7.68342473170426,6.66810989671745,1.01531483498681,"usgs_ws_02064000"
"93",2009,2013,245.466198872521,246.20895404458,226.03310630978,1824,1826,1826,0,0,0,130.876933935921,0.0478194819384325,-13.2029800991804,6.23011246356094,6.97286763561948,"usgs_ws_01666500"
"94",2009,2013,239.634317003873,244.667697263414,230.7270537264,1824,1826,1826,0,0,0,49.8359663595766,0.0296189050314342,-7.61596893816247,1.29129433931055,6.32467459885189,"usgs_ws_02051000"
"95",2009,2013,225.815609934805,240.982440689676,224.448679273087,1824,1826,1826,0,0,0,84.2110868602496,0.0398265604732322,-5.96689735943502,-4.599966697718,10.566864057153,"usgs_ws_01671025"
"96",2009,2013,233.533404605392,246.08816152432,221.7455471891,1824,1826,1826,0,0,0,148.189729405577,0.0520696800396477,-12.0434905838375,-0.255633167545142,12.2991237513826,"usgs_ws_02062500"
"97",2009,2013,275.522088870447,300.404514754495,NA,1824,1826,0,0,0,1826,NA,NA,NA,NA,NA,"usgs_ws_02027500"
"98",2009,2013,241.736743231964,246.809917121645,234.814572737961,1824,1826,1826,0,0,0,36.2569707576938,0.0249724862600892,-6.30583829256221,0.616332201440514,5.68950609112173,"usgs_ws_02075500"
"99",2009,2013,NA,268.171941676836,NA,1824,0,0,0,1826,1826,NA,NA,NA,NA,NA,"usgs_ws_02011490"
"100",2009,2013,196.510632807384,211.927931704185,192.684495933278,1824,1826,1826,0,0,0,103.773708153618,0.0508395307969307,-7.68985754833753,-3.86372067423173,11.5535782225693,"usgs_ws_01634000"
"101",2009,2013,234.179409109721,244.002830488898,236.960794297342,1824,1826,1826,0,0,0,25.6376641463259,0.0212406385724617,-1.42021700131124,-4.20160218893264,5.62181919024391,"usgs_ws_02042500"
"102",2009,2013,231.565458886804,247.47834767087,220.839766136918,1824,1826,1826,0,0,0,179.645756760005,0.0574518392203382,-12.4547580946127,-1.72906534472679,14.1838234393394,"usgs_ws_02035000"
"103",2009,2013,232.952406000336,235.24675982506,225.408004047466,1824,1826,1826,0,0,0,26.4971959251087,0.0222642279277563,-5.794385910155,1.75001604271537,4.0443698674396,"usgs_ws_02077000"
"104",2009,2013,212.722253771916,242.305630471433,201.937316526407,1824,1826,1826,0,0,0,436.848636516549,0.09544306581376,-17.0510837301782,-6.26614648466966,23.3172302148478,"usgs_ws_02013100"
"105",2009,2013,247.876410242551,259.705588268679,233.927990494275,1824,1826,1826,0,0,0,166.495402211148,0.0522041911637917,-13.2420058408933,0.706413907382597,12.5355919335107,"usgs_ws_01665500"
"106",2009,2013,213.727616736014,235.407762946699,231.61638885231,1824,1826,1826,0,0,0,134.068570844843,0.0510265218625308,4.69913267396885,-13.189639442327,8.49050676835819,"usgs_ws_01638480"
"107",2009,2013,231.704422845896,272.4440513181,NA,1824,1826,0,0,0,1826,NA,NA,NA,NA,NA,"usgs_ws_01626000"
"108",2009,2013,239.255087450296,244.021591664457,236.883279491705,1824,1826,1826,0,0,0,13.2167560152832,0.0151444923624813,-3.17004004378103,-0.798232085189568,3.96827212897063,"usgs_ws_02061500"
"109",2009,2013,225.329412998343,251.860600113311,216.720310434416,1824,1826,1826,0,0,0,335.47674923372,0.0791861300910937,-14.5831307476071,-5.97402818368064,20.5571589312878,"usgs_ws_02025500"
"110",2009,2013,253.227725535624,271.71929233125,234.523742633062,1824,1826,1826,0,0,0,345.880989387814,0.0734638260146676,-18.6331775335838,0.0708053689789381,18.5623721646049,"usgs_ws_03490000"
"111",2009,2013,266.217278259511,295.37644288829,255.86914604328,1824,1826,1826,0,0,0,419.694537702085,0.0751830394320393,-16.6184763537467,-6.27034413751596,22.8888204912628,"usgs_ws_03473000"
"112",2009,2013,235.354485166513,232.688374200056,226.502726248414,1824,1826,1826,0,0,0,20.6206707018747,0.0196142584164898,-5.01246895658005,3.83928996151855,1.17317899506151,"usgs_ws_02039500"
"113",2009,2013,258.975776952627,294.09475920521,NA,1824,1826,0,0,0,1826,NA,NA,NA,NA,NA,"usgs_ws_03471500"
"114",2009,2013,206.792536837309,224.438656447992,192.433317824697,1824,1826,1826,0,0,0,256.98573472641,0.0771124907469077,-15.4548525453025,-1.09563353269002,16.5504860779925,"usgs_ws_01632000"
"115",2009,2013,232.119560430801,252.899852630522,204.284477767627,1824,1826,1826,0,0,0,595.011173971888,0.106162976313614,-25.4834858420233,2.3515968211515,23.1318890208717,"usgs_ws_02017500"
"116",2009,2013,230.906230822258,270.477302164864,205.54664249119,1824,1826,1826,0,0,0,1070.82816219688,0.138868782163041,-30.0967493349138,-4.73716100384604,34.8339103387599,"usgs_ws_01626850"
"117",2009,2013,261.59181371607,284.094522924402,244.122960566485,1824,1826,1826,0,0,0,401.543091568227,0.0761140957436654,-19.1468051691675,-1.67795201958216,20.8247571887496,"usgs_ws_03209200"
"118",2009,2013,235.246778694825,241.723811858529,225.867597902366,1824,1826,1826,0,0,0,63.5567519941577,0.0340288091814464,-8.4117982495404,0.967382542918358,7.44441570662207,"usgs_ws_02079500"
"119",2009,2013,220.097421103517,241.958154052461,207.843511448034,1824,1826,1826,0,0,0,298.64313115626,0.0773905858422341,-15.4561840866366,-3.20227443115377,18.6584585177903,"usgs_ws_02054500"
"120",2009,2013,230.132463718571,248.986363494934,NA,1824,1826,0,0,0,1826,NA,NA,NA,NA,NA,"usgs_ws_02022500"
"121",2009,2013,262.095712335176,286.216312866957,243.37472591047,1824,1826,1826,0,0,0,461.280045946343,0.0813860951442463,-20.5208577937309,-1.79987136902537,22.3207291627563,"usgs_ws_03208950"
"122",2009,2013,223.14617625045,227.98568664619,219.30772472532,1824,1826,1826,0,0,0,18.9102656802204,0.0194585475377287,-4.17213781533351,-0.33368629020319,4.50582410553668,"usgs_ws_01643700"
"123",2009,2013,231.315191278521,258.387752678102,210.12752291762,1824,1826,1826,0,0,0,585.148441306675,0.103695864248287,-23.1492993737943,-1.96163101289298,25.1109303866873,"usgs_ws_02018000"
"124",2009,2013,253.162426178857,264.583081057671,242.499397681888,1824,1826,1826,0,0,0,121.970101004999,0.0435807227337953,-10.9155706242508,-0.2525421272816,11.1681127515324,"usgs_ws_02049500"
"125",2009,2013,261.022816159047,273.106026042152,259.591948578527,1824,1826,1826,0,0,0,55.1136054675045,0.0280596926575731,-4.98164834804862,-3.5507807675283,8.53242911557692,"usgs_ws_02072500"
"126",2009,2013,219.382257694341,240.251414909146,NA,1824,1826,0,0,0,1826,NA,NA,NA,NA,NA,"usgs_ws_01638350"
"127",2009,2013,224.353680287205,232.167365403099,220.485018668145,1824,1826,1826,0,0,0,35.416240508135,0.0263712019692433,-5.18366945133809,-1.31500783227762,6.49867728361571,"usgs_ws_01674000"
"128",2009,2013,201.8623871836,243.18589930825,207.365646098123,1824,1826,1826,0,0,0,503.50150883899,0.103180687164711,-10.1056647652009,-15.6089236797245,25.7145884449254,"usgs_ws_01625000"
"129",2009,2013,241.05601955048,245.674170393901,233.194132771734,1824,1826,1826,0,0,0,39.8146533308537,0.0262939527119956,-6.7806414669711,1.08124531177506,5.69939615519607,"usgs_ws_02076000"
"130",2009,2013,248.757992379082,273.608626442003,235.82395805353,1824,1826,1826,0,0,0,368.754070415112,0.0759820984578269,-16.9062342380082,-3.97219991245672,20.878434150465,"usgs_ws_03521500"
"131",2009,2013,230.900330291836,232.75042085716,NA,1824,1826,0,0,0,1826,NA,NA,NA,NA,NA,"usgs_ws_01654000"
"132",2009,2013,225.815609934805,240.823331328388,224.448679273087,1824,1826,1826,0,0,0,82.5382384655896,0.0394380777779287,-5.91386090567258,-4.54693024395556,10.4607911496282,"usgs_ws_01671020"
"133",2009,2013,231.107990800455,238.407921179185,224.816885967982,1824,1826,1826,0,0,0,46.2638702766031,0.0293883061309162,-6.62738001455858,-0.336275182085586,6.96365519664414,"usgs_ws_01672500"
"134",2009,2013,261.374933363834,291.119159282925,243.657360905613,1824,1826,1826,0,0,0,575.208942424484,0.0903729329308779,-21.7264569451779,-4.00888448695662,25.7353414321345,"usgs_ws_03209000"
"135",2009,2013,216.7417307882,238.954898428686,NA,1824,1826,0,0,0,1826,NA,NA,NA,NA,NA,"usgs_ws_01636210"
"136",2009,2013,218.602795000366,234.948575242112,226.28483479217,1824,1826,1826,0,0,0,66.8764442763719,0.0360872304012047,-0.32723355271267,-8.00927334451623,8.33650689722887,"usgs_ws_01644280"
"137",2009,2013,207.699188622356,236.913996102127,206.562104929303,1824,1826,1826,0,0,0,296.00587219533,0.0792635476060368,-10.4963249552921,-9.35924126223924,19.8555662175313,"usgs_ws_01631000"
"138",2009,2013,234.666588331614,272.516666006669,232.76412962957,1824,1826,1826,0,0,0,502.751979588867,0.0909069967173503,-13.8849983597143,-11.9825396576701,25.8675380173844,"usgs_ws_03170000"
"139",2009,2013,253.171455932738,267.582087409873,238.220618402844,1824,1826,1826,0,0,0,215.548284110973,0.05803186775177,-14.770768845641,0.180068684252603,14.5907001613884,"usgs_ws_03488000"
"140",2009,2013,222.209253072292,241.17001010795,NA,1824,1826,0,0,0,1826,NA,NA,NA,NA,NA,"usgs_ws_01643805"
"141",2009,2013,244.978915259228,270.148733970043,233.725933119595,1824,1826,1826,0,0,0,347.794967126933,0.0747112477455152,-15.8919276633602,-4.63894552372761,20.5308731870878,"usgs_ws_03176500"
"142",2009,2013,242.831908923558,236.682277880807,228.85887161522,1824,1826,1826,0,0,0,49.0449031964351,0.0296589765243167,-7.26548119130851,6.70755611702978,0.557925074278728,"usgs_ws_02039000"
"143",2009,2013,260.916021141381,286.827935093265,250.28248647862,1824,1826,1826,0,0,0,353.344859753269,0.0706648370199669,-15.7263277591354,-5.09279309637418,20.8191208555095,"usgs_ws_03168000"
"144",2009,2013,240.12331186171,244.421000915416,224.19056594473,1824,1826,1826,0,0,0,113.598837126761,0.0451153562909547,-12.0543936292222,3.87835228775796,8.17604134146421,"usgs_ws_02032640"
"145",2009,2013,196.480065735841,206.715149999896,NA,1824,1826,0,0,0,1826,NA,NA,NA,NA,NA,"usgs_ws_01615000"
"146",2009,2013,226.323274176669,250.220215531893,218.024571114032,1824,1826,1826,0,0,0,279.415299689693,0.0721990590106008,-13.4981158268324,-5.19941276419587,18.6975285910283,"usgs_ws_02026000"
"147",2009,2013,275.573479153515,305.429468587912,266.797660212391,1824,1826,1826,0,0,0,410.135286926208,0.0716623588317103,-15.8025424388818,-7.02672349775781,22.8292659366396,"usgs_ws_03164000"
"148",2009,2013,228.820508330673,253.58081860942,217.643920374413,1824,1826,1826,0,0,0,338.241623032846,0.0788149615512442,-15.7044953970891,-4.52790744082873,20.2324028379179,"usgs_ws_02024000"
"149",2009,2013,223.528543422294,250.905508606303,214.890099846861,1824,1826,1826,0,0,0,353.538433033678,0.0818306641357161,-14.8846174449583,-6.24617386952536,21.1307913144836,"usgs_ws_02024752"
"150",2009,2013,236.585691979348,259.235961432816,226.07317157326,1824,1826,1826,0,0,0,287.219737145361,0.0704294774894085,-14.5584367552148,-4.04591634912634,18.6043531043411,"usgs_ws_02058400"
"151",2009,2013,289.559887867716,312.664206620494,252.76375066558,1824,1826,1826,0,0,0,912.638313605839,0.106001170899329,-32.2321977190167,4.56393948311899,27.6682582358977,"usgs_ws_03529500"
"152",2009,2013,233.995408422212,233.751030826929,227.07616843352,1824,1826,1826,0,0,0,15.4148984001905,0.0169518713283032,-4.53136746070049,2.38787252799159,2.1434949327089,"usgs_ws_02040000"
"153",2009,2013,239.148118289774,238.897349633213,228.14874703705,1824,1826,1826,0,0,0,39.4302517741011,0.0266754573573347,-7.24932461629567,3.75004663642841,3.49927797986726,"usgs_ws_02034000"
"154",2009,2013,191.392970640155,210.381198237199,193.848933418525,1824,1826,1826,0,0,0,106.650053413447,0.0520151983683843,-4.69210068010139,-7.14806345847157,11.840164138573,"usgs_ws_01632900"
"155",2009,2013,214.839931379263,242.705176201472,209.585854121182,1824,1826,1826,0,0,0,316.827781982252,0.0800427104231688,-12.7911331127901,-7.53705585470956,20.3281889674997,"usgs_ws_03173000"
"156",2009,2013,241.987131735574,246.874660332717,NA,1824,1826,0,0,0,1826,NA,NA,NA,NA,NA,"usgs_ws_01673550"
"157",2009,2013,NA,237.937399107516,NA,1824,0,0,0,1826,1826,NA,NA,NA,NA,NA,"usgs_ws_01645784"
"158",2009,2013,249.651630798555,262.876555687043,229.31909233618,1824,1826,1826,0,0,0,285.735684195773,0.0683579432353705,-17.9633339377462,2.36920452462923,15.594129413117,"usgs_ws_03478400"
"159",2009,2013,256.584358118194,265.292938484089,249.520333559805,1824,1826,1826,0,0,0,62.4191468413837,0.0307257058508526,-7.61220982755751,-0.548185269168584,8.16039509672606,"usgs_ws_02061000"
"160",2009,2013,227.600984288671,238.410804394508,231.64335737081,1824,1826,1826,0,0,0,29.8318883457191,0.0234866364364265,-0.908357980519781,-4.95073106265852,5.85908904317833,"usgs_ws_02046000"
"161",2009,2013,237.848414875003,247.239333008746,235.47920967839,1824,1826,1826,0,0,0,38.6838295672506,0.0258947452103288,-4.70977617565651,-2.34057097904306,7.05034715469961,"usgs_ws_02047000"
"162",2009,2013,237.358252459257,254.437793489075,222.696630098635,1824,1826,1826,0,0,0,252.362557568893,0.0667015511197633,-15.4675952503542,-0.805972889731748,16.273568140086,"usgs_ws_02059500"
"163",2009,2013,225.856491289452,231.86742426704,229.897221257293,1824,1826,1826,0,0,0,9.3900856389487,0.0133692428812623,0.690175652698258,-3.35055431514343,2.6603786624452,"usgs_ws_02041000"
"164",2009,2013,196.709048813588,207.369212820572,201.00867153675,1824,1826,1826,0,0,0,28.7637229400892,0.026590470913187,-0.686972853553328,-4.98659557671539,5.67356843026872,"usgs_ws_01616100"
"165",2009,2013,230.530855648024,244.200775964786,228.96862185344,1824,1826,1826,0,0,0,70.2209691278925,0.0357245656097888,-5.59812930197651,-4.03589550739281,9.63402480936932,"usgs_ws_01674500"
"166",2009,2013,226.395613662808,249.063501711706,NA,1824,1826,0,0,0,1826,NA,NA,NA,NA,NA,"usgs_ws_01658500"
"167",2009,2013,250.504440629234,288.647444182432,237.1874115457,1824,1826,1826,0,0,0,713.394490440753,0.103213037808486,-21.5923539067553,-8.27532482322152,29.8676787299768,"usgs_ws_03207800"
"168",2009,2013,213.219349296159,244.927794899345,NA,1824,1826,0,0,0,1826,NA,NA,NA,NA,NA,"usgs_ws_01643590"
"169",2009,2013,221.128428911985,243.642662434529,209.525348051763,1824,1826,1826,0,0,0,300.9188895415,0.0771782831880037,-15.2401317476627,-3.63705088744067,18.8771826351034,"usgs_ws_02055000"
"170",2009,2013,221.768365975908,254.414432887998,213.79534773289,1824,1826,1826,0,0,0,463.207463928356,0.0935779858715642,-16.1973677993754,-8.2243495563576,24.421717355733,"usgs_ws_02020500"
"171",2009,2013,242.005031228638,244.117616066912,229.99623837113,1824,1826,1826,0,0,0,58.0145714367257,0.0319083738465451,-8.71005685109651,3.29873600641145,5.41132084468504,"usgs_ws_02030000"
"172",2009,2013,213.601140208235,226.209730682457,227.92585536336,1824,1826,1826,0,0,0,61.186516990421,0.0351434065921414,5.34694661200936,-8.97776854311581,3.63082193110648,"usgs_ws_01662800"
"173",2009,2013,220.969587864869,245.099896140268,NA,1824,1826,0,0,0,1826,NA,NA,NA,NA,NA,"usgs_ws_01670300"
"174",2009,2013,232.036062451418,238.424202428734,229.949722105854,1824,1826,1826,0,0,0,19.4963275250346,0.0189123427837378,-3.52027355614837,-1.43393321058394,4.95420676673231,"usgs_ws_02045500"
"175",2009,2013,225.811015450631,250.774169204447,215.43591161092,1824,1826,1826,0,0,0,329.932379127984,0.0787434411638283,-15.2377871444125,-4.86268330470187,20.1004704491143,"usgs_ws_02011470"
"176",2009,2013,196.965044767494,208.625194147212,202.73521577617,1824,1826,1826,0,0,0,33.9909670396758,0.0287519315284815,-0.0399357874552493,-5.81010679613149,5.85004258358677,"usgs_ws_01636316"
"177",2009,2013,207.105326340995,233.868489686126,185.12169445385,1824,1826,1826,0,0,0,595.966171434172,0.116974573257321,-23.576809039807,-1.59317715266164,25.1699861924686,"usgs_ws_01634500"
"178",2009,2013,233.398400355608,271.516197751835,235.59495792987,1824,1826,1826,0,0,0,458.021135643982,0.08670284474013,-11.2415607492343,-13.4381183234959,24.6796790727303,"usgs_ws_03474000"
"179",2009,2013,279.367397916825,276.39374070637,269.265800915265,1824,1826,1826,0,0,0,26.9487374754719,0.0188765375709679,-5.74317893088829,4.35841807067158,1.38476086021666,"usgs_ws_02069700"
"180",2009,2013,220.851104178977,232.428695211755,228.54104467194,1824,1826,1826,0,0,0,34.7149376045492,0.0259244275463205,1.26742998438263,-6.42251050858027,5.15508052419767,"usgs_ws_01644000"
"181",2009,2013,226.152435550811,238.885542620678,234.93326072216,1824,1826,1826,0,0,0,42.4759064246454,0.0279326658934931,1.60951442427691,-7.17131074707231,5.5617963227954,"usgs_ws_02038000"
"182",2009,2013,203.686427030659,227.84111572498,201.303763672333,1824,1826,1826,0,0,0,215.559520760796,0.069601228251347,-9.64000513699102,-7.25734177866485,16.8973469156559,"usgs_ws_01638500"
"183",2009,2013,231.547440122243,237.810860372819,219.99492982082,1824,1826,1826,0,0,0,81.6830514889119,0.0393319443928048,-9.78948028447411,1.76303001694905,8.02645026752506,"usgs_ws_02077303"
"184",2009,2013,249.023605512241,256.071124533109,NA,1824,1826,NA,0,0,NA,NA,NA,NA,NA,NA,"usgs_ws_02071000"
"185",2009,2013,283.769144534911,292.860282062072,263.355765571617,1824,1826,1826,0,0,0,228.311885928726,0.0539652117338895,-16.6392984845833,3.77408047871154,12.8652180058717,"usgs_ws_02068500"
"186",2009,2013,246.566070223221,258.75625515832,238.337537658894,1824,1826,1826,0,0,0,105.538896872578,0.0414431910271017,-9.54908335458458,-1.32055079025685,10.8696341448415,"usgs_ws_02074000"
"187",2009,2013,296.578918744766,330.245910874677,287.441602068775,1824,1826,1826,0,0,0,508.194294577294,0.0739713206994957,-17.313875160631,-8.17655848463966,25.4904336452706,"usgs_ws_03161000"
"188",2009,2013,232.318384398045,242.94709436944,232.54283423448,1824,1826,1826,0,0,0,36.8780803901709,0.0257388861611667,-3.39327009950813,-3.61771993594354,7.01099003545167,"usgs_ws_02052500"
