"","start_year","end_year","prism_precip","daymet_precip","nldas_precip","CV","var","hydrocode","gage","area"
"1",2009,2013,218.834808449196,247.25192950656,211.040248157398,0.08444254170094,363.262300910762,"usgs_ws_02019500","02019500",5365784522.49612
"2",2009,2013,204.559600878799,229.709948049269,205.1514099943,0.0673395336300862,206.001998703617,"usgs_ws_01622000","01622000",971856267.58662
"3",2009,2013,215.435975308424,242.05833975753,205.95633562581,0.0846350223133998,350.328093283327,"usgs_ws_02011400","02011400",407332735.234042
"4",2009,2013,228.874170796992,267.262683728724,NA,NA,NA,"usgs_ws_03473500","03473500",19156091.5240318
"5",2009,2013,226.192605759596,241.039741270016,222.993241151193,0.0418531777669653,92.724922216825,"usgs_ws_01670400","01670400",886099663.319639
"6",2009,2013,229.922124923279,233.117968979746,222.49556896644,0.0238491286022907,29.7004224426677,"usgs_ws_02036500","02036500",57886589.7215646
"7",2009,2013,225.522041003431,233.646293917031,228.024138881,0.0181642616776545,17.3121010737086,"usgs_ws_01656000","01656000",241631463.662678
"8",2009,2013,230.091961982916,238.187100840252,228.328916604635,0.022640191217306,27.6372330914657,"usgs_ws_01671100","01671100",276332504.781457
"9",2009,2013,233.046411670658,234.577563431036,222.87502192725,0.0276352346340918,40.4585121122387,"usgs_ws_02065500","02065500",252647034.169526
"10",2009,2013,214.097106558466,242.597569986482,204.590263365822,0.089729064707304,391.201973276347,"usgs_ws_02011800","02011800",893169520.411534
"11",2009,2013,214.65155923668,242.518965901571,203.51119369801,0.0912363446365601,403.71773180775,"usgs_ws_02012500","02012500",1061345672.12231
"12",2009,2013,251.362150502842,259.900094324714,242.19391818622,0.0352573567381864,78.4102736607278,"usgs_ws_02047500","02047500",749848252.778392
"13",2009,2013,231.017003008559,238.53466217125,222.04461203001,0.0358115549596613,68.1567921364888,"usgs_ws_02038850","02038850",22096843.5505302
"14",2009,2013,231.114364500634,235.274008811462,229.936633614534,0.0120809202263221,7.8628774709096,"usgs_ws_02044500","02044500",820524386.158795
"15",2009,2013,238.324012540777,255.880152876577,218.5075195688,0.0787037986136667,349.604196259389,"usgs_ws_02056650","02056650",144486541.602307
"16",2009,2013,243.230902873326,257.937142943562,242.30982769763,0.0353822720087569,76.8891430464117,"usgs_ws_01669520","01669520",282985893.809692
"17",2009,2013,249.833721853856,250.316273504313,NA,NA,NA,"usgs_ws_03177710","03177710",114620314.0111
"18",2009,2013,207.004619281542,226.042257137538,188.3125426336,0.0910831336127846,355.892790182872,"usgs_ws_01613900","01613900",41272610.2911715
"19",2009,2013,229.414960164082,233.954473715163,228.561494015403,0.0125685021088832,8.40330296490145,"usgs_ws_02041650","02041650",3475473272.4327
"20",2009,2013,207.389132181541,240.689812688971,205.646749770815,0.0906268407885918,389.997912901498,"usgs_ws_01628500","01628500",2793593902.13781
"21",2009,2013,224.19430351976,254.033702347128,214.89932133241,0.0884954927343763,418.047698941161,"usgs_ws_02021500","02021500",851391440.152936
"22",2009,2013,265.840990856038,275.50862921301,259.591948578527,0.0300370011266494,64.3090805345779,"usgs_ws_02072000","02072000",556864395.508404
"23",2009,2013,197.820925048244,212.816676803787,193.20241141586,0.0509462003740627,105.153774265743,"usgs_ws_01633000","01633000",1315748433.86932
"24",2009,2013,228.052472036386,247.851846020671,216.734524516895,0.0682179161304284,248.066473965477,"usgs_ws_03167000","03167000",667477710.26182
"25",2009,2013,266.510722940979,297.476063669852,256.97765451589,0.0773723067808677,448.308810675729,"usgs_ws_03208800","03208800",95043793.8748591
"26",2009,2013,236.130552850813,270.177904037058,236.677566126027,0.0787414125216748,380.298997746006,"usgs_ws_03475000","03475000",534069647.552109
"27",2009,2013,242.963789736974,252.239430277769,240.4332794402,0.0253491619988784,38.637697900588,"usgs_ws_02032250","02032250",199283814.488085
"28",2009,2013,219.84411083086,242.4719171721,207.843511448034,0.078715078783967,309.193081392373,"usgs_ws_02054530","02054530",727631546.04281
"29",2009,2013,228.847283472806,263.220253609317,203.151312457555,0.130054325206268,908.343615585979,"usgs_ws_02014000","02014000",396744127.706971
"30",2009,2013,234.032725354477,247.072070906956,230.12897860029,0.037424586475331,78.7220246783306,"usgs_ws_01663500","01663500",738284290.783199
"31",2009,2013,207.114542757241,239.034608254035,205.096031824163,0.087702093993759,362.465322965472,"usgs_ws_01629500","01629500",3551793889.98061
"32",2009,2013,254.918770945994,281.805687427671,238.175599897756,0.0852136854761335,484.47076541856,"usgs_ws_03527000","03527000",2907445818.5179
"33",2009,2013,212.810448934652,234.558131941896,NA,NA,NA,"usgs_ws_01636690","01636690",34994960.5588756
"34",2009,2013,241.467744952846,260.280295596724,223.500496018287,0.0760767560578459,338.247958839161,"usgs_ws_02059485","02059485",322836034.276773
"35",2009,2013,232.947701280474,238.505206770147,224.540155841045,0.0303055992492816,49.4325558393722,"usgs_ws_02052000","02052000",1927152204.95598
"36",2009,2013,231.510055685178,265.217154970735,210.094087204027,0.117946281153974,772.227474707546,"usgs_ws_01627500","01627500",547846787.671377
"37",2009,2013,231.43557345555,246.591797947881,221.11047564833,0.0549967233169921,164.269428620698,"usgs_ws_02037500","02037500",17481116130.8158
"38",2009,2013,266.903302569548,298.980168401551,NA,NA,NA,"usgs_ws_03208700","03208700",48019209.6942083
"39",2009,2013,220.976971344997,251.24545049807,212.59148487808,0.0890745686376991,413.437711946364,"usgs_ws_02053800","02053800",283413786.56914
"40",2009,2013,231.831782222299,235.37341339869,NA,NA,NA,"usgs_ws_01652500","01652500",32594846.5125465
"41",2009,2013,208.911294914259,243.642776821443,198.264936459333,0.109386735811142,563.128196624819,"usgs_ws_02013000","02013000",419461445.677496
"42",2009,2013,234.020617382153,250.487393505378,220.26643784145,0.0644067937137607,228.939721995235,"usgs_ws_02060500","02060500",4613442943.13841
"43",2009,2013,226.269871979926,245.717130308013,214.463079884804,0.068971841504356,249.068643985556,"usgs_ws_02056000","02056000",1318896498.48103
"44",2009,2013,244.047615597118,250.751391796195,238.306476763242,0.0254887995371972,38.796200102428,"usgs_ws_02075045","02075045",5478165059.84464
"45",2009,2013,206.137909667009,236.750228910859,211.058913676476,0.0754127280724422,270.229008070171,"usgs_ws_02016000","02016000",1193758746.06934
"46",2009,2013,234.339715831781,241.867969139489,226.709999938644,0.0323467798267878,57.4418654614598,"usgs_ws_01668000","01668000",4127911829.04237
"47",2009,2013,257.870252944353,254.573087868461,NA,NA,NA,"usgs_ws_01661800","01661800",17521831.4954999
"48",2009,2013,241.146800446448,243.33565739964,NA,NA,NA,"usgs_ws_01669000","01669000",72345930.9029209
"49",2009,2013,252.243394003391,266.070144662907,245.792336664798,0.0406752148548442,107.330778632403,"usgs_ws_02073000","02073000",981525405.804484
"50",2009,2013,244.080546036488,259.765057625318,259.540504325025,0.0353346817991659,80.8441063746897,"usgs_ws_02070000","02070000",278486436.590555
"51",2009,2013,233.325513613677,243.484244925664,221.486597910557,0.0472987404768799,121.209370182659,"usgs_ws_02066000","02066000",7678558027.17106
"52",2009,2013,215.932630342058,238.253984235798,231.61638885231,0.0501402758838603,131.380132188729,"usgs_ws_01638420","01638420",59861189.5381482
"53",2009,2013,186.826585922794,203.274266807207,196.09861376721,0.042201045976792,67.9977838955865,"usgs_ws_01632082","01632082",118181776.223707
"54",2009,2013,213.029587238585,243.145682478335,206.330569823103,0.0887972149671435,384.534757773341,"usgs_ws_02016500","02016500",3549379261.86498
"55",2009,2013,255.456664034148,266.010407032461,235.366900720105,0.0617060712048657,242.334093400679,"usgs_ws_02028500","02028500",245393985.112639
"56",2009,2013,198.614889357192,228.630520575847,199.193927774637,0.0822018329938538,294.631066447911,"usgs_ws_01635500","01635500",223978841.944323
"57",2009,2013,229.965509538796,251.337729046479,220.526216562414,0.0674787111293616,249.203553355713,"usgs_ws_02029000","02029000",11857653436.5887
"58",2009,2013,225.126499328776,266.1998200101,NA,NA,NA,"usgs_ws_01620500","01620500",44659598.0088622
"59",2009,2013,306.689100981495,290.331216715452,NA,NA,NA,"usgs_ws_02071530","02071530",68186938.410185
"60",2009,2013,226.808475261787,250.540556045997,215.43591161092,0.0775620625187635,320.813820542413,"usgs_ws_02011460","02011460",157590657.587209
"61",2009,2013,228.661148418561,240.968845135349,226.320603917553,0.0339205819882029,61.9214196347304,"usgs_ws_01673000","01673000",2791506385.69128
"62",2009,2013,227.560208070438,238.397937527045,216.74153830021,0.0475825663905002,117.249937140652,"usgs_ws_01646000","01646000",149646365.087063
"63",2009,2013,223.025207535568,228.157036565084,226.52574437108,0.0116069430040845,6.875090257863,"usgs_ws_01643880","01643880",122168130.457453
"64",2009,2013,272.893581185359,300.998137008917,261.581745092649,0.0728771091493315,411.912607587458,"usgs_ws_03165500","03165500",3496114159.10409
"65",2009,2013,220.64230884078,247.752930409074,205.140416550043,0.0960670279361374,465.186800633153,"usgs_ws_02011500","02011500",346648774.053348
"66",2009,2013,284.743638160217,307.88757752572,257.700267110825,0.0886203476695095,630.958662291713,"usgs_ws_03531500","03531500",826493815.399906
"67",2009,2013,230.173988820702,245.821925572041,234.206963085865,0.0343184237423019,66.005026592107,"usgs_ws_03175500","03175500",578022259.33723
"68",2009,2013,244.8066781208,248.471083878256,226.332416510778,0.04946947652699,140.807800733118,"usgs_ws_01667500","01667500",1210019740.46022
"69",2009,2013,222.537126227986,230.59494209665,222.75153367159,0.0203801648173584,21.0822371412458,"usgs_ws_01673800","01673800",200730882.143942
"70",2009,2013,228.070486376362,263.442790146091,NA,NA,NA,"usgs_ws_02018500","02018500",88676820.5584542
"71",2009,2013,270.128077930877,307.660128314652,252.36141973966,0.102024780416345,797.042686559282,"usgs_ws_03524500","03524500",225654466.800083
"72",2009,2013,228.769517592447,232.041798821978,NA,NA,NA,"usgs_ws_02079640","02079640",138607271.447473
"73",2009,2013,261.948249871177,285.350328828969,241.541065471475,0.0833693640358985,480.560338432749,"usgs_ws_02027000","02027000",240729505.758264
"74",2009,2013,254.06578306151,260.978850381901,223.37987653058,0.0813065034063524,400.51636567893,"usgs_ws_02056900","02056900",297708998.721141
"75",2009,2013,269.698478083677,301.408154511303,246.28448338725,0.10153894144885,765.389640830305,"usgs_ws_03165000","03165000",102072840.922244
"76",2009,2013,261.706957138619,278.452348245217,244.4333603404,0.0650407968110224,289.346134621406,"usgs_ws_03208500","03208500",740436166.079864
"77",2009,2013,NA,231.875518783751,NA,NA,NA,"usgs_ws_01654500","01654500",9615198.40411969
"78",2009,2013,234.42456660826,237.82874396236,217.05638492692,0.0484876971663361,124.122176378568,"usgs_ws_02030500","02030500",586227939.031891
"79",2009,2013,253.837012303227,280.860269933939,243.17100364073,0.0749248395017686,377.416831247458,"usgs_ws_03171000","03171000",7164832865.49279
"80",2009,2013,251.56239837538,300.245557469168,NA,NA,NA,"usgs_ws_02024915","02024915",70184162.7172679
"81",2009,2013,250.13678279215,275.903119840944,236.3729510384,0.0789591048868231,402.663572502528,"usgs_ws_03524000","03524000",1380470168.15182
"82",2009,2013,232.799454810194,238.005709261655,223.10298053281,0.0326985644811722,57.2030037318141,"usgs_ws_02051500","02051500",1429637356.96726
"83",2009,2013,227.937934127181,237.501968934594,228.92746291926,0.0227234280475071,27.6620137391245,"usgs_ws_01664000","01664000",1603218330.32013
"84",2009,2013,230.02323462952,239.613873089391,223.67833732167,0.0347143700134731,64.3632280199071,"usgs_ws_02074500","02074500",288622122.537259
"85",2009,2013,238.886667890964,255.399967346729,236.77379714912,0.0418518916085514,104.014582986301,"usgs_ws_02055100","02055100",30260425.2791649
"86",2009,2013,230.332255898376,236.484327491079,220.99698941705,0.0340121233164372,60.8088042963972,"usgs_ws_02077500","02077500",746336122.351962
"87",2009,2013,240.674118319854,242.528942741417,226.15648432916,0.0379157448714452,80.3765774639455,"usgs_ws_02031000","02031000",246607887.90553
"88",2009,2013,229.011965895298,243.685250501519,NA,NA,NA,"usgs_ws_01660400","01660400",90667126.4938592
"89",2009,2013,234.156971673119,234.922947966452,214.00537146835,0.05209525690452,140.70311950812,"usgs_ws_01653000","01653000",87625394.9855376
"90",2009,2013,200.472352630254,238.110969826374,202.803465813025,0.0986454546444641,444.786572126595,"usgs_ws_02015700","02015700",283788240.656139
"91",2009,2013,190.544425774071,211.325371562815,200.52112402938,0.0517598377725132,108.018996785995,"usgs_ws_01621050","01621050",37059064.7025727
"92",2009,2013,231.361113755788,225.708318694058,217.009579127367,0.0321747390019244,52.2647847083051,"usgs_ws_02064000","02064000",427385214.956092
"93",2009,2013,245.466198872521,246.20895404458,226.03310630978,0.0478194819384325,130.876933935921,"usgs_ws_01666500","01666500",464293046.257376
"94",2009,2013,239.634317003873,244.667697263414,230.7270537264,0.0296189050314342,49.8359663595766,"usgs_ws_02051000","02051000",144937406.448347
"95",2009,2013,225.815609934805,240.982440689676,224.448679273087,0.0398265604732322,84.2110868602496,"usgs_ws_01671025","01671025",1207710904.84417
"96",2009,2013,233.533404605392,246.08816152432,221.7455471891,0.0520696800396477,148.189729405577,"usgs_ws_02062500","02062500",6223099594.926
"97",2009,2013,275.522088870447,300.404514754495,NA,NA,NA,"usgs_ws_02027500","02027500",123527986.977875
"98",2009,2013,241.736743231964,246.809917121645,234.814572737961,0.0249724862600892,36.2569707576938,"usgs_ws_02075500","02075500",6698712228.55323
"99",2009,2013,NA,268.171941676836,NA,NA,NA,"usgs_ws_02011490","02011490",12689912.2379998
"100",2009,2013,196.510632807384,211.927931704185,192.684495933278,0.0508395307969307,103.773708153618,"usgs_ws_01634000","01634000",1994017493.52069
"101",2009,2013,234.179409109721,244.002830488898,236.960794297342,0.0212406385724617,25.6376641463259,"usgs_ws_02042500","02042500",651065126.134058
"102",2009,2013,231.565458886804,247.47834767087,220.839766136918,0.0574518392203382,179.645756760005,"usgs_ws_02035000","02035000",16184361368.2907
"103",2009,2013,232.952406000336,235.24675982506,225.408004047466,0.0222642279277563,26.4971959251087,"usgs_ws_02077000","02077000",1416008028.38206
"104",2009,2013,212.722253771916,242.305630471433,201.937316526407,0.09544306581376,436.848636516549,"usgs_ws_02013100","02013100",1583226778.02646
"105",2009,2013,247.876410242551,259.705588268679,233.927990494275,0.0522041911637917,166.495402211148,"usgs_ws_01665500","01665500",296487823.971996
"106",2009,2013,213.727616736014,235.407762946699,231.61638885231,0.0510265218625308,134.068570844843,"usgs_ws_01638480","01638480",231530033.229766
"107",2009,2013,231.704422845896,272.4440513181,NA,NA,NA,"usgs_ws_01626000","01626000",328514897.362503
"108",2009,2013,239.255087450296,244.021591664457,236.883279491705,0.0151444923624813,13.2167560152832,"usgs_ws_02061500","02061500",814828423.80029
"109",2009,2013,225.329412998343,251.860600113311,216.720310434416,0.0791861300910937,335.47674923372,"usgs_ws_02025500","02025500",8428090228.51836
"110",2009,2013,253.227725535624,271.71929233125,234.523742633062,0.0734638260146676,345.880989387814,"usgs_ws_03490000","03490000",1738263722.03573
"111",2009,2013,266.217278259511,295.37644288829,255.86914604328,0.0751830394320393,419.694537702085,"usgs_ws_03473000","03473000",785212583.985672
"112",2009,2013,235.354485166513,232.688374200056,226.502726248414,0.0196142584164898,20.6206707018747,"usgs_ws_02039500","02039500",782176002.350829
"113",2009,2013,258.975776952627,294.09475920521,NA,NA,NA,"usgs_ws_03471500","03471500",198287155.934274
"114",2009,2013,206.792536837309,224.438656447992,192.433317824697,0.0771124907469077,256.98573472641,"usgs_ws_01632000","01632000",542767682.476967
"115",2009,2013,232.119560430801,252.899852630522,204.284477767627,0.106162976313614,595.011173971888,"usgs_ws_02017500","02017500",271938885.682366
"116",2009,2013,230.906230822258,270.477302164864,205.54664249119,0.138868782163041,1070.82816219688,"usgs_ws_01626850","01626850",382484766.219302
"117",2009,2013,261.59181371607,284.094522924402,244.122960566485,0.0761140957436654,401.543091568227,"usgs_ws_03209200","03209200",1362554358.44218
"118",2009,2013,235.246778694825,241.723811858529,225.867597902366,0.0340288091814464,63.5567519941577,"usgs_ws_02079500","02079500",20366675573.7567
"119",2009,2013,220.097421103517,241.958154052461,207.843511448034,0.0773905858422341,298.64313115626,"usgs_ws_02054500","02054500",658458238.142593
"120",2009,2013,230.132463718571,248.986363494934,NA,NA,NA,"usgs_ws_02022500","02022500",90906193.368695
"121",2009,2013,262.095712335176,286.216312866957,243.37472591047,0.0813860951442463,461.280045946343,"usgs_ws_03208950","03208950",172188912.950058
"122",2009,2013,223.14617625045,227.98568664619,219.30772472532,0.0194585475377287,18.9102656802204,"usgs_ws_01643700","01643700",315311574.332072
"123",2009,2013,231.315191278521,258.387752678102,210.12752291762,0.103695864248287,585.148441306675,"usgs_ws_02018000","02018000",851865579.038167
"124",2009,2013,253.162426178857,264.583081057671,242.499397681888,0.0435807227337953,121.970101004999,"usgs_ws_02049500","02049500",1587615689.12163
"125",2009,2013,261.022816159047,273.106026042152,259.591948578527,0.0280596926575731,55.1136054675045,"usgs_ws_02072500","02072500",669886699.671033
"126",2009,2013,219.382257694341,240.251414909146,NA,NA,NA,"usgs_ws_01638350","01638350",81829833.9597626
"127",2009,2013,224.353680287205,232.167365403099,220.485018668145,0.0263712019692433,35.416240508135,"usgs_ws_01674000","01674000",663316340.43919
"128",2009,2013,201.8623871836,243.18589930825,207.365646098123,0.103180687164711,503.50150883899,"usgs_ws_01625000","01625000",964748478.119823
"129",2009,2013,241.05601955048,245.674170393901,233.194132771734,0.0262939527119956,39.8146533308537,"usgs_ws_02076000","02076000",7150792121.92409
"130",2009,2013,248.757992379082,273.608626442003,235.82395805353,0.0759820984578269,368.754070415112,"usgs_ws_03521500","03521500",355023859.517368
"131",2009,2013,230.900330291836,232.75042085716,NA,NA,NA,"usgs_ws_01654000","01654000",61781349.3063163
"132",2009,2013,225.815609934805,240.823331328388,224.448679273087,0.0394380777779287,82.5382384655896,"usgs_ws_01671020","01671020",1195019430.59464
"133",2009,2013,231.107990800455,238.407921179185,224.816885967982,0.0293883061309162,46.2638702766031,"usgs_ws_01672500","01672500",1022231010.17991
"134",2009,2013,261.374933363834,291.119159282925,243.657360905613,0.0903729329308779,575.208942424484,"usgs_ws_03209000","03209000",572746327.341673
"135",2009,2013,216.7417307882,238.954898428686,NA,NA,NA,"usgs_ws_01636210","01636210",36245223.4625335
"136",2009,2013,218.602795000366,234.948575242112,226.28483479217,0.0360872304012047,66.8764442763719,"usgs_ws_01644280","01644280",197014722.305778
"137",2009,2013,207.699188622356,236.913996102127,206.562104929303,0.0792635476060368,296.00587219533,"usgs_ws_01631000","01631000",4230045448.71749
"138",2009,2013,234.666588331614,272.516666006669,232.76412962957,0.0909069967173503,502.751979588867,"usgs_ws_03170000","03170000",800468899.861655
"139",2009,2013,253.171455932738,267.582087409873,238.220618402844,0.05803186775177,215.548284110973,"usgs_ws_03488000","03488000",572312493.930823
"140",2009,2013,222.209253072292,241.17001010795,NA,NA,NA,"usgs_ws_01643805","01643805",98653506.585549
"141",2009,2013,244.978915259228,270.148733970043,233.725933119595,0.0747112477455152,347.794967126933,"usgs_ws_03176500","03176500",9794840721.79541
"142",2009,2013,242.831908923558,236.682277880807,228.85887161522,0.0296589765243167,49.0449031964351,"usgs_ws_02039000","02039000",180131274.456192
"143",2009,2013,260.916021141381,286.827935093265,250.28248647862,0.0706648370199669,353.344859753269,"usgs_ws_03168000","03168000",5726801560.68145
"144",2009,2013,240.12331186171,244.421000915416,224.19056594473,0.0451153562909547,113.598837126761,"usgs_ws_02032640","02032640",280429242.505543
"145",2009,2013,196.480065735841,206.715149999896,NA,NA,NA,"usgs_ws_01615000","01615000",150507297.201678
"146",2009,2013,226.323274176669,250.220215531893,218.024571114032,0.0721990590106008,279.415299689693,"usgs_ws_02026000","02026000",9444441426.31322
"147",2009,2013,275.573479153515,305.429468587912,266.797660212391,0.0716623588317103,410.135286926208,"usgs_ws_03164000","03164000",2954905986.34597
"148",2009,2013,228.820508330673,253.58081860942,217.643920374413,0.0788149615512442,338.241623032846,"usgs_ws_02024000","02024000",1673771710.86912
"149",2009,2013,223.528543422294,250.905508606303,214.890099846861,0.0818306641357161,353.538433033678,"usgs_ws_02024752","02024752",7961404152.46684
"150",2009,2013,236.585691979348,259.235961432816,226.07317157326,0.0704294774894085,287.219737145361,"usgs_ws_02058400","02058400",909415393.031254
"151",2009,2013,289.559887867716,312.664206620494,252.76375066558,0.106001170899329,912.638313605839,"usgs_ws_03529500","03529500",290185382.705737
"152",2009,2013,233.995408422212,233.751030826929,227.07616843352,0.0169518713283032,15.4148984001905,"usgs_ws_02040000","02040000",1877236920.11687
"153",2009,2013,239.148118289774,238.897349633213,228.14874703705,0.0266754573573347,39.4302517741011,"usgs_ws_02034000","02034000",1715497565.62336
"154",2009,2013,191.392970640155,210.381198237199,193.848933418525,0.0520151983683843,106.650053413447,"usgs_ws_01632900","01632900",242136650.317969
"155",2009,2013,214.839931379263,242.705176201472,209.585854121182,0.0800427104231688,316.827781982252,"usgs_ws_03173000","03173000",773227016.28835
"156",2009,2013,241.987131735574,246.874660332717,NA,NA,NA,"usgs_ws_01673550","01673550",66078662.1987425
"157",2009,2013,NA,237.937399107516,NA,NA,NA,"usgs_ws_01645784","01645784",2042210.76794874
"158",2009,2013,249.651630798555,262.876555687043,229.31909233618,0.0683579432353705,285.735684195773,"usgs_ws_03478400","03478400",69749571.750196
"159",2009,2013,256.584358118194,265.292938484089,249.520333559805,0.0307257058508526,62.4191468413837,"usgs_ws_02061000","02061000",294024722.017034
"160",2009,2013,227.600984288671,238.410804394508,231.64335737081,0.0234866364364265,29.8318883457191,"usgs_ws_02046000","02046000",291446814.970076
"161",2009,2013,237.848414875003,247.239333008746,235.47920967839,0.0258947452103288,38.6838295672506,"usgs_ws_02047000","02047000",3730477372.58245
"162",2009,2013,237.358252459257,254.437793489075,222.696630098635,0.0667015511197633,252.362557568893,"usgs_ws_02059500","02059500",485703761.838651
"163",2009,2013,225.856491289452,231.86742426704,229.897221257293,0.0133692428812623,9.3900856389487,"usgs_ws_02041000","02041000",408541002.191427
"164",2009,2013,196.709048813588,207.369212820572,201.00867153675,0.026590470913187,28.7637229400892,"usgs_ws_01616100","01616100",28446307.5602715
"165",2009,2013,230.530855648024,244.200775964786,228.96862185344,0.0357245656097888,70.2209691278925,"usgs_ws_01674500","01674500",1559335859.90549
"166",2009,2013,226.395613662808,249.063501711706,NA,NA,NA,"usgs_ws_01658500","01658500",19725900.3190089
"167",2009,2013,250.504440629234,288.647444182432,237.1874115457,0.103213037808486,713.394490440753,"usgs_ws_03207800","03207800",768290208.766574
"168",2009,2013,213.219349296159,244.927794899345,NA,NA,NA,"usgs_ws_01643590","01643590",20399448.1462486
"169",2009,2013,221.128428911985,243.642662434529,209.525348051763,0.0771782831880037,300.9188895415,"usgs_ws_02055000","02055000",993928750.789965
"170",2009,2013,221.768365975908,254.414432887998,213.79534773289,0.0935779858715642,463.207463928356,"usgs_ws_02020500","02020500",364961358.476462
"171",2009,2013,242.005031228638,244.117616066912,229.99623837113,0.0319083738465451,58.0145714367257,"usgs_ws_02030000","02030000",299384470.642828
"172",2009,2013,213.601140208235,226.209730682457,227.92585536336,0.0351434065921414,61.186516990421,"usgs_ws_01662800","01662800",66665826.823936
"173",2009,2013,220.969587864869,245.099896140268,NA,NA,NA,"usgs_ws_01670300","01670300",14451379.0095834
"174",2009,2013,232.036062451418,238.424202428734,229.949722105854,0.0189123427837378,19.4963275250346,"usgs_ws_02045500","02045500",1493310197.58654
"175",2009,2013,225.811015450631,250.774169204447,215.43591161092,0.0787434411638283,329.932379127984,"usgs_ws_02011470","02011470",195632586.421466
"176",2009,2013,196.965044767494,208.625194147212,202.73521577617,0.0287519315284815,33.9909670396758,"usgs_ws_01636316","01636316",55343159.3744726
"177",2009,2013,207.105326340995,233.868489686126,185.12169445385,0.116974573257321,595.966171434172,"usgs_ws_01634500","01634500",264227056.477521
"178",2009,2013,233.398400355608,271.516197751835,235.59495792987,0.08670284474013,458.021135643982,"usgs_ws_03474000","03474000",341053098.204821
"179",2009,2013,279.367397916825,276.39374070637,269.265800915265,0.0188765375709679,26.9487374754719,"usgs_ws_02069700","02069700",221502850.269753
"180",2009,2013,220.851104178977,232.428695211755,228.54104467194,0.0259244275463205,34.7149376045492,"usgs_ws_01644000","01644000",858758018.70125
"181",2009,2013,226.152435550811,238.885542620678,234.93326072216,0.0279326658934931,42.4759064246454,"usgs_ws_02038000","02038000",85695863.4688673
"182",2009,2013,203.686427030659,227.84111572498,201.303763672333,0.069601228251347,215.559520760796,"usgs_ws_01638500","01638500",24734568589.6518
"183",2009,2013,231.547440122243,237.810860372819,219.99492982082,0.0393319443928048,81.6830514889119,"usgs_ws_02077303","02077303",526773223.247774
"184",2009,2013,283.769144534911,292.860282062072,263.355765571617,0.0539652117338895,228.311885928726,"usgs_ws_02068500","02068500",321904888.090359
"185",2009,2013,246.566070223221,258.75625515832,238.337537658894,0.0414431910271017,105.538896872578,"usgs_ws_02074000","02074000",1408838904.68747
"186",2009,2013,296.578918744766,330.245910874677,287.441602068775,0.0739713206994957,508.194294577294,"usgs_ws_03161000","03161000",533712043.008783
"187",2009,2013,232.318384398045,242.94709436944,232.54283423448,0.0257388861611667,36.8780803901709,"usgs_ws_02052500","02052500",179871003.549627
