"","start_year","end_year","prism_precip","daymet_precip","nldas_precip","CV","var","hydrocode","gage","area"
"1",2013,2017,221.312014272225,245.742598989302,199.5234654479,0.10406349847322,534.633772467695,"usgs_ws_02019500","02019500",5365784522.49612
"2",2013,2017,195.651836504872,223.315115845314,195.161990558022,0.0787196386427713,259.682572726829,"usgs_ws_01622000","01622000",971856267.58662
"3",2013,2017,213.801854048705,232.296208655425,196.843777555425,0.0827373236496096,314.415396928553,"usgs_ws_02011400","02011400",407332735.234042
"4",2013,2017,219.630236944311,250.419091910497,NA,NA,NA,"usgs_ws_03473500","03473500",19156091.5240318
"5",2013,2017,217.272360644698,227.93016532341,213.83325720218,0.0334581799250066,54.023175272723,"usgs_ws_01670400","01670400",886099663.319639
"6",2013,2017,242.468215033148,273.349254735372,232.20328287002,0.0858926644103374,458.666407691393,"usgs_ws_02036500","02036500",57886589.7215646
"7",2013,2017,229.538928125291,237.112670920495,218.12399967666,0.0418773765957656,91.371967836953,"usgs_ws_01656000","01656000",241631463.662678
"8",2013,2017,227.200159840794,235.723088903754,233.609147802415,0.0191154271291274,19.6973655807325,"usgs_ws_01671100","01671100",276332504.781457
"9",2013,2017,234.188866555663,229.884994108996,222.35679330095,0.0261737006973703,35.8658471580557,"usgs_ws_02065500","02065500",252647034.169526
"10",2013,2017,212.285468908351,234.39535907144,191.81292247656,0.100062674608771,453.53938446377,"usgs_ws_02011800","02011800",893169520.411534
"11",2013,2017,213.486280725993,235.206010650642,191.39299761538,0.102674310618051,479.906656305576,"usgs_ws_02012500","02012500",1061345672.12231
"12",2013,2017,252.808169841321,266.336131046381,243.196282900725,0.045747351893076,135.141112854742,"usgs_ws_02047500","02047500",749848252.778392
"13",2013,2017,239.959972609741,240.010928344166,224.84852692995,0.0371982255743727,76.3761339443292,"usgs_ws_02038850","02038850",22096843.5505302
"14",2013,2017,227.498898999867,239.509598701869,228.018718405632,0.0293051771277107,46.0945749214565,"usgs_ws_02044500","02044500",820524386.158795
"15",2013,2017,256.172476848792,261.015741641504,235.05550488266,0.0550516707066735,190.552935240995,"usgs_ws_02056650","02056650",144486541.602307
"16",2013,2017,238.338286274835,257.605538409842,234.272271191998,0.0512093158061283,155.366807091196,"usgs_ws_01669520","01669520",282985893.809692
"17",2013,2017,244.225025212634,237.113904130939,NA,NA,NA,"usgs_ws_03177710","03177710",114620314.0111
"18",2013,2017,202.272379318681,211.718197070478,178.60488778517,0.0863560205385786,290.977480052237,"usgs_ws_01613900","01613900",41272610.2911715
"19",2013,2017,235.486324642452,239.395036749574,230.779484771488,0.018339970374308,18.6100179657267,"usgs_ws_02041650","02041650",3475473272.4327
"20",2013,2017,205.094093050179,230.303028356807,198.474023340806,0.0794870396600886,282.0668837599,"usgs_ws_01628500","01628500",2793593902.13781
"21",2013,2017,211.917770684195,240.627502025715,186.73854572065,0.126534156302063,727.043609186048,"usgs_ws_02021500","02021500",851391440.152936
"22",2013,2017,270.713083051792,273.8703535696,266.429902402253,0.0138138168870748,13.9457178621453,"usgs_ws_02072000","02072000",556864395.508404
"23",2013,2017,200.335156871955,209.675397504538,186.628870464575,0.0582863880002888,134.374131793235,"usgs_ws_01633000","01633000",1315748433.86932
"24",2013,2017,222.601107502262,236.128205163382,217.815819392132,0.0421150878342814,90.2041376775778,"usgs_ws_03167000","03167000",667477710.26182
"25",2013,2017,237.105791744084,279.747805976834,230.18122666,0.107796402975205,720.522794100303,"usgs_ws_03208800","03208800",95043793.8748591
"26",2013,2017,233.787745635601,255.062672312016,228.090900071907,0.0594856750254341,202.092175372625,"usgs_ws_03475000","03475000",534069647.552109
"27",2013,2017,250.177582388374,240.954540761266,207.32865132749,0.0968682259217269,508.632638354714,"usgs_ws_02032250","02032250",199283814.488085
"28",2013,2017,227.163851801418,243.918045349259,220.98392641787,0.0514390254344734,140.811381723975,"usgs_ws_02054530","02054530",727631546.04281
"29",2013,2017,233.464911975045,273.608535438071,187.430607117985,0.186273235795932,1859.55050965931,"usgs_ws_02014000","02014000",396744127.706971
"30",2013,2017,236.682060501934,242.83412239504,220.117635267658,0.0503802098385435,138.044472714501,"usgs_ws_01663500","01663500",738284290.783199
"31",2013,2017,206.422596633012,229.517855518568,198.21023414258,0.0767925766917524,263.500172814557,"usgs_ws_01629500","01629500",3551793889.98061
"32",2013,2017,242.723214331551,262.231798926492,217.964985463882,0.0920650672681073,492.184257282557,"usgs_ws_03527000","03527000",2907445818.5179
"33",2013,2017,218.255734720325,233.814157431958,NA,NA,NA,"usgs_ws_01636690","01636690",34994960.5588756
"34",2013,2017,247.09100579734,256.673552747824,215.909784570223,0.0888494809431396,454.296426551637,"usgs_ws_02059485","02059485",322836034.276773
"35",2013,2017,235.259234130678,248.558764203686,224.15641631999,0.0517715400816586,149.270774289512,"usgs_ws_02052000","02052000",1927152204.95598
"36",2013,2017,229.170320638793,250.012198933259,205.063735406273,0.0986223154222798,505.979285975129,"usgs_ws_01627500","01627500",547846787.671377
"37",2013,2017,231.528962198396,244.786581931945,212.364326602107,0.0710078731521113,265.708396535187,"usgs_ws_02037500","02037500",17481116130.8158
"38",2013,2017,236.584051619723,280.947173264881,NA,NA,NA,"usgs_ws_03208700","03208700",48019209.6942083
"39",2013,2017,225.613347627304,251.440860648864,226.98959895227,0.0619160409319857,211.136449190598,"usgs_ws_02053800","02053800",283413786.56914
"40",2013,2017,222.154292720068,221.617176245701,NA,NA,NA,"usgs_ws_01652500","01652500",32594846.5125465
"41",2013,2017,216.308587969868,250.319228249635,192.426051416573,0.132434706750913,846.453188047213,"usgs_ws_02013000","02013000",419461445.677496
"42",2013,2017,240.095600623247,248.518843143243,226.335740808683,0.0469880003453769,125.39579764211,"usgs_ws_02060500","02060500",4613442943.13841
"43",2013,2017,235.21447339804,248.988614413766,224.666437264692,0.0516175206538833,148.759388043741,"usgs_ws_02056000","02056000",1318896498.48103
"44",2013,2017,246.589870731128,250.123003221309,235.928981384907,0.0302573611164871,54.6013071229655,"usgs_ws_02075045","02075045",5478165059.84464
"45",2013,2017,198.995542770984,228.100151676932,195.640780350689,0.0859961186450458,318.657246226633,"usgs_ws_02016000","02016000",1193758746.06934
"46",2013,2017,231.160780668134,237.677671074604,214.536667468286,0.0523842929918091,142.389508026491,"usgs_ws_01668000","01668000",4127911829.04237
"47",2013,2017,235.004536385608,250.189273656377,NA,NA,NA,"usgs_ws_01661800","01661800",17521831.4954999
"48",2013,2017,227.956884981294,237.011884325146,NA,NA,NA,"usgs_ws_01669000","01669000",72345930.9029209
"49",2013,2017,254.441332766244,264.026997302283,250.859129952046,0.0265486595322335,46.3516453588264,"usgs_ws_02073000","02073000",981525405.804484
"50",2013,2017,245.333729999439,256.518013749988,262.68696074852,0.0345171989672262,77.3797879190572,"usgs_ws_02070000","02070000",278486436.590555
"51",2013,2017,238.162597179754,242.83039583944,225.843453127238,0.0372475267655119,77.0176462036116,"usgs_ws_02066000","02066000",7678558027.17106
"52",2013,2017,222.396871993361,234.395266378156,231.15576655633,0.0270682156707618,38.5290101456442,"usgs_ws_01638420","01638420",59861189.5381482
"53",2013,2017,194.698046675259,201.79415967529,200.64839968866,0.0191387684230725,14.512381106711,"usgs_ws_01632082","01632082",118181776.223707
"54",2013,2017,212.336431304565,239.93192079873,193.579929250668,0.108304229872953,543.637421698686,"usgs_ws_02016500","02016500",3549379261.86498
"55",2013,2017,244.879405258768,255.925637556541,193.25453742826,0.144599182658465,1119.1355029638,"usgs_ws_02028500","02028500",245393985.112639
"56",2013,2017,204.109437851809,220.134928881328,198.307104461107,0.0544816574480498,127.822892405672,"usgs_ws_01635500","01635500",223978841.944323
"57",2013,2017,230.182123690767,247.777828264653,207.755899091344,0.0877600747678851,402.383197331423,"usgs_ws_02029000","02029000",11857653436.5887
"58",2013,2017,194.023490648222,253.917538693782,NA,NA,NA,"usgs_ws_01620500","01620500",44659598.0088622
"59",2013,2017,319.086274716507,285.627937448806,NA,NA,NA,"usgs_ws_02071530","02071530",68186938.410185
"60",2013,2017,220.092642851281,236.780570666056,203.69360605748,0.0751340758180114,273.693761587463,"usgs_ws_02011460","02011460",157590657.587209
"61",2013,2017,223.830140173248,235.012207286851,225.265076251691,0.0266808549037771,37.0173716498161,"usgs_ws_01673000","01673000",2791506385.69128
"62",2013,2017,221.159694967082,223.625330553101,206.41934768686,0.0428628027855094,86.5671738629993,"usgs_ws_01646000","01646000",149646365.087063
"63",2013,2017,226.823423254949,223.054996030722,232.69362565449,0.0213487661085264,23.5939168300086,"usgs_ws_01643880","01643880",122168130.457453
"64",2013,2017,273.320723521516,289.548144472699,255.525908981292,0.0623799220289519,289.582853846772,"usgs_ws_03165500","03165500",3496114159.10409
"65",2013,2017,215.273329191873,238.580681380618,192.814661862643,0.106164047514079,523.6921577958,"usgs_ws_02011500","02011500",346648774.053348
"66",2013,2017,277.789416133908,294.369745079601,230.667791883375,0.123496172710102,1092.215603495,"usgs_ws_03531500","03531500",826493815.399906
"67",2013,2017,231.212653550849,238.565328741217,224.882052538605,0.0295741663555626,46.8950648780376,"usgs_ws_03175500","03175500",578022259.33723
"68",2013,2017,237.157476965879,239.619557261098,209.094604052757,0.074172441998046,287.559907314917,"usgs_ws_01667500","01667500",1210019740.46022
"69",2013,2017,222.098903475108,222.586030807289,211.57248826483,0.0284468490901537,38.7234715919146,"usgs_ws_01673800","01673800",200730882.143942
"70",2013,2017,244.935362620182,269.781774484211,NA,NA,NA,"usgs_ws_02018500","02018500",88676820.5584542
"71",2013,2017,253.062433234571,286.014065806435,235.40076097461,0.0995071908960708,659.90856369476,"usgs_ws_03524500","03524500",225654466.800083
"72",2013,2017,237.376683345718,256.90201022767,NA,NA,NA,"usgs_ws_02079640","02079640",138607271.447473
"73",2013,2017,258.320724908487,270.255092504572,202.89606231972,0.147415309106397,1291.92688340683,"usgs_ws_02027000","02027000",240729505.758264
"74",2013,2017,252.169705247899,259.179887684241,230.66365211736,0.0600777737337162,220.804778325037,"usgs_ws_02056900","02056900",297708998.721141
"75",2013,2017,276.97224172696,290.295895071045,241.35200434576,0.0938793106104381,640.304248142507,"usgs_ws_03165000","03165000",102072840.922244
"76",2013,2017,239.884702436979,260.569358475379,221.516744947062,0.0811850947883044,381.723913528401,"usgs_ws_03208500","03208500",740436166.079864
"77",2013,2017,NA,221.474095766731,NA,NA,NA,"usgs_ws_01654500","01654500",9615198.40411969
"78",2013,2017,232.459163659824,235.715165976196,223.378296805317,0.0277354718060027,40.8770058088121,"usgs_ws_02030500","02030500",586227939.031891
"79",2013,2017,255.411005957167,270.091474919651,242.88997536749,0.053156540261103,185.368992312044,"usgs_ws_03171000","03171000",7164832865.49279
"80",2013,2017,244.258606263609,297.914259889425,NA,NA,NA,"usgs_ws_02024915","02024915",70184162.7172679
"81",2013,2017,235.860788991156,257.563904461718,223.28544903302,0.0725841237724988,300.69615046142,"usgs_ws_03524000","03524000",1380470168.15182
"82",2013,2017,233.709747169418,248.177093476543,221.654486193,0.0566259765187154,176.347020582811,"usgs_ws_02051500","02051500",1429637356.96726
"83",2013,2017,231.922959862358,239.127929930923,221.94124976947,0.037362519441311,74.488017506578,"usgs_ws_01664000","01664000",1603218330.32013
"84",2013,2017,244.685481839397,250.053320420354,234.56329989246,0.0323556217213759,61.8688323921112,"usgs_ws_02074500","02074500",288622122.537259
"85",2013,2017,236.121741736533,256.113130425961,229.55065939036,0.057502135794739,191.399935408183,"usgs_ws_02055100","02055100",30260425.2791649
"86",2013,2017,248.540751656773,260.624577083497,241.717964385898,0.0382530516918502,91.6715444640288,"usgs_ws_02077500","02077500",746336122.351962
"87",2013,2017,241.227202811958,237.735164522659,204.97096107796,0.0877315488910102,400.033737242269,"usgs_ws_02031000","02031000",246607887.90553
"88",2013,2017,225.671948464106,235.498619320531,NA,NA,NA,"usgs_ws_01660400","01660400",90667126.4938592
"89",2013,2017,221.297147165178,223.059659807168,201.65263645142,0.0551846989055692,141.212316824941,"usgs_ws_01653000","01653000",87625394.9855376
"90",2013,2017,191.076636345358,229.334033191225,187.97909363464,0.113582921550198,530.575701665944,"usgs_ws_02015700","02015700",283788240.656139
"91",2013,2017,193.549277845271,209.420979354061,197.56355944017,0.0412258839178633,68.1039620869345,"usgs_ws_01621050","01621050",37059064.7025727
"92",2013,2017,233.212452015304,226.372248791676,220.044714624607,0.0290696591939597,43.3692294610529,"usgs_ws_02064000","02064000",427385214.956092
"93",2013,2017,236.992507917945,240.460463197815,212.00481526994,0.0675526556872552,241.022566114923,"usgs_ws_01666500","01666500",464293046.257376
"94",2013,2017,226.112641875336,245.490452518577,225.541218248885,0.0488693707904242,128.966336372204,"usgs_ws_02051000","02051000",144937406.448347
"95",2013,2017,220.189118555809,228.979047288921,218.351409740406,0.0255281523090841,32.2644501143336,"usgs_ws_01671025","01671025",1207710904.84417
"96",2013,2017,238.533143488682,245.431842397452,226.307862832352,0.0409061163929029,93.7960213610525,"usgs_ws_02062500","02062500",6223099594.926
"97",2013,2017,269.784568178624,290.521726036359,NA,NA,NA,"usgs_ws_02027500","02027500",123527986.977875
"98",2013,2017,246.790265228047,249.704563728151,234.729361341841,0.0325735117837893,63.0358708018254,"usgs_ws_02075500","02075500",6698712228.55323
"99",2013,2017,NA,258.190976909072,NA,NA,NA,"usgs_ws_02011490","02011490",12689912.2379998
"100",2013,2017,199.238193859362,209.060138347143,184.540655678551,0.0624466407896907,152.28220873881,"usgs_ws_01634000","01634000",1994017493.52069
"101",2013,2017,243.881486015812,248.929348970626,236.691153403705,0.0252923539681507,37.8258723695856,"usgs_ws_02042500","02042500",651065126.134058
"102",2013,2017,231.118213890104,244.109100594459,210.362163415214,0.0744835567343761,289.738756276908,"usgs_ws_02035000","02035000",16184361368.2907
"103",2013,2017,249.27290674824,244.56899273556,240.435016536501,0.0180667815951085,19.5541449413057,"usgs_ws_02077000","02077000",1416008028.38206
"104",2013,2017,214.192458588768,239.293776765901,191.702913755738,0.110699504127807,566.791007179782,"usgs_ws_02013100","02013100",1583226778.02646
"105",2013,2017,251.318359661649,249.803981430359,203.984025505645,0.114459264377883,723.716815393722,"usgs_ws_01665500","01665500",296487823.971996
"106",2013,2017,217.507389659697,230.626916077248,231.15576655633,0.0341463156501692,59.7799746937655,"usgs_ws_01638480","01638480",231530033.229766
"107",2013,2017,228.203212847288,255.815485292513,NA,NA,NA,"usgs_ws_01626000","01626000",328514897.362503
"108",2013,2017,239.769250470127,245.809205986541,225.97922439092,0.0428535936423343,103.312341998022,"usgs_ws_02061500","02061500",814828423.80029
"109",2013,2017,225.918783803274,248.216286132641,203.996056305167,0.0978146205676641,488.868886179829,"usgs_ws_02025500","02025500",8428090228.51836
"110",2013,2017,243.808352007625,258.057335332292,220.506776251063,0.0787250598539461,359.340240973049,"usgs_ws_03490000","03490000",1738263722.03573
"111",2013,2017,255.482207054435,274.22276841403,232.20042853777,0.0828922841911336,443.187816607955,"usgs_ws_03473000","03473000",785212583.985672
"112",2013,2017,232.734306499687,231.13620599123,226.432156918968,0.0142379003679317,10.7331820411887,"usgs_ws_02039500","02039500",782176002.350829
"113",2013,2017,252.684017190544,269.39250809019,NA,NA,NA,"usgs_ws_03471500","03471500",198287155.934274
"114",2013,2017,204.318420810101,219.742603880328,173.349064737053,0.118646365631795,558.227818866936,"usgs_ws_01632000","01632000",542767682.476967
"115",2013,2017,242.688787291518,260.818202755378,194.64046731052,0.146949566615826,1169.46823777788,"usgs_ws_02017500","02017500",271938885.682366
"116",2013,2017,227.48626951801,254.087774187052,199.37490293798,0.12053726375913,748.564543661915,"usgs_ws_01626850","01626850",382484766.219302
"117",2013,2017,239.797808090601,264.674544167347,218.298302132988,0.0963318308477107,538.639429913832,"usgs_ws_03209200","03209200",1362554358.44218
"118",2013,2017,243.38985960123,247.649612723818,232.234220042608,0.0330190883316975,63.3713536905303,"usgs_ws_02079500","02079500",20366675573.7567
"119",2013,2017,226.311905193518,242.649222040828,220.98392641787,0.0490875186172488,127.446719005558,"usgs_ws_02054500","02054500",658458238.142593
"120",2013,2017,232.951201642289,239.239567724105,NA,NA,NA,"usgs_ws_02022500","02022500",90906193.368695
"121",2013,2017,239.376317600966,268.667337537314,225.08853493357,0.0909072310588769,493.536103139727,"usgs_ws_03208950","03208950",172188912.950058
"122",2013,2017,223.080313026739,231.140073679077,224.1490580483,0.0193590229648667,19.1627095406435,"usgs_ws_01643700","01643700",315311574.332072
"123",2013,2017,242.542367741596,263.135568137492,205.31557318756,0.123655330919313,858.844325220696,"usgs_ws_02018000","02018000",851865579.038167
"124",2013,2017,256.246388939253,267.227717221941,245.49977036508,0.0423844751032152,118.030509374254,"usgs_ws_02049500","02049500",1587615689.12163
"125",2013,2017,264.003614248279,270.639277752422,266.429902402253,0.0125738480404256,11.2729575308217,"usgs_ws_02072500","02072500",669886699.671033
"126",2013,2017,222.030025622457,235.642298559805,NA,NA,NA,"usgs_ws_01638350","01638350",81829833.9597626
"127",2013,2017,221.698580298232,225.401963360205,209.774163474838,0.037296347414349,66.6891486564781,"usgs_ws_01674000","01674000",663316340.43919
"128",2013,2017,201.589349434777,229.157288786078,195.899342662228,0.085157698940625,316.409739587599,"usgs_ws_01625000","01625000",964748478.119823
"129",2013,2017,246.984490197014,249.644288812638,235.276101886411,0.0313328904751617,58.4342801757549,"usgs_ws_02076000","02076000",7150792121.92409
"130",2013,2017,232.070708485994,252.944884255395,219.80383522944,0.0713194489199082,280.756087347491,"usgs_ws_03521500","03521500",355023859.517368
"131",2013,2017,220.420916329147,217.06702677986,NA,NA,NA,"usgs_ws_01654000","01654000",61781349.3063163
"132",2013,2017,220.189118555809,228.847120513578,218.351409740406,0.025195383416757,31.4163527041698,"usgs_ws_01671020","01671020",1195019430.59464
"133",2013,2017,225.335227343437,239.890399173445,226.62053182384,0.0349415733491998,64.9324023474187,"usgs_ws_01672500","01672500",1022231010.17991
"134",2013,2017,238.950237088313,269.625000989614,213.470637911878,0.116823072492296,790.577267876434,"usgs_ws_03209000","03209000",572746327.341673
"135",2013,2017,227.50717022796,236.715167152902,NA,NA,NA,"usgs_ws_01636210","01636210",36245223.4625335
"136",2013,2017,217.514101028476,226.691553643113,222.83084473804,0.0207242175646989,21.2330789028016,"usgs_ws_01644280","01644280",197014722.305778
"137",2013,2017,206.985986080139,228.218770945829,200.93337212601,0.0675759565900882,205.32637959783,"usgs_ws_01631000","01631000",4230045448.71749
"138",2013,2017,243.480746387914,267.205105014254,249.169251874158,0.0489019148467915,153.416047564885,"usgs_ws_03170000","03170000",800468899.861655
"139",2013,2017,238.932138113569,253.649079652558,230.970764094224,0.0477048039568166,132.379640183547,"usgs_ws_03488000","03488000",572312493.930823
"140",2013,2017,225.627536481122,233.342240105838,NA,NA,NA,"usgs_ws_01643805","01643805",98653506.585549
"141",2013,2017,247.537994769216,262.90051266025,232.085196669293,0.0622512653200699,237.396604115306,"usgs_ws_03176500","03176500",9794840721.79541
"142",2013,2017,235.096252419351,233.4839065506,226.8931933884,0.0187470300886304,18.8878894420224,"usgs_ws_02039000","02039000",180131274.456192
"143",2013,2017,261.181197389402,275.046925250655,246.645616818897,0.0544224566267007,201.695972046636,"usgs_ws_03168000","03168000",5726801560.68145
"144",2013,2017,248.785112385922,237.401252065507,201.080500315695,0.108756528901898,620.753216039502,"usgs_ws_02032640","02032640",280429242.505543
"145",2013,2017,198.101458918354,201.892247961633,NA,NA,NA,"usgs_ws_01615000","01615000",150507297.201678
"146",2013,2017,227.101582285307,247.336784743491,206.299854808936,0.0904273451243467,421.034150496426,"usgs_ws_02026000","02026000",9444441426.31322
"147",2013,2017,276.204909502678,294.285654518049,259.910705509186,0.0621213295200768,295.675257242401,"usgs_ws_03164000","03164000",2954905986.34597
"148",2013,2017,220.949955042697,241.23336583902,195.797228686231,0.103778964701059,518.086492677123,"usgs_ws_02024000","02024000",1673771710.86912
"149",2013,2017,223.916823286669,246.909402142021,201.452913865483,0.101425532266117,516.596372556307,"usgs_ws_02024752","02024752",7961404152.46684
"150",2013,2017,245.210179320278,249.745935974725,228.40724988653,0.0466225077282239,126.3751749924,"usgs_ws_02058400","02058400",909415393.031254
"151",2013,2017,273.859933732351,297.162436383709,236.184956279965,0.114356293807133,946.77727260948,"usgs_ws_03529500","03529500",290185382.705737
"152",2013,2017,233.922834658227,236.883767238783,227.7683692368,0.0199692275116422,21.6225078507815,"usgs_ws_02040000","02040000",1877236920.11687
"153",2013,2017,239.314103314916,231.693838115119,212.06928810361,0.0617335645846869,197.578560127944,"usgs_ws_02034000","02034000",1715497565.62336
"154",2013,2017,197.481576358521,207.279137691998,198.984172412025,0.0262194628874027,27.8427419965382,"usgs_ws_01632900","01632900",242136650.317969
"155",2013,2017,218.325168579473,241.883078133736,196.463425775232,0.103773796111487,515.97595356217,"usgs_ws_03173000","03173000",773227016.28835
"156",2013,2017,239.922150636276,249.383270156079,NA,NA,NA,"usgs_ws_01673550","01673550",66078662.1987425
"157",2013,2017,NA,226.166132445364,NA,NA,NA,"usgs_ws_01645784","01645784",2042210.76794874
"158",2013,2017,242.642050498483,262.426167750616,207.37508048642,0.117424316875904,777.632113041348,"usgs_ws_03478400","03478400",69749571.750196
"159",2013,2017,255.841271953561,267.127013641166,227.022797789095,0.0827249509717827,427.703424619477,"usgs_ws_02061000","02061000",294024722.017034
"160",2013,2017,231.036183306767,251.336171842645,233.979620443415,0.045939761667816,120.333872201387,"usgs_ws_02046000","02046000",291446814.970076
"161",2013,2017,238.686210021288,258.316541248127,238.241230697439,0.0467770873499026,131.427667396764,"usgs_ws_02047000","02047000",3730477372.58245
"162",2013,2017,240.493684079686,249.408330744597,217.24930629094,0.070436493377166,275.662479626177,"usgs_ws_02059500","02059500",485703761.838651
"163",2013,2017,237.855189242855,238.908769640723,232.761435402393,0.0139001518055501,10.8076796799546,"usgs_ws_02041000","02041000",408541002.191427
"164",2013,2017,199.645973696149,203.390051485173,201.51556944827,0.00928972535621823,3.50453161221471,"usgs_ws_01616100","01616100",28446307.5602715
"165",2013,2017,226.14543036533,238.050277429848,223.19093798904,0.0343305159513744,61.8757295747106,"usgs_ws_01674500","01674500",1559335859.90549
"166",2013,2017,223.451223279033,232.464167483856,NA,NA,NA,"usgs_ws_01658500","01658500",19725900.3190089
"167",2013,2017,237.166348517252,266.725148494933,206.736951532907,0.126627992832242,899.709105284378,"usgs_ws_03207800","03207800",768290208.766574
"168",2013,2017,210.565526960419,242.56335118841,NA,NA,NA,"usgs_ws_01643590","01643590",20399448.1462486
"169",2013,2017,230.408606552258,246.530558158195,223.19919533065,0.0511871428168049,142.707570856161,"usgs_ws_02055000","02055000",993928750.789965
"170",2013,2017,201.484800530357,241.936866041108,170.459613045517,0.175158052701894,1284.65492639189,"usgs_ws_02020500","02020500",364961358.476462
"171",2013,2017,238.977762013328,241.463675026637,207.733940916425,0.0819444721864244,353.341847231771,"usgs_ws_02030000","02030000",299384470.642828
"172",2013,2017,221.454686399249,233.554953187976,224.86139307863,0.027533130848388,38.9333490220881,"usgs_ws_01662800","01662800",66665826.823936
"173",2013,2017,211.313933017542,230.140649075269,NA,NA,NA,"usgs_ws_01670300","01670300",14451379.0095834
"174",2013,2017,231.993102190739,243.338223840274,230.022695570456,0.0305666310940365,51.6495967660491,"usgs_ws_02045500","02045500",1493310197.58654
"175",2013,2017,219.56200823251,238.023063575583,203.69360605748,0.0779446182021594,295.188067575959,"usgs_ws_02011470","02011470",195632586.421466
"176",2013,2017,201.516998655833,207.117780938004,206.15893809742,0.0146167751533194,8.97262392409779,"usgs_ws_01636316","01636316",55343159.3744726
"177",2013,2017,201.54739503139,219.916302950425,178.78044299808,0.102993479254716,424.651642840671,"usgs_ws_01634500","01634500",264227056.477521
"178",2013,2017,229.983952918628,253.624598695702,225.76566915749,0.0635018039461317,225.465667610273,"usgs_ws_03474000","03474000",341053098.204821
"179",2013,2017,279.700581601619,267.954043417201,266.51688407652,0.026649880715034,52.3094111203024,"usgs_ws_02069700","02069700",221502850.269753
"180",2013,2017,224.379048862598,231.874406476368,229.894780048626,0.0169826782399063,15.0870995113731,"usgs_ws_01644000","01644000",858758018.70125
"181",2013,2017,239.333735663555,241.881106704488,233.80246483594,0.0173288538517373,17.0580851048126,"usgs_ws_02038000","02038000",85695863.4688673
"182",2013,2017,200.072913501479,217.087401507245,189.067091613589,0.0698605233940938,199.293114010472,"usgs_ws_01638500","01638500",24734568589.6518
"183",2013,2017,250.207286902442,262.108781636368,237.96834897528,0.0482641347082694,145.699611258524,"usgs_ws_02077303","02077303",526773223.247774
"184",2013,2017,245.509551968548,248.417509995938,233.452463115881,0.0327269344038013,62.9637066020858,"usgs_ws_02071000","02071000",2710709999.84841
"185",2013,2017,277.886033537333,281.157466797704,255.657951703513,0.051090597633222,192.502527937815,"usgs_ws_02068500","02068500",321904888.090359
"186",2013,2017,250.48900111894,258.591882439699,243.642297905353,0.0298260373298688,56.004018057138,"usgs_ws_02074000","02074000",1408838904.68747
"187",2013,2017,309.97493338744,328.398828359869,298.159883447195,0.0488162802406881,232.238183412885,"usgs_ws_03161000","03161000",533712043.008783
"188",2013,2017,245.99523132401,256.176465431588,239.63523963918,0.0337440296715828,69.619862149975,"usgs_ws_02052500","02052500",179871003.549627
