"","start_year","end_year","prism_precip","daymet_precip","nldas_precip","daymet_ndays_with_data","prism_ndays_with_data","nldas2_ndays_with_data","daymet_missing","prism_missing","nldas2_missing","var","CV","nldas2_dif_from_mean","prism_dif_from_mean","daymet_dif_from_mean","hydrocode"
"1",2013,2017,221.312014272225,245.742598989302,199.5234654479,1824,1826,1826,0,0,0,534.633772467695,0.10406349847322,-22.6692274552422,-0.880678630917146,23.5499060861594,"usgs_ws_02019500"
"2",2013,2017,195.651836504872,223.315115845314,195.161990558022,1824,1826,1826,0,0,0,259.682572726829,0.0787196386427713,-9.54765707804756,-9.05781113119735,18.6054682092449,"usgs_ws_01622000"
"3",2013,2017,213.801854048705,232.296208655425,196.843777555425,1824,1826,1826,0,0,0,314.415396928553,0.0827373236496096,-17.47016919776,-0.51209270448021,17.9822619022403,"usgs_ws_02011400"
"4",2013,2017,219.630236944311,250.419091910497,NA,1824,1826,0,0,0,1826,NA,NA,NA,NA,NA,"usgs_ws_03473500"
"5",2013,2017,217.272360644698,227.93016532341,213.83325720218,1824,1826,1826,0,0,0,54.023175272723,0.0334581799250066,-5.84533718791599,-2.4062337453984,8.25157093331435,"usgs_ws_01670400"
"6",2013,2017,242.468215033148,273.349254735372,232.20328287002,1824,1826,1826,0,0,0,458.666407691393,0.0858926644103374,-17.1369680094935,-6.87203584636541,24.009003855859,"usgs_ws_02036500"
"7",2013,2017,229.538928125291,237.112670920495,218.12399967666,1824,1826,1826,0,0,0,91.371967836953,0.0418773765957656,-10.134533230822,1.28039521780903,8.854138013013,"usgs_ws_01656000"
"8",2013,2017,227.200159840794,235.723088903754,233.609147802415,1824,1826,1826,0,0,0,19.6973655807325,0.0191154271291274,1.43168228676058,-4.97730567486059,3.54562338809998,"usgs_ws_01671100"
"9",2013,2017,234.188866555663,229.884994108996,222.35679330095,1824,1826,1826,0,0,0,35.8658471580557,0.0261737006973703,-6.45342468758636,5.37864856712645,1.07477612045989,"usgs_ws_02065500"
"10",2013,2017,212.285468908351,234.39535907144,191.81292247656,1824,1826,1826,0,0,0,453.53938446377,0.100062674608771,-21.0183276755569,-0.545781243765816,21.5641089193227,"usgs_ws_02011800"
"11",2013,2017,213.486280725993,235.206010650642,191.39299761538,1824,1826,1826,0,0,0,479.906656305576,0.102674310618051,-21.9687653819585,0.124517728654752,21.8442476533037,"usgs_ws_02012500"
"12",2013,2017,252.808169841321,266.336131046381,243.196282900725,1824,1826,1826,0,0,0,135.141112854742,0.045747351893076,-10.9172450287506,-1.305358088155,12.2226031169057,"usgs_ws_02047500"
"13",2013,2017,239.959972609741,240.010928344166,224.84852692995,1824,1826,1826,0,0,0,76.3761339443292,0.0371982255743727,-10.0912823646691,5.020163315122,5.07111904954709,"usgs_ws_02038850"
"14",2013,2017,227.498898999867,239.509598701869,228.018718405632,1824,1826,1826,0,0,0,46.0945749214565,0.0293051771277107,-3.6570202968241,-4.17683970258906,7.83385999941314,"usgs_ws_02044500"
"15",2013,2017,256.172476848792,261.015741641504,235.05550488266,1824,1826,1826,0,0,0,190.552935240995,0.0550516707066735,-15.6924029083254,5.42456905780691,10.2678338505185,"usgs_ws_02056650"
"16",2013,2017,238.338286274835,257.605538409842,234.272271191998,1824,1826,1826,0,0,0,155.366807091196,0.0512093158061283,-9.13309410022748,-5.06707901739003,14.2001731176175,"usgs_ws_01669520"
"17",2013,2017,244.225025212634,237.113904130939,NA,1824,1826,0,0,0,1826,NA,NA,NA,NA,NA,"usgs_ws_03177710"
"18",2013,2017,202.272379318681,211.718197070478,178.60488778517,1824,1826,1826,0,0,0,290.977480052237,0.0863560205385786,-18.9269336062729,4.74055792723823,14.1863756790347,"usgs_ws_01613900"
"19",2013,2017,235.486324642452,239.395036749574,230.779484771488,1824,1826,1826,0,0,0,18.6100179657267,0.018339970374308,-4.44079728301679,0.266042587947567,4.1747546950692,"usgs_ws_02041650"
"20",2013,2017,205.094093050179,230.303028356807,198.474023340806,1824,1826,1826,0,0,0,282.0668837599,0.0794870396600886,-12.8163582417915,-6.19628853241861,19.0126467742101,"usgs_ws_01628500"
"21",2013,2017,211.917770684195,240.627502025715,186.73854572065,1824,1826,1826,0,0,0,727.043609186048,0.126534156302063,-26.35606042287,-1.1768354593251,27.5328958821951,"usgs_ws_02021500"
"22",2013,2017,270.713083051792,273.8703535696,266.429902402253,1824,1826,1826,0,0,0,13.9457178621453,0.0138138168870748,-3.9078772722952,0.375303377243711,3.53257389505143,"usgs_ws_02072000"
"23",2013,2017,200.335156871955,209.675397504538,186.628870464575,1824,1826,1826,0,0,0,134.374131793235,0.0582863880002888,-12.2509378157809,1.45534859159903,10.7955892241818,"usgs_ws_01633000"
"24",2013,2017,222.601107502262,236.128205163382,217.815819392132,1824,1826,1826,0,0,0,90.2041376775778,0.0421150878342814,-7.69922462712634,-2.91393651699659,10.6131611441229,"usgs_ws_03167000"
"25",2013,2017,237.105791744084,279.747805976834,230.18122666,1824,1826,1826,0,0,0,720.522794100303,0.107796402975205,-18.8303814669727,-11.9058163828888,30.7361978498616,"usgs_ws_03208800"
"26",2013,2017,233.787745635601,255.062672312016,228.090900071907,1824,1826,1826,0,0,0,202.092175372625,0.0594856750254341,-10.8895392679344,-5.19269370424044,16.0822329721748,"usgs_ws_03475000"
"27",2013,2017,250.177582388374,240.954540761266,207.32865132749,1824,1826,1826,0,0,0,508.632638354714,0.0968682259217269,-25.4916068315532,17.357324229331,8.1342826022223,"usgs_ws_02032250"
"28",2013,2017,227.163851801418,243.918045349259,220.98392641787,1824,1826,1826,0,0,0,140.811381723975,0.0514390254344734,-9.70468143831255,-3.5247560547642,13.2294374930768,"usgs_ws_02054530"
"29",2013,2017,233.464911975045,273.608535438071,187.430607117985,1824,1826,1826,0,0,0,1859.55050965931,0.186273235795932,-44.0707443923819,1.96356046467784,42.1071839277041,"usgs_ws_02014000"
"30",2013,2017,236.682060501934,242.83412239504,220.117635267658,1824,1826,1826,0,0,0,138.044472714501,0.0503802098385435,-13.0936374538857,3.47078778038966,9.62284967349601,"usgs_ws_01663500"
"31",2013,2017,206.422596633012,229.517855518568,198.21023414258,1824,1826,1826,0,0,0,263.500172814557,0.0767925766917524,-13.1733279554734,-4.96096546504126,18.1342934205147,"usgs_ws_01629500"
"32",2013,2017,242.723214331551,262.231798926492,217.964985463882,1824,1826,1826,0,0,0,492.184257282557,0.0920650672681073,-23.0083474434264,1.74988142424294,21.2584660191835,"usgs_ws_03527000"
"33",2013,2017,218.255734720325,233.814157431958,NA,1824,1826,0,0,0,1826,NA,NA,NA,NA,NA,"usgs_ws_01636690"
"34",2013,2017,247.09100579734,256.673552747824,215.909784570223,1824,1826,1826,0,0,0,454.296426551637,0.0888494809431396,-23.9816631349058,7.19955809221051,16.7821050426953,"usgs_ws_02059485"
"35",2013,2017,235.259234130678,248.558764203686,224.15641631999,1824,1826,1826,0,0,0,149.270774289512,0.0517715400816586,-11.8350552314613,-0.732237420773146,12.5672926522344,"usgs_ws_02052000"
"36",2013,2017,229.170320638793,250.012198933259,205.063735406273,1824,1826,1826,0,0,0,505.979285975129,0.0986223154222798,-23.0183495865017,1.08823564601818,21.9301139404836,"usgs_ws_01627500"
"37",2013,2017,231.528962198396,244.786581931945,212.364326602107,1824,1826,1826,0,0,0,265.708396535187,0.0710078731521113,-17.1956303087089,1.96900528758013,15.2266250211288,"usgs_ws_02037500"
"38",2013,2017,236.584051619723,280.947173264881,NA,1824,1826,0,0,0,1826,NA,NA,NA,NA,NA,"usgs_ws_03208700"
"39",2013,2017,225.613347627304,251.440860648864,226.98959895227,1824,1826,1826,0,0,0,211.136449190598,0.0619160409319857,-7.69167012387601,-9.06792144884162,16.7595915727176,"usgs_ws_02053800"
"40",2013,2017,222.154292720068,221.617176245701,NA,1824,1826,0,0,0,1826,NA,NA,NA,NA,NA,"usgs_ws_01652500"
"41",2013,2017,216.308587969868,250.319228249635,192.426051416573,1824,1826,1826,0,0,0,846.453188047213,0.132434706750913,-27.2585711287853,-3.37603457549082,30.6346057042761,"usgs_ws_02013000"
"42",2013,2017,240.095600623247,248.518843143243,226.335740808683,1824,1826,1826,0,0,0,125.39579764211,0.0469880003453769,-11.9809873830413,1.77887243152293,10.2021149515183,"usgs_ws_02060500"
"43",2013,2017,235.21447339804,248.988614413766,224.666437264692,1824,1826,1826,0,0,0,148.759388043741,0.0516175206538833,-11.6234044274736,-1.07536829412646,12.6987727216001,"usgs_ws_02056000"
"44",2013,2017,246.589870731128,250.123003221309,235.928981384907,1824,1826,1826,0,0,0,54.6013071229655,0.0302573611164871,-8.28497039420759,2.37591895201331,5.90905144219431,"usgs_ws_02075045"
"45",2013,2017,198.995542770984,228.100151676932,195.640780350689,1824,1826,1826,0,0,0,318.657246226633,0.0859961186450458,-11.9380445821797,-8.58328216188428,20.521326744064,"usgs_ws_02016000"
"46",2013,2017,231.160780668134,237.677671074604,214.536667468286,1824,1826,1826,0,0,0,142.389508026491,0.0523842929918091,-13.2550389353889,3.36907426445944,9.88596467092938,"usgs_ws_01668000"
"47",2013,2017,235.004536385608,250.189273656377,NA,1824,1826,0,0,0,1826,NA,NA,NA,NA,NA,"usgs_ws_01661800"
"48",2013,2017,227.956884981294,237.011884325146,NA,1824,1826,0,0,0,1826,NA,NA,NA,NA,NA,"usgs_ws_01669000"
"49",2013,2017,254.441332766244,264.026997302283,250.859129952046,1824,1826,1826,0,0,0,46.3516453588264,0.0265486595322335,-5.58335672147817,-2.00115390728052,7.58451062875866,"usgs_ws_02073000"
"50",2013,2017,245.333729999439,256.518013749988,262.68696074852,1824,1826,1826,0,0,0,77.3797879190572,0.0345171989672262,7.84072591587085,-9.5125048332101,1.67177891733928,"usgs_ws_02070000"
"51",2013,2017,238.162597179754,242.83039583944,225.843453127238,1824,1826,1826,0,0,0,77.0176462036116,0.0372475267655119,-9.76869558823955,2.55044846427634,7.21824712396318,"usgs_ws_02066000"
"52",2013,2017,222.396871993361,234.395266378156,231.15576655633,1824,1826,1826,0,0,0,38.5290101456442,0.0270682156707618,1.83979824704767,-6.91909631592088,5.07929806887319,"usgs_ws_01638420"
"53",2013,2017,194.698046675259,201.79415967529,200.64839968866,1824,1826,1826,0,0,0,14.512381106711,0.0191387684230725,1.60153100892367,-4.34882200447743,2.74729099555378,"usgs_ws_01632082"
"54",2013,2017,212.336431304565,239.93192079873,193.579929250668,1824,1826,1826,0,0,0,543.637421698686,0.108304229872953,-21.7028312006532,-2.94632914675617,24.6491603474094,"usgs_ws_02016500"
"55",2013,2017,244.879405258768,255.925637556541,193.25453742826,1824,1826,1826,0,0,0,1119.1355029638,0.144599182658465,-38.0986559862629,13.5262118442448,24.5724441420181,"usgs_ws_02028500"
"56",2013,2017,204.109437851809,220.134928881328,198.307104461107,1824,1826,1826,0,0,0,127.822892405672,0.0544816574480498,-9.21005260364095,-3.40771921293896,12.6177718165799,"usgs_ws_01635500"
"57",2013,2017,230.182123690767,247.777828264653,207.755899091344,1824,1826,1826,0,0,0,402.383197331423,0.0877600747678851,-20.816051257577,1.61017334184555,19.2058779157315,"usgs_ws_02029000"
"58",2013,2017,194.023490648222,253.917538693782,NA,1824,1826,0,0,0,1826,NA,NA,NA,NA,NA,"usgs_ws_01620500"
"59",2013,2017,319.086274716507,285.627937448806,NA,1824,1826,0,0,0,1826,NA,NA,NA,NA,NA,"usgs_ws_02071530"
"60",2013,2017,220.092642851281,236.780570666056,203.69360605748,1824,1826,1826,0,0,0,273.693761587463,0.0751340758180114,-16.4953338007924,-0.0962970069916196,16.591630807784,"usgs_ws_02011460"
"61",2013,2017,223.830140173248,235.012207286851,225.265076251691,1824,1826,1826,0,0,0,37.0173716498161,0.0266808549037771,-2.77073165223925,-4.20566773068145,6.9763993829207,"usgs_ws_01673000"
"62",2013,2017,221.159694967082,223.625330553101,206.41934768686,1824,1826,1826,0,0,0,86.5671738629993,0.0428628027855094,-10.6487767154879,4.09157056473452,6.55720615075342,"usgs_ws_01646000"
"63",2013,2017,226.823423254949,223.054996030722,232.69362565449,1824,1826,1826,0,0,0,23.5939168300086,0.0213487661085264,5.16961067443623,-0.700591725104346,-4.46901894933188,"usgs_ws_01643880"
"64",2013,2017,273.320723521516,289.548144472699,255.525908981292,1824,1826,1826,0,0,0,289.582853846772,0.0623799220289519,-17.2723500105437,0.522464529680349,16.7498854808634,"usgs_ws_03165500"
"65",2013,2017,215.273329191873,238.580681380618,192.814661862643,1824,1826,1826,0,0,0,523.6921577958,0.106164047514079,-22.7415622824012,-0.282894953171905,23.0244572355731,"usgs_ws_02011500"
"66",2013,2017,277.789416133908,294.369745079601,230.667791883375,1824,1826,1826,0,0,0,1092.215603495,0.123496172710102,-36.941192482253,10.1804317682796,26.7607607139735,"usgs_ws_03531500"
"67",2013,2017,231.212653550849,238.565328741217,224.882052538605,1824,1826,1826,0,0,0,46.8950648780376,0.0295741663555626,-6.67129240495183,-0.340691392707868,7.0119837976597,"usgs_ws_03175500"
"68",2013,2017,237.157476965879,239.619557261098,209.094604052757,1824,1826,1826,0,0,0,287.559907314917,0.074172441998046,-19.5292753738208,8.53359753930098,10.9956778345198,"usgs_ws_01667500"
"69",2013,2017,222.098903475108,222.586030807289,211.57248826483,1824,1826,1826,0,0,0,38.7234715919146,0.0284468490901537,-7.17998591757905,3.34642929269907,3.83355662488,"usgs_ws_01673800"
"70",2013,2017,244.935362620182,269.781774484211,NA,1824,1826,0,0,0,1826,NA,NA,NA,NA,NA,"usgs_ws_02018500"
"71",2013,2017,253.062433234571,286.014065806435,235.40076097461,1824,1826,1826,0,0,0,659.90856369476,0.0995071908960708,-22.7583256972619,-5.09665343730072,27.8549791345627,"usgs_ws_03524500"
"72",2013,2017,237.376683345718,256.90201022767,NA,1824,1826,0,0,0,1826,NA,NA,NA,NA,NA,"usgs_ws_02079640"
"73",2013,2017,258.320724908487,270.255092504572,202.89606231972,1824,1826,1826,0,0,0,1291.92688340683,0.147415309106397,-40.9278975912065,14.496764997561,26.4311325936455,"usgs_ws_02027000"
"74",2013,2017,252.169705247899,259.179887684241,230.66365211736,1824,1826,1826,0,0,0,220.804778325037,0.0600777737337162,-16.6740962324735,4.83195689806598,11.8421393344075,"usgs_ws_02056900"
"75",2013,2017,276.97224172696,290.295895071045,241.35200434576,1824,1826,1826,0,0,0,640.304248142507,0.0938793106104381,-28.1880427021617,7.43219467903845,20.7558480231233,"usgs_ws_03165000"
"76",2013,2017,239.884702436979,260.569358475379,221.516744947062,1824,1826,1826,0,0,0,381.723913528401,0.0811850947883044,-19.1401903394114,-0.772232849494259,19.9124231889056,"usgs_ws_03208500"
"77",2013,2017,NA,221.474095766731,NA,1824,0,0,0,1826,1826,NA,NA,NA,NA,NA,"usgs_ws_01654500"
"78",2013,2017,232.459163659824,235.715165976196,223.378296805317,1824,1826,1826,0,0,0,40.8770058088121,0.0277354718060027,-7.13924534179506,1.94162151271144,5.19762382908362,"usgs_ws_02030500"
"79",2013,2017,255.411005957167,270.091474919651,242.88997536749,1824,1826,1826,0,0,0,185.368992312044,0.053156540261103,-13.2408433806124,-0.719812790935777,13.9606561715482,"usgs_ws_03171000"
"80",2013,2017,244.258606263609,297.914259889425,NA,1824,1826,0,0,0,1826,NA,NA,NA,NA,NA,"usgs_ws_02024915"
"81",2013,2017,235.860788991156,257.563904461718,223.28544903302,1824,1826,1826,0,0,0,300.69615046142,0.0725841237724988,-15.6179317956113,-3.0425918374757,18.660523633087,"usgs_ws_03524000"
"82",2013,2017,233.709747169418,248.177093476543,221.654486193,1824,1826,1826,0,0,0,176.347020582811,0.0566259765187154,-12.8592894199871,-0.804028443568654,13.6633178635558,"usgs_ws_02051500"
"83",2013,2017,231.922959862358,239.127929930923,221.94124976947,1824,1826,1826,0,0,0,74.488017506578,0.037362519441311,-9.05613008478039,0.925580008107659,8.13055007667273,"usgs_ws_01664000"
"84",2013,2017,244.685481839397,250.053320420354,234.56329989246,1824,1826,1826,0,0,0,61.8688323921112,0.0323556217213759,-8.53740082494352,1.5847811219935,6.95261970295005,"usgs_ws_02074500"
"85",2013,2017,236.121741736533,256.113130425961,229.55065939036,1824,1826,1826,0,0,0,191.399935408183,0.057502135794739,-11.0445177939244,-4.47343544775185,15.5179532416762,"usgs_ws_02055100"
"86",2013,2017,248.540751656773,260.624577083497,241.717964385898,1824,1826,1826,0,0,0,91.6715444640288,0.0382530516918502,-8.5764666561582,-1.75367938528274,10.330146041441,"usgs_ws_02077500"
"87",2013,2017,241.227202811958,237.735164522659,204.97096107796,1824,1826,1826,0,0,0,400.033737242269,0.0877315488910102,-23.0068150595655,13.2494266744321,9.75738838513337,"usgs_ws_02031000"
"88",2013,2017,225.671948464106,235.498619320531,NA,1824,1826,0,0,0,1826,NA,NA,NA,NA,NA,"usgs_ws_01660400"
"89",2013,2017,221.297147165178,223.059659807168,201.65263645142,1824,1826,1826,0,0,0,141.212316824941,0.0551846989055692,-13.6838446898352,5.96066602392284,7.72317866591237,"usgs_ws_01653000"
"90",2013,2017,191.076636345358,229.334033191225,187.97909363464,1824,1826,1826,0,0,0,530.575701665944,0.113582921550198,-14.8174940891008,-11.7199513783831,26.537445467484,"usgs_ws_02015700"
"91",2013,2017,193.549277845271,209.420979354061,197.56355944017,1824,1826,1826,0,0,0,68.1039620869345,0.0412258839178633,-2.61437943966376,-6.62866103456312,9.24304047422692,"usgs_ws_01621050"
"92",2013,2017,233.212452015304,226.372248791676,220.044714624607,1824,1826,1826,0,0,0,43.3692294610529,0.0290696591939597,-6.49842385258867,6.66931353810836,-0.170889685519683,"usgs_ws_02064000"
"93",2013,2017,236.992507917945,240.460463197815,212.00481526994,1824,1826,1826,0,0,0,241.022566114923,0.0675526556872552,-17.8144468586268,7.17324578937865,10.6412010692482,"usgs_ws_01666500"
"94",2013,2017,226.112641875336,245.490452518577,225.541218248885,1824,1826,1826,0,0,0,128.966336372204,0.0488693707904242,-6.84021929871417,-6.26879567226354,13.1090149709777,"usgs_ws_02051000"
"95",2013,2017,220.189118555809,228.979047288921,218.351409740406,1824,1826,1826,0,0,0,32.2644501143336,0.0255281523090841,-4.15511545463914,-2.31740663923654,6.47252209387565,"usgs_ws_01671025"
"96",2013,2017,238.533143488682,245.431842397452,226.307862832352,1824,1826,1826,0,0,0,93.7960213610525,0.0409061163929029,-10.4497534071439,1.77552724918692,8.67422615795695,"usgs_ws_02062500"
"97",2013,2017,269.784568178624,290.521726036359,NA,1824,1826,0,0,0,1826,NA,NA,NA,NA,NA,"usgs_ws_02027500"
"98",2013,2017,246.790265228047,249.704563728151,234.729361341841,1824,1826,1826,0,0,0,63.0358708018254,0.0325735117837893,-9.01203542417193,3.04886846203357,5.96316696213833,"usgs_ws_02075500"
"99",2013,2017,NA,258.190976909072,NA,1824,0,0,0,1826,1826,NA,NA,NA,NA,NA,"usgs_ws_02011490"
"100",2013,2017,199.238193859362,209.060138347143,184.540655678551,1824,1826,1826,0,0,0,152.28220873881,0.0624466407896907,-13.0723402831345,1.62519789767668,11.4471423854579,"usgs_ws_01634000"
"101",2013,2017,243.881486015812,248.929348970626,236.691153403705,1824,1826,1826,0,0,0,37.8258723695856,0.0252923539681507,-6.47617605967605,0.714156552431291,5.76201950724479,"usgs_ws_02042500"
"102",2013,2017,231.118213890104,244.109100594459,210.362163415214,1824,1826,1826,0,0,0,289.738756276908,0.0744835567343761,-18.1676625513783,2.58838792351204,15.5792746278663,"usgs_ws_02035000"
"103",2013,2017,249.27290674824,244.56899273556,240.435016536501,1824,1826,1826,0,0,0,19.5541449413057,0.0180667815951085,-4.32395547026621,4.51393474147312,-0.18997927120688,"usgs_ws_02077000"
"104",2013,2017,214.192458588768,239.293776765901,191.702913755738,1824,1826,1826,0,0,0,566.791007179782,0.110699504127807,-23.3601359477312,-0.870591114700972,24.2307270624322,"usgs_ws_02013100"
"105",2013,2017,251.318359661649,249.803981430359,203.984025505645,1824,1826,1826,0,0,0,723.716815393722,0.114459264377883,-31.0514300269058,16.2829041290979,14.768525897808,"usgs_ws_01665500"
"106",2013,2017,217.507389659697,230.626916077248,231.15576655633,1824,1826,1826,0,0,0,59.7799746937655,0.0341463156501692,4.72574245857166,-8.92263443806138,4.19689197948972,"usgs_ws_01638480"
"107",2013,2017,228.203212847288,255.815485292513,NA,1824,1826,0,0,0,1826,NA,NA,NA,NA,NA,"usgs_ws_01626000"
"108",2013,2017,239.769250470127,245.809205986541,225.97922439092,1824,1826,1826,0,0,0,103.312341998022,0.0428535936423343,-11.2066692249425,2.58335685426403,8.62331237067852,"usgs_ws_02061500"
"109",2013,2017,225.918783803274,248.216286132641,203.996056305167,1824,1826,1826,0,0,0,488.868886179829,0.0978146205676641,-22.0476524418601,-0.124924943753626,22.1725773856137,"usgs_ws_02025500"
"110",2013,2017,243.808352007625,258.057335332292,220.506776251063,1824,1826,1826,0,0,0,359.340240973049,0.0787250598539461,-20.2840449459302,3.01753081063154,17.2665141352987,"usgs_ws_03490000"
"111",2013,2017,255.482207054435,274.22276841403,232.20042853777,1824,1826,1826,0,0,0,443.187816607955,0.0828922841911336,-21.7680394643083,1.51373905235641,20.2543004119519,"usgs_ws_03473000"
"112",2013,2017,232.734306499687,231.13620599123,226.432156918968,1824,1826,1826,0,0,0,10.7331820411887,0.0142379003679317,-3.66873288432697,2.63341669639166,1.03531618793534,"usgs_ws_02039500"
"113",2013,2017,252.684017190544,269.39250809019,NA,1824,1826,0,0,0,1826,NA,NA,NA,NA,NA,"usgs_ws_03471500"
"114",2013,2017,204.318420810101,219.742603880328,173.349064737053,1824,1826,1826,0,0,0,558.227818866936,0.118646365631795,-25.7876317387741,5.1817243342739,20.6059074045002,"usgs_ws_01632000"
"115",2013,2017,242.688787291518,260.818202755378,194.64046731052,1824,1826,1826,0,0,0,1169.46823777788,0.146949566615826,-38.0753518086188,9.97296817237913,28.1023836362396,"usgs_ws_02017500"
"116",2013,2017,227.48626951801,254.087774187052,199.37490293798,1824,1826,1826,0,0,0,748.564543661915,0.12053726375913,-27.6080792763675,0.503287303662546,27.104791972705,"usgs_ws_01626850"
"117",2013,2017,239.797808090601,264.674544167347,218.298302132988,1824,1826,1826,0,0,0,538.639429913832,0.0963318308477107,-22.6252493306574,-1.1257433730444,23.7509927037018,"usgs_ws_03209200"
"118",2013,2017,243.38985960123,247.649612723818,232.234220042608,1824,1826,1826,0,0,0,63.3713536905303,0.0330190883316975,-8.85701074661054,2.29862881201132,6.55838193459923,"usgs_ws_02079500"
"119",2013,2017,226.311905193518,242.649222040828,220.98392641787,1824,1826,1826,0,0,0,127.446719005558,0.0490875186172488,-8.99775813286865,-3.66977935722096,12.6675374900896,"usgs_ws_02054500"
"120",2013,2017,232.951201642289,239.239567724105,NA,1824,1826,0,0,0,1826,NA,NA,NA,NA,NA,"usgs_ws_02022500"
"121",2013,2017,239.376317600966,268.667337537314,225.08853493357,1824,1826,1826,0,0,0,493.536103139727,0.0909072310588769,-19.2888617570468,-5.00107908965043,24.2899408466972,"usgs_ws_03208950"
"122",2013,2017,223.080313026739,231.140073679077,224.1490580483,1824,1826,1826,0,0,0,19.1627095406435,0.0193590229648667,-1.97409020307219,-3.04283522463297,5.01692542770513,"usgs_ws_01643700"
"123",2013,2017,242.542367741596,263.135568137492,205.31557318756,1824,1826,1826,0,0,0,858.844325220696,0.123655330919313,-31.6822631679895,5.54453138604646,26.137731781943,"usgs_ws_02018000"
"124",2013,2017,256.246388939253,267.227717221941,245.49977036508,1824,1826,1826,0,0,0,118.030509374254,0.0423844751032152,-10.8248551436782,-0.0782365695049521,10.9030917131832,"usgs_ws_02049500"
"125",2013,2017,264.003614248279,270.639277752422,266.429902402253,1824,1826,1826,0,0,0,11.2729575308217,0.0125738480404256,-0.594362398731334,-3.02065055270566,3.61501295143694,"usgs_ws_02072500"
"126",2013,2017,222.030025622457,235.642298559805,NA,1824,1826,0,0,0,1826,NA,NA,NA,NA,NA,"usgs_ws_01638350"
"127",2013,2017,221.698580298232,225.401963360205,209.774163474838,1824,1826,1826,0,0,0,66.6891486564781,0.037296347414349,-9.18407223625408,2.74034458714021,6.44372764911387,"usgs_ws_01674000"
"128",2013,2017,201.589349434777,229.157288786078,195.899342662228,1824,1826,1826,0,0,0,316.409739587599,0.085157698940625,-12.9826509654661,-7.29264419291775,20.2752951583838,"usgs_ws_01625000"
"129",2013,2017,246.984490197014,249.644288812638,235.276101886411,1824,1826,1826,0,0,0,58.4342801757549,0.0313328904751617,-8.69219174560985,3.01619656499295,5.67599518061692,"usgs_ws_02076000"
"130",2013,2017,232.070708485994,252.944884255395,219.80383522944,1824,1826,1826,0,0,0,280.756087347491,0.0713194489199082,-15.1359740941697,-2.86910083761549,18.0050749317852,"usgs_ws_03521500"
"131",2013,2017,220.420916329147,217.06702677986,NA,1824,1826,0,0,0,1826,NA,NA,NA,NA,NA,"usgs_ws_01654000"
"132",2013,2017,220.189118555809,228.847120513578,218.351409740406,1824,1826,1826,0,0,0,31.4163527041698,0.025195383416757,-4.11113986285815,-2.27343104745555,6.38457091031367,"usgs_ws_01671020"
"133",2013,2017,225.335227343437,239.890399173445,226.62053182384,1824,1826,1826,0,0,0,64.9324023474187,0.0349415733491998,-3.99485428973423,-5.28015877013675,9.27501305987099,"usgs_ws_01672500"
"134",2013,2017,238.950237088313,269.625000989614,213.470637911878,1824,1826,1826,0,0,0,790.577267876434,0.116823072492296,-27.2113207513906,-1.73172157495515,28.9430423263457,"usgs_ws_03209000"
"135",2013,2017,227.50717022796,236.715167152902,NA,1824,1826,0,0,0,1826,NA,NA,NA,NA,NA,"usgs_ws_01636210"
"136",2013,2017,217.514101028476,226.691553643113,222.83084473804,1824,1826,1826,0,0,0,21.2330789028016,0.0207242175646989,0.485344934830067,-4.83139877473363,4.34605383990356,"usgs_ws_01644280"
"137",2013,2017,206.985986080139,228.218770945829,200.93337212601,1824,1826,1826,0,0,0,205.32637959783,0.0675759565900882,-11.1126709246494,-5.06005697052035,16.1727278951697,"usgs_ws_01631000"
"138",2013,2017,243.480746387914,267.205105014254,249.169251874158,1824,1826,1826,0,0,0,153.416047564885,0.0489019148467915,-4.11578255128413,-9.80428803752775,13.9200705888119,"usgs_ws_03170000"
"139",2013,2017,238.932138113569,253.649079652558,230.970764094224,1824,1826,1826,0,0,0,132.379640183547,0.0477048039568166,-10.2132298592263,-2.2518558398813,12.4650856991076,"usgs_ws_03488000"
"140",2013,2017,225.627536481122,233.342240105838,NA,1824,1826,0,0,0,1826,NA,NA,NA,NA,NA,"usgs_ws_01643805"
"141",2013,2017,247.537994769216,262.90051266025,232.085196669293,1824,1826,1826,0,0,0,237.396604115306,0.0622512653200699,-15.4227046969599,0.0300934029630469,15.3926112939969,"usgs_ws_03176500"
"142",2013,2017,235.096252419351,233.4839065506,226.8931933884,1824,1826,1826,0,0,0,18.8878894420224,0.0187470300886304,-4.9312573977169,3.27180163323368,1.65945576448323,"usgs_ws_02039000"
"143",2013,2017,261.181197389402,275.046925250655,246.645616818897,1824,1826,1826,0,0,0,201.695972046636,0.0544224566267007,-14.3122963340875,0.223284236417157,14.0890120976704,"usgs_ws_03168000"
"144",2013,2017,248.785112385922,237.401252065507,201.080500315695,1824,1826,1826,0,0,0,620.753216039502,0.108756528901898,-28.0084546066795,19.6961574635473,8.31229714313227,"usgs_ws_02032640"
"145",2013,2017,198.101458918354,201.892247961633,NA,1824,1826,0,0,0,1826,NA,NA,NA,NA,NA,"usgs_ws_01615000"
"146",2013,2017,227.101582285307,247.336784743491,206.299854808936,1824,1826,1826,0,0,0,421.034150496426,0.0904273451243467,-20.6128858036424,0.188841672729211,20.4240441309132,"usgs_ws_02026000"
"147",2013,2017,276.204909502678,294.285654518049,259.910705509186,1824,1826,1826,0,0,0,295.675257242401,0.0621213295200768,-16.8897176674521,-0.595513673959601,17.4852313414117,"usgs_ws_03164000"
"148",2013,2017,220.949955042697,241.23336583902,195.797228686231,1824,1826,1826,0,0,0,518.086492677123,0.103778964701059,-23.5296211697519,1.6231051867145,21.9065159830374,"usgs_ws_02024000"
"149",2013,2017,223.916823286669,246.909402142021,201.452913865483,1824,1826,1826,0,0,0,516.596372556307,0.101425532266117,-22.6401325659077,-0.176223144722343,22.8163557106301,"usgs_ws_02024752"
"150",2013,2017,245.210179320278,249.745935974725,228.40724988653,1824,1826,1826,0,0,0,126.3751749924,0.0466225077282239,-12.7138718406476,4.08905759310016,8.62481424754748,"usgs_ws_02058400"
"151",2013,2017,273.859933732351,297.162436383709,236.184956279965,1824,1826,1826,0,0,0,946.77727260948,0.114356293807133,-32.8841525187101,4.79082493367599,28.0933275850341,"usgs_ws_03529500"
"152",2013,2017,233.922834658227,236.883767238783,227.7683692368,1824,1826,1826,0,0,0,21.6225078507815,0.0199692275116422,-5.08995447446989,1.064510946957,4.02544352751292,"usgs_ws_02040000"
"153",2013,2017,239.314103314916,231.693838115119,212.06928810361,1824,1826,1826,0,0,0,197.578560127944,0.0617335645846869,-15.6231217409382,11.6216934703678,4.00142827057041,"usgs_ws_02034000"
"154",2013,2017,197.481576358521,207.279137691998,198.984172412025,1824,1826,1826,0,0,0,27.8427419965382,0.0262194628874027,-2.26412307548969,-3.76671912899403,6.03084220448372,"usgs_ws_01632900"
"155",2013,2017,218.325168579473,241.883078133736,196.463425775232,1824,1826,1826,0,0,0,515.97595356217,0.103773796111487,-22.427131720915,-0.565388916674323,22.9925206375893,"usgs_ws_03173000"
"156",2013,2017,239.922150636276,249.383270156079,NA,1824,1826,0,0,0,1826,NA,NA,NA,NA,NA,"usgs_ws_01673550"
"157",2013,2017,NA,226.166132445364,NA,1824,0,0,0,1826,1826,NA,NA,NA,NA,NA,"usgs_ws_01645784"
"158",2013,2017,242.642050498483,262.426167750616,207.37508048642,1824,1826,1826,0,0,0,777.632113041348,0.117424316875904,-30.1060190920865,5.16095091997647,24.94506817211,"usgs_ws_03478400"
"159",2013,2017,255.841271953561,267.127013641166,227.022797789095,1824,1826,1826,0,0,0,427.703424619477,0.0827249509717827,-22.9742300055124,5.84424415895373,17.1299858465587,"usgs_ws_02061000"
"160",2013,2017,231.036183306767,251.336171842645,233.979620443415,1824,1826,1826,0,0,0,120.333872201387,0.045939761667816,-4.80437142086058,-7.74780855750902,12.5521799783696,"usgs_ws_02046000"
"161",2013,2017,238.686210021288,258.316541248127,238.241230697439,1824,1826,1826,0,0,0,131.427667396764,0.0467770873499026,-6.84009662484539,-6.39511730099656,13.235213925842,"usgs_ws_02047000"
"162",2013,2017,240.493684079686,249.408330744597,217.24930629094,1824,1826,1826,0,0,0,275.662479626177,0.070436493377166,-18.4678007474676,4.77657704127805,13.6912237061895,"usgs_ws_02059500"
"163",2013,2017,237.855189242855,238.908769640723,232.761435402393,1824,1826,1826,0,0,0,10.8076796799546,0.0139001518055501,-3.74702935959701,1.34672448086437,2.40030487873267,"usgs_ws_02041000"
"164",2013,2017,199.645973696149,203.390051485173,201.51556944827,1824,1826,1826,0,0,0,3.50453161221471,0.00928972535621823,-0.00162876159387793,-1.87122451371528,1.87285327530913,"usgs_ws_01616100"
"165",2013,2017,226.14543036533,238.050277429848,223.19093798904,1824,1826,1826,0,0,0,61.8757295747106,0.0343305159513744,-5.93794393903286,-2.98345156274235,8.92139550177518,"usgs_ws_01674500"
"166",2013,2017,223.451223279033,232.464167483856,NA,1824,1826,0,0,0,1826,NA,NA,NA,NA,NA,"usgs_ws_01658500"
"167",2013,2017,237.166348517252,266.725148494933,206.736951532907,1824,1826,1826,0,0,0,899.709105284378,0.126627992832242,-30.1391979821238,0.290199002221414,29.8489989799024,"usgs_ws_03207800"
"168",2013,2017,210.565526960419,242.56335118841,NA,1824,1826,0,0,0,1826,NA,NA,NA,NA,NA,"usgs_ws_01643590"
"169",2013,2017,230.408606552258,246.530558158195,223.19919533065,1824,1826,1826,0,0,0,142.707570856161,0.0511871428168049,-10.1802580163841,-2.97084679477655,13.1511048111607,"usgs_ws_02055000"
"170",2013,2017,201.484800530357,241.936866041108,170.459613045517,1824,1826,1826,0,0,0,1284.65492639189,0.175158052701894,-34.1674801601441,-3.14229267530322,37.3097728354473,"usgs_ws_02020500"
"171",2013,2017,238.977762013328,241.463675026637,207.733940916425,1824,1826,1826,0,0,0,353.341847231771,0.0819444721864244,-21.6578517357051,9.58596936119841,12.0718823745067,"usgs_ws_02030000"
"172",2013,2017,221.454686399249,233.554953187976,224.86139307863,1824,1826,1826,0,0,0,38.9333490220881,0.027533130848388,-1.76228447665525,-5.16899115603593,6.93127563269118,"usgs_ws_01662800"
"173",2013,2017,211.313933017542,230.140649075269,NA,1824,1826,0,0,0,1826,NA,NA,NA,NA,NA,"usgs_ws_01670300"
"174",2013,2017,231.993102190739,243.338223840274,230.022695570456,1824,1826,1826,0,0,0,51.6495967660491,0.0305666310940365,-5.09531163003336,-3.12490500975059,8.22021663978393,"usgs_ws_02045500"
"175",2013,2017,219.56200823251,238.023063575583,203.69360605748,1824,1826,1826,0,0,0,295.188067575959,0.0779446182021594,-16.732619897711,-0.864217722681019,17.5968376203921,"usgs_ws_02011470"
"176",2013,2017,201.516998655833,207.117780938004,206.15893809742,1824,1826,1826,0,0,0,8.97262392409779,0.0146167751533194,1.22769886700084,-3.41424057458616,2.18654170758529,"usgs_ws_01636316"
"177",2013,2017,201.54739503139,219.916302950425,178.78044299808,1824,1826,1826,0,0,0,424.651642840671,0.102993479254716,-21.3009373285519,1.46601470475827,19.8349226237936,"usgs_ws_01634500"
"178",2013,2017,229.983952918628,253.624598695702,225.76566915749,1824,1826,1826,0,0,0,225.465667610273,0.0635018039461317,-10.6924044331167,-6.47412067197865,17.1665251050954,"usgs_ws_03474000"
"179",2013,2017,279.700581601619,267.954043417201,266.51688407652,1824,1826,1826,0,0,0,52.3094111203024,0.026649880715034,-4.87361895526021,8.31007856983922,-3.43645961457895,"usgs_ws_02069700"
"180",2013,2017,224.379048862598,231.874406476368,229.894780048626,1824,1826,1826,0,0,0,15.0870995113731,0.0169826782399063,1.17870158609557,-4.33702959993278,3.15832801383721,"usgs_ws_01644000"
"181",2013,2017,239.333735663555,241.881106704488,233.80246483594,1824,1826,1826,0,0,0,17.0580851048126,0.0173288538517373,-4.53663756538788,0.994633262227296,3.54200430316055,"usgs_ws_02038000"
"182",2013,2017,200.072913501479,217.087401507245,189.067091613589,1824,1826,1826,0,0,0,199.293114010472,0.0698605233940938,-13.0087105938485,-2.00288870595892,15.0115992998074,"usgs_ws_01638500"
"183",2013,2017,250.207286902442,262.108781636368,237.96834897528,1824,1826,1826,0,0,0,145.699611258524,0.0482641347082694,-12.1264568627503,0.112481064412208,12.0139757983381,"usgs_ws_02077303"
"184",2013,2017,245.509551968548,248.417509995938,233.452463115881,1824,1826,1826,0,0,0,62.9637066020858,0.0327269344038013,-9.00737857757514,3.04971027509239,5.95766830248277,"usgs_ws_02071000"
"185",2013,2017,277.886033537333,281.157466797704,255.657951703513,1824,1826,1826,0,0,0,192.502527937815,0.051090597633222,-15.9091989760034,6.31888285781611,9.59031611818722,"usgs_ws_02068500"
"186",2013,2017,250.48900111894,258.591882439699,243.642297905353,1824,1826,1826,0,0,0,56.004018057138,0.0298260373298688,-7.26542924931124,-0.418726035724006,7.68415528503527,"usgs_ws_02074000"
"187",2013,2017,309.97493338744,328.398828359869,298.159883447195,1824,1826,1826,0,0,0,232.238183412885,0.0488162802406881,-14.0179982843063,-2.20294834406138,16.2209466283676,"usgs_ws_03161000"
"188",2013,2017,245.99523132401,256.176465431588,239.63523963918,1824,1826,1826,0,0,0,69.619862149975,0.0337440296715828,-7.63373915907948,-1.27374747424923,8.90748663332874,"usgs_ws_02052500"
