"","start_year","end_year","prism_precip","daymet_precip","nldas_precip","CV","var","hydrocode","gage","area"
"1",2014,2018,235.345232310138,257.231794138664,207.283635442664,0.107325433242012,626.882227424556,"usgs_ws_02019500","02019500",5365784522.49612
"2",2014,2018,213.636934905623,241.612647576969,209.407227909238,0.0789928600890557,306.286662786607,"usgs_ws_01622000","01622000",971856267.58662
"3",2014,2018,233.699491606025,250.862197721805,213.887952113605,0.0794742890879098,342.358402761978,"usgs_ws_02011400","02011400",407332735.234042
"4",2014,2018,225.256578748134,251.265234107008,NA,NA,NA,"usgs_ws_03473500","03473500",19156091.5240318
"5",2014,2018,233.847018259358,243.424858299132,230.144838188907,0.0290630291275501,46.9666818715908,"usgs_ws_01670400","01670400",886099663.319639
"6",2014,2018,249.590016815297,282.041961809454,235.87335178099,0.0926745670489772,562.13603092126,"usgs_ws_02036500","02036500",57886589.7215646
"7",2014,2018,250.17471915418,254.744662285958,226.62779560729,0.0618746523749532,227.650030096126,"usgs_ws_01656000","01656000",241631463.662678
"8",2014,2018,241.076494955892,250.396282400288,238.04578602497,0.026469209550204,41.4297325582375,"usgs_ws_01671100","01671100",276332504.781457
"9",2014,2018,249.593271225237,243.981698406875,236.07906055349,0.0279148539083021,46.0958874363173,"usgs_ws_02065500","02065500",252647034.169526
"10",2014,2018,230.511751970966,251.976000239232,205.449750706585,0.101548310106624,542.251626111946,"usgs_ws_02011800","02011800",893169520.411534
"11",2014,2018,231.52356704906,252.847486774602,204.06270918143,0.106575123583885,598.127132017121,"usgs_ws_02012500","02012500",1061345672.12231
"12",2014,2018,256.123446277867,271.739294277362,245.346375597207,0.0514874180743717,176.09768627608,"usgs_ws_02047500","02047500",749848252.778392
"13",2014,2018,257.102028685985,252.430563751968,237.49622273608,0.0411261520464508,104.87412552565,"usgs_ws_02038850","02038850",22096843.5505302
"14",2014,2018,239.571855686029,250.511205363058,232.394490059886,0.0378830769853769,83.2332203439728,"usgs_ws_02044500","02044500",820524386.158795
"15",2014,2018,278.853422195612,281.93734414035,249.655502924135,0.0659434345533399,317.357722775638,"usgs_ws_02056650","02056650",144486541.602307
"16",2014,2018,255.115786264639,275.08711001491,235.604374273538,0.0773372690314916,389.739231974613,"usgs_ws_01669520","01669520",282985893.809692
"17",2014,2018,255.275565423696,245.022714855001,NA,NA,NA,"usgs_ws_03177710","03177710",114620314.0111
"18",2014,2018,228.854638083106,232.9822719276,199.12045004467,0.0838521257383851,341.297046781751,"usgs_ws_01613900","01613900",41272610.2911715
"19",2014,2018,248.23572738693,250.167278054607,237.14678947652,0.028658074720151,49.3714257958054,"usgs_ws_02041650","02041650",3475473272.4327
"20",2014,2018,225.44219696371,246.842283220548,208.694180087108,0.0842373041709576,365.622922296436,"usgs_ws_01628500","01628500",2793593902.13781
"21",2014,2018,229.081029151946,251.938522113844,192.47896951789,0.133601059147034,899.602358144866,"usgs_ws_02021500","02021500",851391440.152936
"22",2014,2018,287.786518579479,287.695039399416,280.452152756417,0.0147499935080143,17.7101162317054,"usgs_ws_02072000","02072000",556864395.508404
"23",2014,2018,220.076475110508,227.308097290124,202.330983766546,0.059343239125512,165.1758370595,"usgs_ws_01633000","01633000",1315748433.86932
"24",2014,2018,229.50813020611,238.555041754513,222.759684266543,0.034417657796059,62.8135748894447,"usgs_ws_03167000","03167000",667477710.26182
"25",2014,2018,247.266955969152,287.052508639165,233.30103543131,0.108999703678989,777.859668290396,"usgs_ws_03208800","03208800",95043793.8748591
"26",2014,2018,236.378370452127,256.159314551687,227.709731887073,0.0607374964480231,212.634966305353,"usgs_ws_03475000","03475000",534069647.552109
"27",2014,2018,278.935025859753,259.16581199151,222.91281328624,0.112004860821573,807.265005620761,"usgs_ws_02032250","02032250",199283814.488085
"28",2014,2018,232.293597098896,249.487523720399,231.144149227222,0.0432365993256665,105.571955145377,"usgs_ws_02054530","02054530",727631546.04281
"29",2014,2018,246.211663139347,280.31422739811,192.509657104765,0.184686393181967,1959.42215092673,"usgs_ws_02014000","02014000",396744127.706971
"30",2014,2018,265.00737343841,270.384101898445,247.00848377821,0.0469425192673271,149.881460072674,"usgs_ws_01663500","01663500",738284290.783199
"31",2014,2018,226.919270384545,245.797197178893,208.90469492321,0.0811943748153647,340.32629529841,"usgs_ws_01629500","01629500",3551793889.98061
"32",2014,2018,248.928227508271,265.826599321502,217.447355726279,0.10059999475707,602.858578156372,"usgs_ws_03527000","03527000",2907445818.5179
"33",2014,2018,244.799187453881,256.588852478653,NA,NA,NA,"usgs_ws_01636690","01636690",34994960.5588756
"34",2014,2018,266.024422548244,269.772575559098,229.340148777997,0.0875937798285647,499.094288075387,"usgs_ws_02059485","02059485",322836034.276773
"35",2014,2018,246.585861821034,258.028604965426,230.983275743275,0.055366722545488,184.30448261949,"usgs_ws_02052000","02052000",1927152204.95598
"36",2014,2018,251.618270977926,269.898718249069,214.07362347371,0.116074617079682,810.036085887772,"usgs_ws_01627500","01627500",547846787.671377
"37",2014,2018,247.827199866546,258.366259932618,220.524846218422,0.0806216100206139,381.41048228207,"usgs_ws_02037500","02037500",17481116130.8158
"38",2014,2018,245.277218941247,288.467144748743,NA,NA,NA,"usgs_ws_03208700","03208700",48019209.6942083
"39",2014,2018,233.436992253697,258.728036370332,244.46997059639,0.0516392001602352,160.775993872334,"usgs_ws_02053800","02053800",283413786.56914
"40",2014,2018,252.931160156056,248.871695407286,NA,NA,NA,"usgs_ws_01652500","01652500",32594846.5125465
"41",2014,2018,227.38912380377,259.660322635652,196.895816297437,0.137670884064029,985.109222100436,"usgs_ws_02013000","02013000",419461445.677496
"42",2014,2018,254.611190423361,262.370289705366,242.321066906753,0.0399429070070534,102.203682091646,"usgs_ws_02060500","02060500",4613442943.13841
"43",2014,2018,243.487727227742,257.99386050812,232.571215155318,0.0521222311214924,162.651505884969,"usgs_ws_02056000","02056000",1318896498.48103
"44",2014,2018,264.956691791531,268.591539410824,249.009581662878,0.0399311228331665,108.495917985528,"usgs_ws_02075045","02075045",5478165059.84464
"45",2014,2018,216.900154338984,244.717776455178,208.785090598219,0.0843304270306446,355.138712101826,"usgs_ws_02016000","02016000",1193758746.06934
"46",2014,2018,254.125198043265,258.071431470603,235.114010163597,0.0492763554638564,150.673535987746,"usgs_ws_01668000","01668000",4127911829.04237
"47",2014,2018,256.156575234849,267.228166701755,NA,NA,NA,"usgs_ws_01661800","01661800",17521831.4954999
"48",2014,2018,251.525824722909,253.99760538067,NA,NA,NA,"usgs_ws_01669000","01669000",72345930.9029209
"49",2014,2018,274.307212983484,281.008303435062,266.538169914786,0.0264340191916869,52.4412345896904,"usgs_ws_02073000","02073000",981525405.804484
"50",2014,2018,266.056583324873,274.573676640197,274.208087048665,0.0177284746197746,23.1869245417276,"usgs_ws_02070000","02070000",278486436.590555
"51",2014,2018,254.204763797043,258.763365103517,241.6962328781,0.0351286163056495,78.0885323369027,"usgs_ws_02066000","02066000",7678558027.17106
"52",2014,2018,247.152869529209,256.388816127914,254.08107814859,0.0190335054409738,23.1047398048332,"usgs_ws_01638420","01638420",59861189.5381482
"53",2014,2018,214.408209098233,218.331105851017,216.47671925957,0.00906826999320744,3.85110047518285,"usgs_ws_01632082","01632082",118181776.223707
"54",2014,2018,227.988752648118,254.157069066737,203.329783539893,0.111239746724983,646.043082615455,"usgs_ws_02016500","02016500",3549379261.86498
"55",2014,2018,269.600278803336,286.960511254459,196.34005877948,0.191650721794746,2313.41731924513,"usgs_ws_02028500","02028500",245393985.112639
"56",2014,2018,222.231824943781,241.312076581644,212.71099281663,0.0646103905122117,212.120706581821,"usgs_ws_01635500","01635500",223978841.944323
"57",2014,2018,246.274250223972,261.059169873118,216.066121808704,0.0951045818552435,525.916540918628,"usgs_ws_02029000","02029000",11857653436.5887
"58",2014,2018,211.907929155428,270.273540507126,NA,NA,NA,"usgs_ws_01620500","01620500",44659598.0088622
"59",2014,2018,332.538181074695,296.965526829614,NA,NA,NA,"usgs_ws_02071530","02071530",68186938.410185
"60",2014,2018,235.938237662734,255.288261593543,217.64073957318,0.0796744946335406,354.426296122312,"usgs_ws_02011460","02011460",157590657.587209
"61",2014,2018,238.802501991963,249.922572515636,234.495580078216,0.0330201861643345,63.3662734144593,"usgs_ws_01673000","01673000",2791506385.69128
"62",2014,2018,244.736754993243,244.552893125257,228.08246174714,0.0399906524330404,91.445733082493,"usgs_ws_01646000","01646000",149646365.087063
"63",2014,2018,250.599820457808,243.053876138803,255.34623237508,0.0248294372215027,38.4286205989118,"usgs_ws_01643880","01643880",122168130.457453
"64",2014,2018,279.110217121609,294.558482089638,258.996199077032,0.0642470240196404,317.983097581442,"usgs_ws_03165500","03165500",3496114159.10409
"65",2014,2018,231.683480201351,255.68349970819,207.134023925803,0.104860565723365,589.288056416362,"usgs_ws_02011500","02011500",346648774.053348
"66",2014,2018,282.60630683329,300.011524045355,227.215457998118,0.140821330516815,1445.05915880559,"usgs_ws_03531500","03531500",826493815.399906
"67",2014,2018,242.336298504255,246.850258133231,228.087089702395,0.0409612269167037,95.9120454291583,"usgs_ws_03175500","03175500",578022259.33723
"68",2014,2018,261.658429745673,257.163610503125,226.464186759099,0.077101253076663,366.882126272755,"usgs_ws_01667500","01667500",1210019740.46022
"69",2014,2018,239.237826211281,240.239901334576,231.59556206941,0.0199479841178745,22.35549284969,"usgs_ws_01673800","01673800",200730882.143942
"70",2014,2018,255.625807124365,279.097010314802,NA,NA,NA,"usgs_ws_02018500","02018500",88676820.5584542
"71",2014,2018,262.826782346199,289.299495452818,236.12827317849,0.101181874595852,706.798968191595,"usgs_ws_03524500","03524500",225654466.800083
"72",2014,2018,252.405756240902,266.50738620702,NA,NA,NA,"usgs_ws_02079640","02079640",138607271.447473
"73",2014,2018,283.145583461797,293.766896629335,208.069858420655,0.178528669032433,2182.19319026601,"usgs_ws_02027000","02027000",240729505.758264
"74",2014,2018,270.459848521516,280.419836483827,250.347786762535,0.0573581206962467,234.670760474391,"usgs_ws_02056900","02056900",297708998.721141
"75",2014,2018,285.106942386587,291.783670778649,248.64457127587,0.0843823381526263,539.177519157953,"usgs_ws_03165000","03165000",102072840.922244
"76",2014,2018,243.168173902869,265.063758839022,220.596939332257,0.0915205177794514,494.362551130865,"usgs_ws_03208500","03208500",740436166.079864
"77",2014,2018,NA,247.004385285842,NA,NA,NA,"usgs_ws_01654500","01654500",9615198.40411969
"78",2014,2018,249.829089828404,248.704098018875,235.657397924217,0.0321880246560731,62.0531402264394,"usgs_ws_02030500","02030500",586227939.031891
"79",2014,2018,262.12128648603,274.682482716764,248.471570941409,0.0500813732132197,171.851713548591,"usgs_ws_03171000","03171000",7164832865.49279
"80",2014,2018,261.458074321142,316.110247097225,NA,NA,NA,"usgs_ws_02024915","02024915",70184162.7172679
"81",2014,2018,244.440052304982,262.157665287423,227.479087968,0.0708672345085989,300.698640989196,"usgs_ws_03524000","03524000",1380470168.15182
"82",2014,2018,246.056997956424,258.403558701823,228.92052984465,0.0605669603329475,219.224182029763,"usgs_ws_02051500","02051500",1429637356.96726
"83",2014,2018,257.074364836356,265.441769268796,246.1110205162,0.0378377800213061,93.9810371590471,"usgs_ws_01664000","01664000",1603218330.32013
"84",2014,2018,261.475101786738,269.875898713035,251.81126983628,0.0346275764834513,81.7156422364128,"usgs_ws_02074500","02074500",288622122.537259
"85",2014,2018,246.484621350279,265.084867545245,233.64471278225,0.0636371992023273,249.88595701162,"usgs_ws_02055100","02055100",30260425.2791649
"86",2014,2018,268.513096810958,278.930892642845,257.415905933648,0.0401036792195313,115.762128076541,"usgs_ws_02077500","02077500",746336122.351962
"87",2014,2018,266.980115979946,259.585382929321,216.26088843436,0.110653194241271,750.688990492474,"usgs_ws_02031000","02031000",246607887.90553
"88",2014,2018,248.756968760761,254.551310157967,NA,NA,NA,"usgs_ws_01660400","01660400",90667126.4938592
"89",2014,2018,247.521866219193,247.509301939889,225.46851939073,0.0530002184724282,162.024393262818,"usgs_ws_01653000","01653000",87625394.9855376
"90",2014,2018,210.855354740079,250.929250013562,209.050654225875,0.105874796578792,560.498468580738,"usgs_ws_02015700","02015700",283788240.656139
"91",2014,2018,215.483482465583,226.647366568152,213.02159928357,0.0332499054272987,52.7257851918402,"usgs_ws_01621050","01621050",37059064.7025727
"92",2014,2018,250.691770116932,244.080509278337,237.301681948613,0.0274366492282986,44.8259551662461,"usgs_ws_02064000","02064000",427385214.956092
"93",2014,2018,263.743941040417,259.868589320521,231.47331003489,0.0700037347774215,310.450643692792,"usgs_ws_01666500","01666500",464293046.257376
"94",2014,2018,238.07756445006,255.780989944347,233.25616532834,0.048935081881142,140.670814617435,"usgs_ws_02051000","02051000",144937406.448347
"95",2014,2018,237.13289888768,244.864631928206,232.498536474339,0.0262312030711319,39.0295545937188,"usgs_ws_01671025","01671025",1207710904.84417
"96",2014,2018,254.340798612479,261.048871581078,242.17818533183,0.0378810675321199,91.5050340473726,"usgs_ws_02062500","02062500",6223099594.926
"97",2014,2018,295.765645300111,307.599669250271,NA,NA,NA,"usgs_ws_02027500","02027500",123527986.977875
"98",2014,2018,264.914049693758,268.343336963339,247.717362785932,0.0424556988427063,122.152810425025,"usgs_ws_02075500","02075500",6698712228.55323
"99",2014,2018,NA,275.087120540677,NA,NA,NA,"usgs_ws_02011490","02011490",12689912.2379998
"100",2014,2018,219.087975266655,227.396376178988,199.711028800893,0.0659552236221357,201.829006583806,"usgs_ws_01634000","01634000",1994017493.52069
"101",2014,2018,257.413527779077,258.483670395911,236.878512756847,0.0485267327770617,148.269147298727,"usgs_ws_02042500","02042500",651065126.134058
"102",2014,2018,247.910252692236,258.177624097771,219.079675297589,0.0838570488136467,410.878451478275,"usgs_ws_02035000","02035000",16184361368.2907
"103",2014,2018,266.596532937602,262.466594460819,258.005077642877,0.0163777188474889,18.4624380366787,"usgs_ws_02077000","02077000",1416008028.38206
"104",2014,2018,230.053151846068,254.399064795657,201.912641316232,0.114805105071896,689.906076648385,"usgs_ws_02013100","02013100",1583226778.02646
"105",2014,2018,282.330797661091,267.174334218735,218.949013901695,0.129210539103238,1095.44173604723,"usgs_ws_01665500","01665500",296487823.971996
"106",2014,2018,242.27702891463,252.190735352472,254.08107814859,0.0254100564555562,40.1984249233797,"usgs_ws_01638480","01638480",231530033.229766
"107",2014,2018,249.65640039991,278.520128651747,NA,NA,NA,"usgs_ws_01626000","01626000",328514897.362503
"108",2014,2018,259.359838727585,264.858773541688,238.88843214929,0.0538021868009233,187.295900570217,"usgs_ws_02061500","02061500",814828423.80029
"109",2014,2018,240.416543631426,259.844574071712,211.848120092524,0.101709880277716,582.877130810531,"usgs_ws_02025500","02025500",8428090228.51836
"110",2014,2018,248.059328918605,261.129386314718,220.023676959299,0.0864028021296462,441.083920455519,"usgs_ws_03490000","03490000",1738263722.03573
"111",2014,2018,253.925736913979,276.688659630851,223.875934541233,0.105329439201768,701.720867441142,"usgs_ws_03473000","03473000",785212583.985672
"112",2014,2018,247.731522661039,243.580931058571,236.359741020018,0.0237245676369784,33.1150689857418,"usgs_ws_02039500","02039500",782176002.350829
"113",2014,2018,253.747431706035,271.236309820121,NA,NA,NA,"usgs_ws_03471500","03471500",198287155.934274
"114",2014,2018,226.541184105589,237.733604456492,191.463102077683,0.110444636528385,582.783583742526,"usgs_ws_01632000","01632000",542767682.476967
"115",2014,2018,253.795176521806,264.022576189047,203.03277105496,0.135934707749378,1066.86297383797,"usgs_ws_02017500","02017500",271938885.682366
"116",2014,2018,249.274485131804,275.896672515878,204.72792945066,0.147795508706547,1293.0210789415,"usgs_ws_01626850","01626850",382484766.219302
"117",2014,2018,246.703050876678,269.52553719771,220.804050336485,0.0992232594762973,594.234565470533,"usgs_ws_03209200","03209200",1362554358.44218
"118",2014,2018,260.215535566049,264.429649874696,246.700448149198,0.0360239192308112,85.7901568524727,"usgs_ws_02079500","02079500",20366675573.7567
"119",2014,2018,231.343987745185,247.497036625823,231.144149227222,0.0396523244951284,88.0629749741409,"usgs_ws_02054500","02054500",658458238.142593
"120",2014,2018,246.350716717384,249.803395776658,NA,NA,NA,"usgs_ws_02022500","02022500",90906193.368695
"121",2014,2018,250.863342343425,273.560606945717,231.18860909375,0.0841858369931895,449.607858473248,"usgs_ws_03208950","03208950",172188912.950058
"122",2014,2018,247.58103083786,255.855688485328,247.56474392111,0.0191028298183478,22.8683310355674,"usgs_ws_01643700","01643700",315311574.332072
"123",2014,2018,253.005626295221,268.074193638663,210.68859352431,0.121970845867019,885.150014133761,"usgs_ws_02018000","02018000",851865579.038167
"124",2014,2018,260.822520011114,273.071000482813,249.410225724756,0.0453190085862697,140.01633281592,"usgs_ws_02049500","02049500",1587615689.12163
"125",2014,2018,282.390860129128,285.261618701334,280.452152756417,0.00855933920039283,5.85513395536895,"usgs_ws_02072500","02072500",669886699.671033
"126",2014,2018,245.969439956836,255.904446311905,NA,NA,NA,"usgs_ws_01638350","01638350",81829833.9597626
"127",2014,2018,241.16946789514,244.010553229751,229.65045471984,0.0319146213852183,57.8286432709354,"usgs_ws_01674000","01674000",663316340.43919
"128",2014,2018,221.956802753551,242.22703602087,201.648858890325,0.0914152679354884,411.647233316887,"usgs_ws_01625000","01625000",964748478.119823
"129",2014,2018,265.114369349412,268.064553720359,248.288421819599,0.0409559500682163,113.81858184248,"usgs_ws_02076000","02076000",7150792121.92409
"130",2014,2018,241.636604049086,256.955021099846,225.727202601285,0.0646739004355866,243.823267257895,"usgs_ws_03521500","03521500",355023859.517368
"131",2014,2018,245.034620522629,240.981829747945,NA,NA,NA,"usgs_ws_01654000","01654000",61781349.3063163
"132",2014,2018,237.13289888768,244.730832918665,232.498536474339,0.0259351246763131,38.1391654698786,"usgs_ws_01671020","01671020",1195019430.59464
"133",2014,2018,237.98472648494,253.825997929642,232.955650992834,0.0450847108225176,118.634810425467,"usgs_ws_01672500","01672500",1022231010.17991
"134",2014,2018,250.670318759681,275.196261717977,221.114716842828,0.10875663789527,733.311496457329,"usgs_ws_03209000","03209000",572746327.341673
"135",2014,2018,264.606048362127,275.308900022331,NA,NA,NA,"usgs_ws_01636210","01636210",36245223.4625335
"136",2014,2018,237.642705245364,245.601383218628,243.55691892224,0.017060370840029,17.0830521261808,"usgs_ws_01644280","01644280",197014722.305778
"137",2014,2018,227.155858457806,246.127228857173,213.080047189148,0.0724860424656847,275.026262316721,"usgs_ws_01631000","01631000",4230045448.71749
"138",2014,2018,252.30523353012,273.993706443121,255.80779955346,0.0446609225832918,135.564172574212,"usgs_ws_03170000","03170000",800468899.861655
"139",2014,2018,244.296605339324,256.760948298922,233.86372471154,0.0467953033468839,131.414615269771,"usgs_ws_03488000","03488000",572312493.930823
"140",2014,2018,249.543402267556,253.567137678146,NA,NA,NA,"usgs_ws_01643805","01643805",98653506.585549
"141",2014,2018,255.058152258786,268.24241509364,238.791903643335,0.0580721206304163,217.624709200457,"usgs_ws_03176500","03176500",9794840721.79541
"142",2014,2018,249.358527234728,245.897052120022,234.16873275026,0.0327422600211502,63.3775236148748,"usgs_ws_02039000","02039000",180131274.456192
"143",2014,2018,267.761715705909,279.33386772867,251.68846662036,0.0521428923001665,192.755373507228,"usgs_ws_03168000","03168000",5726801560.68145
"144",2014,2018,278.762773649725,252.21184253727,214.675838365835,0.1295513069115,1036.83980436296,"usgs_ws_02032640","02032640",280429242.505543
"145",2014,2018,224.577330666332,225.69229449578,NA,NA,NA,"usgs_ws_01615000","01615000",150507297.201678
"146",2014,2018,242.119504676844,259.445989835864,215.007177471142,0.093772474232679,501.682236476961,"usgs_ws_02026000","02026000",9444441426.31322
"147",2014,2018,282.004152580631,300.210235747897,262.933308913044,0.0661664291915537,347.454636122985,"usgs_ws_03164000","03164000",2954905986.34597
"148",2014,2018,236.638772044701,253.599570571074,202.973635347678,0.111516463227142,663.999238787477,"usgs_ws_02024000","02024000",1673771710.86912
"149",2014,2018,238.206631787669,258.287989423553,209.180675503931,0.104959253083023,609.549223847693,"usgs_ws_02024752","02024752",7961404152.46684
"150",2014,2018,261.349852646362,266.484618951814,248.49413981106,0.0358118663651032,85.8820862048749,"usgs_ws_02058400","02058400",909415393.031254
"151",2014,2018,281.351281284696,304.209102116906,235.704144996705,0.127407892993032,1216.51169575539,"usgs_ws_03529500","03529500",290185382.705737
"152",2014,2018,246.838486928643,248.511513252161,236.86328789179,0.0258037367825914,39.6641278250017,"usgs_ws_02040000","02040000",1877236920.11687
"153",2014,2018,262.437876389722,249.838963124988,224.01690371781,0.079802634384136,383.613751422657,"usgs_ws_02034000","02034000",1715497565.62336
"154",2014,2018,213.373674131836,224.515486897245,213.504471591565,0.0294536423093586,40.899926289467,"usgs_ws_01632900","01632900",242136650.317969
"155",2014,2018,228.592789444927,249.340151293854,204.738465676822,0.0980802972319456,498.132024334079,"usgs_ws_03173000","03173000",773227016.28835
"156",2014,2018,254.350465620795,262.814297458805,NA,NA,NA,"usgs_ws_01673550","01673550",66078662.1987425
"157",2014,2018,NA,246.361287586517,NA,NA,NA,"usgs_ws_01645784","01645784",2042210.76794874
"158",2014,2018,243.087729889647,263.453369413266,203.16658215084,0.129634136697893,940.492338069103,"usgs_ws_03478400","03478400",69749571.750196
"159",2014,2018,276.015634467162,284.966195148723,238.20610894619,0.0931693728484011,616.029736383937,"usgs_ws_02061000","02061000",294024722.017034
"160",2014,2018,240.289856166552,258.939259009836,238.77762106583,0.0456470132496306,126.096454332686,"usgs_ws_02046000","02046000",291446814.970076
"161",2014,2018,244.757138427472,263.424789766065,241.757181414949,0.0469638299037242,137.827700038932,"usgs_ws_02047000","02047000",3730477372.58245
"162",2014,2018,258.623938232222,263.070556021115,232.303572294255,0.0661632899533743,276.523560086306,"usgs_ws_02059500","02059500",485703761.838651
"163",2014,2018,252.86884389642,249.973954422829,238.214649633217,0.0314189783740766,60.2345072838337,"usgs_ws_02041000","02041000",408541002.191427
"164",2014,2018,225.41020068851,226.92313510729,226.11087406831,0.00334803985644422,0.573280289355823,"usgs_ws_01616100","01616100",28446307.5602715
"165",2014,2018,248.493513335599,258.391544962937,235.3781084928,0.0466578758052925,133.267188741893,"usgs_ws_01674500","01674500",1559335859.90549
"166",2014,2018,249.025725531952,249.239692078435,NA,NA,NA,"usgs_ws_01658500","01658500",19725900.3190089
"167",2014,2018,241.825727390159,269.671397187917,207.319412477357,0.13036106076844,975.63951544887,"usgs_ws_03207800","03207800",768290208.766574
"168",2014,2018,237.297706732836,259.55718557226,NA,NA,NA,"usgs_ws_01643590","01643590",20399448.1462486
"169",2014,2018,237.205793049124,254.33930755899,232.199771713268,0.0481254078338984,134.796102756468,"usgs_ws_02055000","02055000",993928750.789965
"170",2014,2018,219.476266915328,253.122658102075,176.64118593737,0.177126865092954,1469.38989779341,"usgs_ws_02020500","02020500",364961358.476462
"171",2014,2018,260.136912321351,264.624522187115,210.308536794895,0.123039322768342,908.871986506779,"usgs_ws_02030000","02030000",299384470.642828
"172",2014,2018,247.05408341809,264.312336061638,256.59711100331,0.0337720841187765,74.7402262502443,"usgs_ws_01662800","01662800",66665826.823936
"173",2014,2018,226.490752584213,242.25771598263,NA,NA,NA,"usgs_ws_01670300","01670300",14451379.0095834
"174",2014,2018,241.11260831595,251.852275348001,234.657758604885,0.0358116239584658,75.442823130177,"usgs_ws_02045500","02045500",1493310197.58654
"175",2014,2018,235.245381061521,256.104292210966,217.64073957318,0.0814737689754953,370.743742965541,"usgs_ws_02011470","02011470",195632586.421466
"176",2014,2018,227.590451098674,233.869580606718,229.30582854949,0.0140950237866345,10.5329700029022,"usgs_ws_01636316","01636316",55343159.3744726
"177",2014,2018,223.534642973473,244.134171595328,196.60736207343,0.107636743438927,568.036109907206,"usgs_ws_01634500","01634500",264227056.477521
"178",2014,2018,233.146171249935,255.010314723391,225.7018541624,0.0640210122746455,232.07408119713,"usgs_ws_03474000","03474000",341053098.204821
"179",2014,2018,292.142489263311,282.56254504706,276.931218440415,0.0270910657272581,59.1449884307765,"usgs_ws_02069700","02069700",221502850.269753
"180",2014,2018,247.151328387476,253.985650707921,251.975731342412,0.013991614269465,12.3371002178606,"usgs_ws_01644000","01644000",858758018.70125
"181",2014,2018,249.745938181007,249.466378610706,230.97025464513,0.04420956782978,115.785174590451,"usgs_ws_02038000","02038000",85695863.4688673
"182",2014,2018,224.217683296945,240.729018688105,210.787449219587,0.0665817297522678,224.915494335017,"usgs_ws_01638500","01638500",24734568589.6518
"183",2014,2018,269.697476583767,281.209444566345,253.222690545953,0.0524785653854373,197.867063736919,"usgs_ws_02077303","02077303",526773223.247774
"184",2014,2018,262.655651687846,264.925948438297,NA,NA,NA,"usgs_ws_02071000","02071000",2710709999.84841
"185",2014,2018,289.950585088947,292.846524762177,264.25978443249,0.0557294538094776,247.600904606294,"usgs_ws_02068500","02068500",321904888.090359
"186",2014,2018,269.879640081196,277.531278652103,260.253840832274,0.0321575112206394,74.9522402697349,"usgs_ws_02074000","02074000",1408838904.68747
"187",2014,2018,320.919541985972,336.338777093182,305.205375440735,0.0485221429358013,242.32942332591,"usgs_ws_03161000","03161000",533712043.008783
"188",2014,2018,255.202142502299,262.121465547039,245.18153790977,0.0335098580207549,72.5417826921979,"usgs_ws_02052500","02052500",179871003.549627
