"","start_year","end_year","prism_precip","daymet_precip","nldas_precip","daymet_ndays_with_data","prism_ndays_with_data","nldas2_ndays_with_data","daymet_missing","prism_missing","nldas2_missing","var","CV","nldas2_dif_from_mean","prism_dif_from_mean","daymet_dif_from_mean","hydrocode"
"1",2014,2018,235.345232310138,257.231794138664,207.283635442664,1825,1826,1826,0,0,0,626.882227424556,0.107325433242012,-26.0032518544915,2.05834501298281,23.9449068415086,"usgs_ws_02019500"
"2",2014,2018,213.636934905623,241.612647576969,209.407227909238,1825,1826,1826,0,0,0,306.286662786607,0.0789928600890557,-12.1450422213719,-7.91533522498699,20.060377446359,"usgs_ws_01622000"
"3",2014,2018,233.699491606025,250.862197721805,213.887952113605,1825,1826,1826,0,0,0,342.358402761978,0.0794742890879098,-18.9285950335401,0.882944458879933,18.0456505746602,"usgs_ws_02011400"
"4",2014,2018,225.256578748134,251.265234107008,NA,1825,1826,0,0,0,1826,NA,NA,NA,NA,NA,"usgs_ws_03473500"
"5",2014,2018,233.847018259358,243.424858299132,230.144838188907,1825,1826,1826,0,0,0,46.9666818715908,0.0290630291275501,-5.66073339355916,-1.95855332310737,7.61928671666652,"usgs_ws_01670400"
"6",2014,2018,249.590016815297,282.041961809454,235.87335178099,1825,1826,1826,0,0,0,562.13603092126,0.0926745670489772,-19.9617583542572,-6.24509331994972,26.2068516742069,"usgs_ws_02036500"
"7",2014,2018,250.17471915418,254.744662285958,226.62779560729,1825,1826,1826,0,0,0,227.650030096126,0.0618746523749532,-17.2212634085193,6.32566013837044,10.8956032701489,"usgs_ws_01656000"
"8",2014,2018,241.076494955892,250.396282400288,238.04578602497,1825,1826,1826,0,0,0,41.4297325582375,0.026469209550204,-5.12706843541315,-2.0963595044914,7.22342793990455,"usgs_ws_01671100"
"9",2014,2018,249.593271225237,243.981698406875,236.07906055349,1825,1826,1826,0,0,0,46.0958874363173,0.0279148539083021,-7.13894950837746,6.3752611633698,0.763688345007637,"usgs_ws_02065500"
"10",2014,2018,230.511751970966,251.976000239232,205.449750706585,1825,1826,1826,0,0,0,542.251626111946,0.101548310106624,-23.8627502656758,1.19925099870494,22.6634992669708,"usgs_ws_02011800"
"11",2014,2018,231.52356704906,252.847486774602,204.06270918143,1825,1826,1826,0,0,0,598.127132017121,0.106575123583885,-25.4152118202672,2.04564604736288,23.3695657729043,"usgs_ws_02012500"
"12",2014,2018,256.123446277867,271.739294277362,245.346375597207,1825,1826,1826,0,0,0,176.09768627608,0.0514874180743717,-12.3899964536045,-1.61292577294506,14.0029222265496,"usgs_ws_02047500"
"13",2014,2018,257.102028685985,252.430563751968,237.49622273608,1825,1826,1826,0,0,0,104.87412552565,0.0411261520464508,-11.5133823219309,8.09242362797366,3.42095869395726,"usgs_ws_02038850"
"14",2014,2018,239.571855686029,250.511205363058,232.394490059886,1825,1826,1826,0,0,0,83.2332203439728,0.0378830769853769,-8.43136030977169,-1.2539946836286,9.68535499340027,"usgs_ws_02044500"
"15",2014,2018,278.853422195612,281.93734414035,249.655502924135,1825,1826,1826,0,0,0,317.357722775638,0.0659434345533399,-20.4932534958973,8.70466577557983,11.7885877203174,"usgs_ws_02056650"
"16",2014,2018,255.115786264639,275.08711001491,235.604374273538,1825,1826,1826,0,0,0,389.739231974613,0.0773372690314916,-19.6647159108246,-0.153303919723157,19.8180198305478,"usgs_ws_01669520"
"17",2014,2018,255.275565423696,245.022714855001,NA,1825,1826,0,0,0,1826,NA,NA,NA,NA,NA,"usgs_ws_03177710"
"18",2014,2018,228.854638083106,232.9822719276,199.12045004467,1825,1826,1826,0,0,0,341.297046781751,0.0838521257383851,-21.1986699737884,8.53551806464719,12.6631519091412,"usgs_ws_01613900"
"19",2014,2018,248.23572738693,250.167278054607,237.14678947652,1825,1826,1826,0,0,0,49.3714257958054,0.028658074720151,-8.03647549616574,3.05246241424422,4.98401308192152,"usgs_ws_02041650"
"20",2014,2018,225.44219696371,246.842283220548,208.694180087108,1825,1826,1826,0,0,0,365.622922296436,0.0842373041709576,-18.298706670014,-1.550689793412,19.849396463426,"usgs_ws_01628500"
"21",2014,2018,229.081029151946,251.938522113844,192.47896951789,1825,1826,1826,0,0,0,899.602358144866,0.133601059147034,-32.0205374100032,4.58152222405246,27.4390151859507,"usgs_ws_02021500"
"22",2014,2018,287.786518579479,287.695039399416,280.452152756417,1825,1826,1826,0,0,0,17.7101162317054,0.0147499935080143,-4.85908415535397,2.47528166770883,2.3838024876452,"usgs_ws_02072000"
"23",2014,2018,220.076475110508,227.308097290124,202.330983766546,1825,1826,1826,0,0,0,165.1758370595,0.059343239125512,-14.2408682891796,3.50462305478177,10.7362452343978,"usgs_ws_01633000"
"24",2014,2018,229.50813020611,238.555041754513,222.759684266543,1825,1826,1826,0,0,0,62.8135748894447,0.034417657796059,-7.51460114251256,-0.766155202945185,8.28075634545772,"usgs_ws_03167000"
"25",2014,2018,247.266955969152,287.052508639165,233.30103543131,1825,1826,1826,0,0,0,777.859668290396,0.108999703678989,-22.5724645818991,-8.60654404405662,31.1790086259557,"usgs_ws_03208800"
"26",2014,2018,236.378370452127,256.159314551687,227.709731887073,1825,1826,1826,0,0,0,212.634966305353,0.0607374964480231,-12.3727404098891,-3.70410184483526,16.0768422547244,"usgs_ws_03475000"
"27",2014,2018,278.935025859753,259.16581199151,222.91281328624,1825,1826,1826,0,0,0,807.265005620761,0.112004860821573,-30.7584037595944,25.2638088139189,5.49459494567552,"usgs_ws_02032250"
"28",2014,2018,232.293597098896,249.487523720399,231.144149227222,1825,1826,1826,0,0,0,105.571955145377,0.0432365993256665,-6.49760745495033,-5.34815958327636,11.8457670382267,"usgs_ws_02054530"
"29",2014,2018,246.211663139347,280.31422739811,192.509657104765,1825,1826,1826,0,0,0,1959.42215092673,0.184686393181967,-47.1688587759759,6.53314725860636,40.6357115173695,"usgs_ws_02014000"
"30",2014,2018,265.00737343841,270.384101898445,247.00848377821,1825,1826,1826,0,0,0,149.881460072674,0.0469425192673271,-13.7915025934782,4.20738706672142,9.5841155267567,"usgs_ws_01663500"
"31",2014,2018,226.919270384545,245.797197178893,208.90469492321,1825,1826,1826,0,0,0,340.32629529841,0.0811943748153647,-18.3023592390059,-0.287783777671166,18.590143016677,"usgs_ws_01629500"
"32",2014,2018,248.928227508271,265.826599321502,217.447355726279,1825,1826,1826,0,0,0,602.858578156372,0.10059999475707,-26.6200384590712,4.86083332292017,21.7592051361511,"usgs_ws_03527000"
"33",2014,2018,244.799187453881,256.588852478653,NA,1825,1826,0,0,0,1826,NA,NA,NA,NA,NA,"usgs_ws_01636690"
"34",2014,2018,266.024422548244,269.772575559098,229.340148777997,1825,1826,1826,0,0,0,499.094288075387,0.0875937798285647,-25.7055668504494,10.9787069197977,14.7268599306518,"usgs_ws_02059485"
"35",2014,2018,246.585861821034,258.028604965426,230.983275743275,1825,1826,1826,0,0,0,184.30448261949,0.055366722545488,-14.2159717666366,1.38661431112232,12.8293574555143,"usgs_ws_02052000"
"36",2014,2018,251.618270977926,269.898718249069,214.07362347371,1825,1826,1826,0,0,0,810.036085887772,0.116074617079682,-31.1232474265249,6.42140007769112,24.7018473488338,"usgs_ws_01627500"
"37",2014,2018,247.827199866546,258.366259932618,220.524846218422,1825,1826,1826,0,0,0,381.41048228207,0.0806216100206139,-21.7145891207732,5.58776452735057,16.1268245934226,"usgs_ws_02037500"
"38",2014,2018,245.277218941247,288.467144748743,NA,1825,1826,0,0,0,1826,NA,NA,NA,NA,NA,"usgs_ws_03208700"
"39",2014,2018,233.436992253697,258.728036370332,244.46997059639,1825,1826,1826,0,0,0,160.775993872334,0.0516392001602352,-1.07502914374956,-12.108007486443,13.1830366301926,"usgs_ws_02053800"
"40",2014,2018,252.931160156056,248.871695407286,NA,1825,1826,0,0,0,1826,NA,NA,NA,NA,NA,"usgs_ws_01652500"
"41",2014,2018,227.38912380377,259.660322635652,196.895816297437,1825,1826,1826,0,0,0,985.109222100436,0.137670884064029,-31.085937948183,-0.592630441849707,31.6785683900327,"usgs_ws_02013000"
"42",2014,2018,254.611190423361,262.370289705366,242.321066906753,1825,1826,1826,0,0,0,102.203682091646,0.0399429070070534,-10.7797821050735,1.51034141153457,9.26944069353885,"usgs_ws_02060500"
"43",2014,2018,243.487727227742,257.99386050812,232.571215155318,1825,1826,1826,0,0,0,162.651505884969,0.0521222311214924,-12.1130524750755,-1.19654040265107,13.3095928777266,"usgs_ws_02056000"
"44",2014,2018,264.956691791531,268.591539410824,249.009581662878,1825,1826,1826,0,0,0,108.495917985528,0.0399311228331665,-11.8430226255326,4.10408750311996,7.73893512241273,"usgs_ws_02075045"
"45",2014,2018,216.900154338984,244.717776455178,208.785090598219,1825,1826,1826,0,0,0,355.138712101826,0.0843304270306446,-14.6825831992417,-6.567519458476,21.2501026577176,"usgs_ws_02016000"
"46",2014,2018,254.125198043265,258.071431470603,235.114010163597,1825,1826,1826,0,0,0,150.673535987746,0.0492763554638564,-13.9895363955582,5.02165148410995,8.96788491144824,"usgs_ws_01668000"
"47",2014,2018,256.156575234849,267.228166701755,NA,1825,1826,0,0,0,1826,NA,NA,NA,NA,NA,"usgs_ws_01661800"
"48",2014,2018,251.525824722909,253.99760538067,NA,1825,1826,0,0,0,1826,NA,NA,NA,NA,NA,"usgs_ws_01669000"
"49",2014,2018,274.307212983484,281.008303435062,266.538169914786,1825,1826,1826,0,0,0,52.4412345896904,0.0264340191916869,-7.41305886299148,0.355984205706648,7.05707465728483,"usgs_ws_02073000"
"50",2014,2018,266.056583324873,274.573676640197,274.208087048665,1825,1826,1826,0,0,0,23.1869245417276,0.0177284746197746,2.59530471075306,-5.55619901303862,2.96089430228551,"usgs_ws_02070000"
"51",2014,2018,254.204763797043,258.763365103517,241.6962328781,1825,1826,1826,0,0,0,78.0885323369027,0.0351286163056495,-9.85855438145339,2.64997653748949,7.20857784396387,"usgs_ws_02066000"
"52",2014,2018,247.152869529209,256.388816127914,254.08107814859,1825,1826,1826,0,0,0,23.1047398048332,0.0190335054409738,1.5401568800188,-5.38805173936177,3.84789485934294,"usgs_ws_01638420"
"53",2014,2018,214.408209098233,218.331105851017,216.47671925957,1825,1826,1826,0,0,0,3.85110047518285,0.00906826999320744,0.0713745232966687,-1.99713563804036,1.92576111474372,"usgs_ws_01632082"
"54",2014,2018,227.988752648118,254.157069066737,203.329783539893,1825,1826,1826,0,0,0,646.043082615455,0.111239746724983,-25.1620848783562,-0.503115770131757,25.665200648488,"usgs_ws_02016500"
"55",2014,2018,269.600278803336,286.960511254459,196.34005877948,1825,1826,1826,0,0,0,2313.41731924513,0.191650721794746,-54.626890832945,18.6333291909106,35.9935616420343,"usgs_ws_02028500"
"56",2014,2018,222.231824943781,241.312076581644,212.71099281663,1825,1826,1826,0,0,0,212.120706581821,0.0646103905122117,-12.7073052973882,-3.18647317023763,15.8937784676259,"usgs_ws_01635500"
"57",2014,2018,246.274250223972,261.059169873118,216.066121808704,1825,1826,1826,0,0,0,525.916540918628,0.0951045818552435,-25.067058826561,5.14106958870735,19.9259892378536,"usgs_ws_02029000"
"58",2014,2018,211.907929155428,270.273540507126,NA,1825,1826,0,0,0,1826,NA,NA,NA,NA,NA,"usgs_ws_01620500"
"59",2014,2018,332.538181074695,296.965526829614,NA,1825,1826,0,0,0,1826,NA,NA,NA,NA,NA,"usgs_ws_02071530"
"60",2014,2018,235.938237662734,255.288261593543,217.64073957318,1825,1826,1826,0,0,0,354.426296122312,0.0796744946335406,-18.6483400366393,-0.350841947084831,18.9991819837241,"usgs_ws_02011460"
"61",2014,2018,238.802501991963,249.922572515636,234.495580078216,1825,1826,1826,0,0,0,63.3662734144593,0.0330201861643345,-6.57797145038845,-2.27104953664229,8.84902098703071,"usgs_ws_01673000"
"62",2014,2018,244.736754993243,244.552893125257,228.08246174714,1825,1826,1826,0,0,0,91.445733082493,0.0399906524330404,-11.0415748747401,5.61271837136326,5.42885650337678,"usgs_ws_01646000"
"63",2014,2018,250.599820457808,243.053876138803,255.34623237508,1825,1826,1826,0,0,0,38.4286205989118,0.0248294372215027,5.67958938451619,0.933177467244263,-6.61276685176048,"usgs_ws_01643880"
"64",2014,2018,279.110217121609,294.558482089638,258.996199077032,1825,1826,1826,0,0,0,317.983097581442,0.0642470240196404,-18.5587670190608,1.55525102551604,17.0035159935449,"usgs_ws_03165500"
"65",2014,2018,231.683480201351,255.68349970819,207.134023925803,1825,1826,1826,0,0,0,589.288056416362,0.104860565723365,-24.3663106859781,0.183145589569904,24.1831650964082,"usgs_ws_02011500"
"66",2014,2018,282.60630683329,300.011524045355,227.215457998118,1825,1826,1826,0,0,0,1445.05915880559,0.140821330516815,-42.7289716274692,12.6618772077021,30.067094419767,"usgs_ws_03531500"
"67",2014,2018,242.336298504255,246.850258133231,228.087089702395,1825,1826,1826,0,0,0,95.9120454291583,0.0409612269167037,-11.0041257442321,3.24508305762825,7.75904268660381,"usgs_ws_03175500"
"68",2014,2018,261.658429745673,257.163610503125,226.464186759099,1825,1826,1826,0,0,0,366.882126272755,0.077101253076663,-21.964555576867,13.2296874097074,8.73486816715965,"usgs_ws_01667500"
"69",2014,2018,239.237826211281,240.239901334576,231.59556206941,1825,1826,1826,0,0,0,22.35549284969,0.0199479841178745,-5.42886780234556,2.21339633952525,3.21547146282032,"usgs_ws_01673800"
"70",2014,2018,255.625807124365,279.097010314802,NA,1825,1826,0,0,0,1826,NA,NA,NA,NA,NA,"usgs_ws_02018500"
"71",2014,2018,262.826782346199,289.299495452818,236.12827317849,1825,1826,1826,0,0,0,706.798968191595,0.101181874595852,-26.6232438140124,0.0752653536970342,26.5479784603154,"usgs_ws_03524500"
"72",2014,2018,252.405756240902,266.50738620702,NA,1825,1826,0,0,0,1826,NA,NA,NA,NA,NA,"usgs_ws_02079640"
"73",2014,2018,283.145583461797,293.766896629335,208.069858420655,1825,1826,1826,0,0,0,2182.19319026601,0.178528669032433,-53.590921083274,21.4848039578678,32.1061171254062,"usgs_ws_02027000"
"74",2014,2018,270.459848521516,280.419836483827,250.347786762535,1825,1826,1826,0,0,0,234.670760474391,0.0573581206962467,-16.7280371600913,3.38402459889016,13.3440125612011,"usgs_ws_02056900"
"75",2014,2018,285.106942386587,291.783670778649,248.64457127587,1825,1826,1826,0,0,0,539.177519157953,0.0843823381526263,-26.5338235378321,9.92854757288501,16.6052759649471,"usgs_ws_03165000"
"76",2014,2018,243.168173902869,265.063758839022,220.596939332257,1825,1826,1826,0,0,0,494.362551130865,0.0915205177794514,-22.3460180257926,0.225216544819574,22.1208014809731,"usgs_ws_03208500"
"77",2014,2018,NA,247.004385285842,NA,1825,0,0,0,1826,1826,NA,NA,NA,NA,NA,"usgs_ws_01654500"
"78",2014,2018,249.829089828404,248.704098018875,235.657397924217,1825,1826,1826,0,0,0,62.0531402264394,0.0321880246560731,-9.07279733294811,5.09889457123845,3.97390276170964,"usgs_ws_02030500"
"79",2014,2018,262.12128648603,274.682482716764,248.471570941409,1825,1826,1826,0,0,0,171.851713548591,0.0500813732132197,-13.2868757733257,0.362839771296137,12.9240360020296,"usgs_ws_03171000"
"80",2014,2018,261.458074321142,316.110247097225,NA,1825,1826,0,0,0,1826,NA,NA,NA,NA,NA,"usgs_ws_02024915"
"81",2014,2018,244.440052304982,262.157665287423,227.479087968,1825,1826,1826,0,0,0,300.698640989196,0.0708672345085989,-17.2131805521352,-0.252216215152998,17.4653967672882,"usgs_ws_03524000"
"82",2014,2018,246.056997956424,258.403558701823,228.92052984465,1825,1826,1826,0,0,0,219.224182029763,0.0605669603329475,-15.5398323229824,1.59663578879184,13.9431965341906,"usgs_ws_02051500"
"83",2014,2018,257.074364836356,265.441769268796,246.1110205162,1825,1826,1826,0,0,0,93.9810371590471,0.0378377800213061,-10.0980310242504,0.865313295905366,9.23271772834516,"usgs_ws_01664000"
"84",2014,2018,261.475101786738,269.875898713035,251.81126983628,1825,1826,1826,0,0,0,81.7156422364128,0.0346275764834513,-9.24282027573778,0.421011674720432,8.82180860101744,"usgs_ws_02074500"
"85",2014,2018,246.484621350279,265.084867545245,233.64471278225,1825,1826,1826,0,0,0,249.88595701162,0.0636371992023273,-14.7600211103412,-1.9201125423121,16.6801336526533,"usgs_ws_02055100"
"86",2014,2018,268.513096810958,278.930892642845,257.415905933648,1825,1826,1826,0,0,0,115.762128076541,0.0401036792195313,-10.8707258621691,0.226465015141343,10.6442608470277,"usgs_ws_02077500"
"87",2014,2018,266.980115979946,259.585382929321,216.26088843436,1825,1826,1826,0,0,0,750.688990492474,0.110653194241271,-31.347907346849,19.3713201987373,11.9765871481117,"usgs_ws_02031000"
"88",2014,2018,248.756968760761,254.551310157967,NA,1825,1826,0,0,0,1826,NA,NA,NA,NA,NA,"usgs_ws_01660400"
"89",2014,2018,247.521866219193,247.509301939889,225.46851939073,1825,1826,1826,0,0,0,162.024393262818,0.0530002184724282,-14.698043125874,7.35530370258866,7.34273942328537,"usgs_ws_01653000"
"90",2014,2018,210.855354740079,250.929250013562,209.050654225875,1825,1826,1826,0,0,0,560.498468580738,0.105874796578792,-14.5610987672969,-12.7563982530927,27.3174970203896,"usgs_ws_02015700"
"91",2014,2018,215.483482465583,226.647366568152,213.02159928357,1825,1826,1826,0,0,0,52.7257851918402,0.0332499054272987,-5.36255015553152,-2.90066697351864,8.26321712905013,"usgs_ws_01621050"
"92",2014,2018,250.691770116932,244.080509278337,237.301681948613,1825,1826,1826,0,0,0,44.8259551662461,0.0274366492282986,-6.72297183268054,6.66711633563764,0.0558554970428986,"usgs_ws_02064000"
"93",2014,2018,263.743941040417,259.868589320521,231.47331003489,1825,1826,1826,0,0,0,310.450643692792,0.0700037347774215,-20.2219700970525,12.0486609084745,8.17330918857797,"usgs_ws_01666500"
"94",2014,2018,238.07756445006,255.780989944347,233.25616532834,1825,1826,1826,0,0,0,140.670814617435,0.048935081881142,-9.11540791257573,-4.294008790856,13.4094167034317,"usgs_ws_02051000"
"95",2014,2018,237.13289888768,244.864631928206,232.498536474339,1825,1826,1826,0,0,0,39.0295545937188,0.0262312030711319,-5.66681928906965,-1.03245687572814,6.69927616479777,"usgs_ws_01671025"
"96",2014,2018,254.340798612479,261.048871581078,242.17818533183,1825,1826,1826,0,0,0,91.5050340473726,0.0378810675321199,-10.3444331766323,1.81818010401642,8.52625307261593,"usgs_ws_02062500"
"97",2014,2018,295.765645300111,307.599669250271,NA,1825,1826,0,0,0,1826,NA,NA,NA,NA,NA,"usgs_ws_02027500"
"98",2014,2018,264.914049693758,268.343336963339,247.717362785932,1825,1826,1826,0,0,0,122.152810425025,0.0424556988427063,-12.6075536950775,4.58913321274827,8.0184204823293,"usgs_ws_02075500"
"99",2014,2018,NA,275.087120540677,NA,1825,0,0,0,1826,1826,NA,NA,NA,NA,NA,"usgs_ws_02011490"
"100",2014,2018,219.087975266655,227.396376178988,199.711028800893,1825,1826,1826,0,0,0,201.829006583806,0.0659552236221357,-15.6874312812855,3.68951518447611,11.9979160968094,"usgs_ws_01634000"
"101",2014,2018,257.413527779077,258.483670395911,236.878512756847,1825,1826,1826,0,0,0,148.269147298727,0.0485267327770617,-14.0467242204312,6.48829080179877,7.55843341863243,"usgs_ws_02042500"
"102",2014,2018,247.910252692236,258.177624097771,219.079675297589,1825,1826,1826,0,0,0,410.878451478275,0.0838570488136467,-22.6428420649433,6.18773532970405,16.4551067352393,"usgs_ws_02035000"
"103",2014,2018,266.596532937602,262.466594460819,258.005077642877,1825,1826,1826,0,0,0,18.4624380366787,0.0163777188474889,-4.3509907042228,4.24046459050305,0.110526113719743,"usgs_ws_02077000"
"104",2014,2018,230.053151846068,254.399064795657,201.912641316232,1825,1826,1826,0,0,0,689.906076648385,0.114805105071896,-26.8756446697538,1.26486586008261,25.6107788096712,"usgs_ws_02013100"
"105",2014,2018,282.330797661091,267.174334218735,218.949013901695,1825,1826,1826,0,0,0,1095.44173604723,0.129210539103238,-37.2023680254786,26.1794157339174,11.0229522915611,"usgs_ws_01665500"
"106",2014,2018,242.27702891463,252.190735352472,254.08107814859,1825,1826,1826,0,0,0,40.1984249233797,0.0254100564555562,4.56479734335912,-7.2392518906004,2.67445454724128,"usgs_ws_01638480"
"107",2014,2018,249.65640039991,278.520128651747,NA,1825,1826,0,0,0,1826,NA,NA,NA,NA,NA,"usgs_ws_01626000"
"108",2014,2018,259.359838727585,264.858773541688,238.88843214929,1825,1826,1826,0,0,0,187.295900570217,0.0538021868009233,-15.4805826568976,4.99082392139704,10.4897587355005,"usgs_ws_02061500"
"109",2014,2018,240.416543631426,259.844574071712,211.848120092524,1825,1826,1826,0,0,0,582.877130810531,0.101709880277716,-25.5216258393637,3.04679769953864,22.4748281398251,"usgs_ws_02025500"
"110",2014,2018,248.059328918605,261.129386314718,220.023676959299,1825,1826,1826,0,0,0,441.083920455519,0.0864028021296462,-23.0471204382412,4.98853152106412,18.0585889171771,"usgs_ws_03490000"
"111",2014,2018,253.925736913979,276.688659630851,223.875934541233,1825,1826,1826,0,0,0,701.720867441142,0.105329439201768,-27.6208424874544,2.42895988529142,25.191882602163,"usgs_ws_03473000"
"112",2014,2018,247.731522661039,243.580931058571,236.359741020018,1825,1826,1826,0,0,0,33.1150689857418,0.0237245676369784,-6.19765722652488,5.1741244144965,1.02353281202838,"usgs_ws_02039500"
"113",2014,2018,253.747431706035,271.236309820121,NA,1825,1826,0,0,0,1826,NA,NA,NA,NA,NA,"usgs_ws_03471500"
"114",2014,2018,226.541184105589,237.733604456492,191.463102077683,1825,1826,1826,0,0,0,582.783583742526,0.110444636528385,-27.1161948022383,7.96188722566768,19.1543075765706,"usgs_ws_01632000"
"115",2014,2018,253.795176521806,264.022576189047,203.03277105496,1825,1826,1826,0,0,0,1066.86297383797,0.135934707749378,-37.2507368669776,13.5116685998686,23.7390682671089,"usgs_ws_02017500"
"116",2014,2018,249.274485131804,275.896672515878,204.72792945066,1825,1826,1826,0,0,0,1293.0210789415,0.147795508706547,-38.5717662487873,5.97478943235672,32.5969768164306,"usgs_ws_01626850"
"117",2014,2018,246.703050876678,269.52553719771,220.804050336485,1825,1826,1826,0,0,0,594.234565470533,0.0992232594762973,-24.8734958004729,1.0255047397203,23.8479910607526,"usgs_ws_03209200"
"118",2014,2018,260.215535566049,264.429649874696,246.700448149198,1825,1826,1826,0,0,0,85.7901568524727,0.0360239192308112,-10.4147630474494,3.10032436940128,7.31443867804802,"usgs_ws_02079500"
"119",2014,2018,231.343987745185,247.497036625823,231.144149227222,1825,1826,1826,0,0,0,88.0629749741409,0.0396523244951284,-5.51757530552138,-5.31773678755806,10.8353120930795,"usgs_ws_02054500"
"120",2014,2018,246.350716717384,249.803395776658,NA,1825,1826,0,0,0,1826,NA,NA,NA,NA,NA,"usgs_ws_02022500"
"121",2014,2018,250.863342343425,273.560606945717,231.18860909375,1825,1826,1826,0,0,0,449.607858473248,0.0841858369931895,-20.6822437005474,-1.0075104508727,21.6897541514201,"usgs_ws_03208950"
"122",2014,2018,247.58103083786,255.855688485328,247.56474392111,1825,1826,1826,0,0,0,22.8683310355674,0.0191028298183478,-2.76907716032295,-2.75279024357258,5.52186740389556,"usgs_ws_01643700"
"123",2014,2018,253.005626295221,268.074193638663,210.68859352431,1825,1826,1826,0,0,0,885.150014133761,0.121970845867019,-33.2342109617545,9.08282180915643,24.1513891525981,"usgs_ws_02018000"
"124",2014,2018,260.822520011114,273.071000482813,249.410225724756,1825,1826,1826,0,0,0,140.01633281592,0.0453190085862697,-11.6910230148048,-0.278728728447106,11.9697517432519,"usgs_ws_02049500"
"125",2014,2018,282.390860129128,285.261618701334,280.452152756417,1825,1826,1826,0,0,0,5.85513395536895,0.00855933920039283,-2.24939110587599,-0.310683733164922,2.56007483904096,"usgs_ws_02072500"
"126",2014,2018,245.969439956836,255.904446311905,NA,1825,1826,0,0,0,1826,NA,NA,NA,NA,NA,"usgs_ws_01638350"
"127",2014,2018,241.16946789514,244.010553229751,229.65045471984,1825,1826,1826,0,0,0,57.8286432709354,0.0319146213852183,-8.62637056173685,2.89264261356303,5.73372794817385,"usgs_ws_01674000"
"128",2014,2018,221.956802753551,242.22703602087,201.648858890325,1825,1826,1826,0,0,0,411.647233316887,0.0914152679354884,-20.2953736645902,0.0125701986356717,20.2828034659545,"usgs_ws_01625000"
"129",2014,2018,265.114369349412,268.064553720359,248.288421819599,1825,1826,1826,0,0,0,113.81858184248,0.0409559500682163,-12.2006931435246,4.62525438628887,7.57543875723564,"usgs_ws_02076000"
"130",2014,2018,241.636604049086,256.955021099846,225.727202601285,1825,1826,1826,0,0,0,243.823267257895,0.0646739004355866,-15.7124066487872,0.196994799013538,15.5154118497737,"usgs_ws_03521500"
"131",2014,2018,245.034620522629,240.981829747945,NA,1825,1826,0,0,0,1826,NA,NA,NA,NA,NA,"usgs_ws_01654000"
"132",2014,2018,237.13289888768,244.730832918665,232.498536474339,1825,1826,1826,0,0,0,38.1391654698786,0.0259351246763131,-5.62221961922265,-0.987857205881141,6.61007682510376,"usgs_ws_01671020"
"133",2014,2018,237.98472648494,253.825997929642,232.955650992834,1825,1826,1826,0,0,0,118.634810425467,0.0450847108225176,-8.63314080963812,-3.60406531753225,12.2372061271704,"usgs_ws_01672500"
"134",2014,2018,250.670318759681,275.196261717977,221.114716842828,1825,1826,1826,0,0,0,733.311496457329,0.10875663789527,-27.8790489306678,1.6765529861857,26.2024959444821,"usgs_ws_03209000"
"135",2014,2018,264.606048362127,275.308900022331,NA,1825,1826,0,0,0,1826,NA,NA,NA,NA,NA,"usgs_ws_01636210"
"136",2014,2018,237.642705245364,245.601383218628,243.55691892224,1825,1826,1826,0,0,0,17.0830521261808,0.017060370840029,1.28991646016263,-4.62429721671364,3.33438075655098,"usgs_ws_01644280"
"137",2014,2018,227.155858457806,246.127228857173,213.080047189148,1825,1826,1826,0,0,0,275.026262316721,0.0724860424656847,-15.7076643122278,-1.63185304356966,17.3395173557974,"usgs_ws_01631000"
"138",2014,2018,252.30523353012,273.993706443121,255.80779955346,1825,1826,1826,0,0,0,135.564172574212,0.0446609225832918,-4.89444695544032,-8.39701297878054,13.2914599342208,"usgs_ws_03170000"
"139",2014,2018,244.296605339324,256.760948298922,233.86372471154,1825,1826,1826,0,0,0,131.414615269771,0.0467953033468839,-11.1100347383886,-0.677154110604704,11.7871888489933,"usgs_ws_03488000"
"140",2014,2018,249.543402267556,253.567137678146,NA,1825,1826,0,0,0,1826,NA,NA,NA,NA,NA,"usgs_ws_01643805"
"141",2014,2018,255.058152258786,268.24241509364,238.791903643335,1825,1826,1826,0,0,0,217.624709200457,0.0580721206304163,-15.2389200219188,1.02732859353239,14.2115914283864,"usgs_ws_03176500"
"142",2014,2018,249.358527234728,245.897052120022,234.16873275026,1825,1826,1826,0,0,0,63.3775236148748,0.0327422600211502,-8.97270461807682,6.21708986639138,2.75561475168541,"usgs_ws_02039000"
"143",2014,2018,267.761715705909,279.33386772867,251.68846662036,1825,1826,1826,0,0,0,192.755373507228,0.0521428923001665,-14.5728833979531,1.500365687596,13.0725177103571,"usgs_ws_03168000"
"144",2014,2018,278.762773649725,252.21184253727,214.675838365835,1825,1826,1826,0,0,0,1036.83980436296,0.1295513069115,-33.8743131517749,30.2126221321147,3.66169101966025,"usgs_ws_02032640"
"145",2014,2018,224.577330666332,225.69229449578,NA,1825,1826,0,0,0,1826,NA,NA,NA,NA,NA,"usgs_ws_01615000"
"146",2014,2018,242.119504676844,259.445989835864,215.007177471142,1825,1826,1826,0,0,0,501.682236476961,0.093772474232679,-23.850379856808,3.26194734889401,20.588432507914,"usgs_ws_02026000"
"147",2014,2018,282.004152580631,300.210235747897,262.933308913044,1825,1826,1826,0,0,0,347.454636122985,0.0661664291915537,-18.7825901674799,0.288253500106919,18.4943366673729,"usgs_ws_03164000"
"148",2014,2018,236.638772044701,253.599570571074,202.973635347678,1825,1826,1826,0,0,0,663.999238787477,0.111516463227142,-28.0970239734726,5.56811272354977,22.5289112499229,"usgs_ws_02024000"
"149",2014,2018,238.206631787669,258.287989423553,209.180675503931,1825,1826,1826,0,0,0,609.549223847693,0.104959253083023,-26.0444234011205,2.98153288261824,23.0628905185023,"usgs_ws_02024752"
"150",2014,2018,261.349852646362,266.484618951814,248.49413981106,1825,1826,1826,0,0,0,85.8820862048749,0.0358118663651032,-10.2820639920186,2.57364884328342,7.70841514873518,"usgs_ws_02058400"
"151",2014,2018,281.351281284696,304.209102116906,235.704144996705,1825,1826,1826,0,0,0,1216.51169575539,0.127407892993032,-38.0506978027307,7.59643848526065,30.45425931747,"usgs_ws_03529500"
"152",2014,2018,246.838486928643,248.511513252161,236.86328789179,1825,1826,1826,0,0,0,39.6641278250017,0.0258037367825914,-7.20780813240799,2.76739090444462,4.44041722796337,"usgs_ws_02040000"
"153",2014,2018,262.437876389722,249.838963124988,224.01690371781,1825,1826,1826,0,0,0,383.613751422657,0.079802634384136,-21.4143440263634,17.0066286455488,4.40771538081452,"usgs_ws_02034000"
"154",2014,2018,213.373674131836,224.515486897245,213.504471591565,1825,1826,1826,0,0,0,40.899926289467,0.0294536423093586,-3.62673928198365,-3.75753674171241,7.38427602369603,"usgs_ws_01632900"
"155",2014,2018,228.592789444927,249.340151293854,204.738465676822,1825,1826,1826,0,0,0,498.132024334079,0.0980802972319456,-22.8186697950458,1.03565397305934,21.7830158219864,"usgs_ws_03173000"
"156",2014,2018,254.350465620795,262.814297458805,NA,1825,1826,0,0,0,1826,NA,NA,NA,NA,NA,"usgs_ws_01673550"
"157",2014,2018,NA,246.361287586517,NA,1825,0,0,0,1826,1826,NA,NA,NA,NA,NA,"usgs_ws_01645784"
"158",2014,2018,243.087729889647,263.453369413266,203.16658215084,1825,1826,1826,0,0,0,940.492338069103,0.129634136697893,-33.402645000411,6.51850273839622,26.8841422620148,"usgs_ws_03478400"
"159",2014,2018,276.015634467162,284.966195148723,238.20610894619,1825,1826,1826,0,0,0,616.029736383937,0.0931693728484011,-28.1898705745016,9.61965494647058,18.570215628031,"usgs_ws_02061000"
"160",2014,2018,240.289856166552,258.939259009836,238.77762106583,1825,1826,1826,0,0,0,126.096454332686,0.0456470132496306,-7.2246243482426,-5.71238924752063,12.9370135957632,"usgs_ws_02046000"
"161",2014,2018,244.757138427472,263.424789766065,241.757181414949,1825,1826,1826,0,0,0,137.827700038932,0.0469638299037242,-8.22252178787954,-5.22256477535666,13.4450865632362,"usgs_ws_02047000"
"162",2014,2018,258.623938232222,263.070556021115,232.303572294255,1825,1826,1826,0,0,0,276.523560086306,0.0661632899533743,-19.0291165549422,7.29124938302485,11.7378671719174,"usgs_ws_02059500"
"163",2014,2018,252.86884389642,249.973954422829,238.214649633217,1825,1826,1826,0,0,0,60.2345072838337,0.0314189783740766,-8.8044996842718,5.8496945789314,2.9548051053404,"usgs_ws_02041000"
"164",2014,2018,225.41020068851,226.92313510729,226.11087406831,1825,1826,1826,0,0,0,0.573280289355823,0.00334803985644422,-0.0371958863935049,-0.737869266193286,0.775065152586819,"usgs_ws_01616100"
"165",2014,2018,248.493513335599,258.391544962937,235.3781084928,1825,1826,1826,0,0,0,133.267188741893,0.0466578758052925,-12.0429471043121,1.07245773848683,10.9704893658253,"usgs_ws_01674500"
"166",2014,2018,249.025725531952,249.239692078435,NA,1825,1826,0,0,0,1826,NA,NA,NA,NA,NA,"usgs_ws_01658500"
"167",2014,2018,241.825727390159,269.671397187917,207.319412477357,1825,1826,1826,0,0,0,975.63951544887,0.13036106076844,-32.2860998744542,2.22021503834802,30.0658848361062,"usgs_ws_03207800"
"168",2014,2018,237.297706732836,259.55718557226,NA,1825,1826,0,0,0,1826,NA,NA,NA,NA,NA,"usgs_ws_01643590"
"169",2014,2018,237.205793049124,254.33930755899,232.199771713268,1825,1826,1826,0,0,0,134.796102756468,0.0481254078338984,-9.04851906052554,-4.04249772467028,13.0910167851958,"usgs_ws_02055000"
"170",2014,2018,219.476266915328,253.122658102075,176.64118593737,1825,1826,1826,0,0,0,1469.38989779341,0.177126865092954,-39.7721843808879,3.06289659707056,36.7092877838174,"usgs_ws_02020500"
"171",2014,2018,260.136912321351,264.624522187115,210.308536794895,1825,1826,1826,0,0,0,908.871986506779,0.123039322768342,-34.714786972892,15.1135885535644,19.6011984193276,"usgs_ws_02030000"
"172",2014,2018,247.05408341809,264.312336061638,256.59711100331,1825,1826,1826,0,0,0,74.7402262502443,0.0337720841187765,0.60926750896391,-8.93376007625608,8.32449256729217,"usgs_ws_01662800"
"173",2014,2018,226.490752584213,242.25771598263,NA,1825,1826,0,0,0,1826,NA,NA,NA,NA,NA,"usgs_ws_01670300"
"174",2014,2018,241.11260831595,251.852275348001,234.657758604885,1825,1826,1826,0,0,0,75.442823130177,0.0358116239584658,-7.88312215139371,-1.4282724403287,9.3113945917224,"usgs_ws_02045500"
"175",2014,2018,235.245381061521,256.104292210966,217.64073957318,1825,1826,1826,0,0,0,370.743742965541,0.0814737689754953,-18.6893980420426,-1.08475655370128,19.7741545957439,"usgs_ws_02011470"
"176",2014,2018,227.590451098674,233.869580606718,229.30582854949,1825,1826,1826,0,0,0,10.5329700029022,0.0140950237866345,-0.949458202137208,-2.66483565295351,3.61429385509072,"usgs_ws_01636316"
"177",2014,2018,223.534642973473,244.134171595328,196.60736207343,1825,1826,1826,0,0,0,568.036109907206,0.107636743438927,-24.8180301406471,2.10925075939599,22.708779381251,"usgs_ws_01634500"
"178",2014,2018,233.146171249935,255.010314723391,225.7018541624,1825,1826,1826,0,0,0,232.07408119713,0.0640210122746455,-12.250925882842,-4.8066087953068,17.0575346781488,"usgs_ws_03474000"
"179",2014,2018,292.142489263311,282.56254504706,276.931218440415,1825,1826,1826,0,0,0,59.1449884307765,0.0270910657272581,-6.94753247651352,8.26373834638213,-1.31620586986861,"usgs_ws_02069700"
"180",2014,2018,247.151328387476,253.985650707921,251.975731342412,1825,1826,1826,0,0,0,12.3371002178606,0.013991614269465,0.938161196475505,-3.88624175845999,2.94808056198445,"usgs_ws_01644000"
"181",2014,2018,249.745938181007,249.466378610706,230.97025464513,1825,1826,1826,0,0,0,115.785174590451,0.04420956782978,-12.4239358338177,6.35174770205944,6.07218813175822,"usgs_ws_02038000"
"182",2014,2018,224.217683296945,240.729018688105,210.787449219587,1825,1826,1826,0,0,0,224.915494335017,0.0665817297522678,-14.4572678486256,-1.02703377126693,15.4843016198926,"usgs_ws_01638500"
"183",2014,2018,269.697476583767,281.209444566345,253.222690545953,1825,1826,1826,0,0,0,197.867063736919,0.0524785653854373,-14.8205133527348,1.65427268507841,13.1662406676564,"usgs_ws_02077303"
"184",2014,2018,289.950585088947,292.846524762177,264.25978443249,1825,1826,1826,0,0,0,247.600904606294,0.0557294538094776,-18.0925136620481,7.59828699440942,10.4942266676387,"usgs_ws_02068500"
"185",2014,2018,269.879640081196,277.531278652103,260.253840832274,1825,1826,1826,0,0,0,74.9522402697349,0.0321575112206394,-8.96774568958386,0.658053559338441,8.30969213024537,"usgs_ws_02074000"
"186",2014,2018,320.919541985972,336.338777093182,305.205375440735,1825,1826,1826,0,0,0,242.32942332591,0.0485221429358013,-15.6158560658947,0.0983104793424445,15.5175455865523,"usgs_ws_03161000"
"187",2014,2018,255.202142502299,262.121465547039,245.18153790977,1825,1826,1826,0,0,0,72.5417826921979,0.0335098580207549,-8.98684407659923,1.03376051592954,7.95308356066968,"usgs_ws_02052500"
