"","start_year","end_year","prism_precip","daymet_precip","nldas_precip","CV","var","hydrocode","gage","area"
"1",2018,2023,292.143913616722,316.219775780662,248.409338454103,0.120370985139769,1181.76926900183,"usgs_ws_02019500","02019500",5365784522.49612
"2",2018,2023,258.633352855983,282.562001834158,203.097818129127,0.164315370378918,1661.88872520424,"usgs_ws_01622000","01622000",971856267.58662
"3",2018,2023,294.868407041143,308.147559680039,256.506395526174,0.0935983652977987,719.131609574695,"usgs_ws_02011400","02011400",407332735.234042
"4",2018,2023,290.171539092206,324.611887928225,NA,NA,NA,"usgs_ws_03473500","03473500",19156091.5240318
"5",2018,2023,293.512784020164,315.682450355214,273.259635544047,0.072134979520208,450.229890850929,"usgs_ws_01670400","01670400",886099663.319639
"6",2018,2023,290.501795394269,307.59688988859,282.512683191609,0.0436558459704466,164.214265862216,"usgs_ws_02036500","02036500",57886589.7215646
"7",2018,2023,301.54165784848,294.916596216529,224.209261943999,0.156690416153625,1837.28633631365,"usgs_ws_01656000","01656000",241631463.662678
"8",2018,2023,287.270073045911,304.56277144038,280.925036664989,0.042053248368507,149.673234958172,"usgs_ws_01671100","01671100",276332504.781457
"9",2018,2023,324.497523867261,310.987489465125,320.361620952859,0.021725868278019,47.9168439356007,"usgs_ws_02065500","02065500",252647034.169526
"10",2018,2023,285.888603752352,305.621190845232,246.279946434341,0.108214430737741,913.267336024486,"usgs_ws_02011800","02011800",893169520.411534
"11",2018,2023,287.065821360855,307.853857222197,244.623527185919,0.11515986764313,1038.59423438348,"usgs_ws_02012500","02012500",1061345672.12231
"12",2018,2023,333.677554715686,344.353076655902,343.549955324947,0.0174589784081941,35.3460110596657,"usgs_ws_02047500","02047500",749848252.778392
"13",2018,2023,315.645202101141,321.288643748773,315.508334867519,0.0103894895619329,10.8798561720949,"usgs_ws_02038850","02038850",22096843.5505302
"14",2018,2023,305.490366414813,301.670300323982,295.395399597091,0.0169418395175066,25.9792731869243,"usgs_ws_02044500","02044500",820524386.158795
"15",2018,2023,347.8969901195,350.234749811673,317.533767063614,0.0538835495457841,332.79078456812,"usgs_ws_02056650","02056650",144486541.602307
"16",2018,2023,311.985168555001,344.885653074247,282.967955090999,0.0988865492440766,959.70698039355,"usgs_ws_01669520","01669520",282985893.809692
"17",2018,2023,322.001627532683,310.191626951266,NA,NA,NA,"usgs_ws_03177710","03177710",114620314.0111
"18",2018,2023,264.848190348988,279.890134634369,196.217798009719,0.180596335950519,1989.57512612585,"usgs_ws_01613900","01613900",41272610.2911715
"19",2018,2023,303.027107521547,305.594576294611,298.79589910539,0.0113501199698239,11.786172014142,"usgs_ws_02041650","02041650",3475473272.4327
"20",2018,2023,271.436296803519,288.519668692543,212.886099275534,0.153974984354216,1573.40067473704,"usgs_ws_01628500","01628500",2793593902.13781
"21",2018,2023,284.499304754999,312.802877945918,229.804127732379,0.153038022013,1780.24119698649,"usgs_ws_02021500","02021500",851391440.152936
"22",2018,2023,376.155009533134,370.01383795078,345.806856478056,0.0440813671487233,257.450389046537,"usgs_ws_02072000","02072000",556864395.508404
"23",2018,2023,262.01604450122,263.148763552987,204.095705314968,0.138930025288355,1140.55207186061,"usgs_ws_01633000","01633000",1315748433.86932
"24",2018,2023,286.498224020234,309.265579635597,249.639202841514,0.106775473336107,905.374122259935,"usgs_ws_03167000","03167000",667477710.26182
"25",2018,2023,316.670521358427,352.604371283612,267.083344151109,0.137581234772831,1843.995965939,"usgs_ws_03208800","03208800",95043793.8748591
"26",2018,2023,298.291918228429,330.022900696273,292.850297697802,0.0653823372014403,403.044816009303,"usgs_ws_03475000","03475000",534069647.552109
"27",2018,2023,342.673283761915,311.461503667655,227.023212282429,0.203703389994128,3579.82321698649,"usgs_ws_02032250","02032250",199283814.488085
"28",2018,2023,294.432946524212,309.707425856022,271.911649907999,0.0651102605781106,361.506533274422,"usgs_ws_02054530","02054530",727631546.04281
"29",2018,2023,298.246654595272,337.847619874099,255.196215684819,0.139138803293597,1708.80522597618,"usgs_ws_02014000","02014000",396744127.706971
"30",2018,2023,305.91967929272,320.745137946029,243.391604323456,0.141560102759752,1685.5205912569,"usgs_ws_01663500","01663500",738284290.783199
"31",2018,2023,271.389502418857,287.937404272242,208.860905511909,0.16287741986958,1739.45852384897,"usgs_ws_01629500","01629500",3551793889.98061
"32",2018,2023,304.869243072382,336.330139883285,272.704612124063,0.10443136046752,1012.09321580456,"usgs_ws_03527000","03527000",2907445818.5179
"33",2018,2023,280.224939616557,289.48263665348,NA,NA,NA,"usgs_ws_01636690","01636690",34994960.5588756
"34",2018,2023,326.234735573059,331.792434317774,304.242692301136,0.0454205824396307,212.254377965746,"usgs_ws_02059485","02059485",322836034.276773
"35",2018,2023,305.65109461189,308.552442147096,282.847255644494,0.0470819160638357,198.198250384082,"usgs_ws_02052000","02052000",1927152204.95598
"36",2018,2023,299.591360753312,322.590236165166,224.247592673359,0.182321527484537,2646.15119794204,"usgs_ws_01627500","01627500",547846787.671377
"37",2018,2023,306.306888291074,318.145851130152,263.507707116962,0.0971119686019624,826.20962191429,"usgs_ws_02037500","02037500",17481116130.8158
"38",2018,2023,318.020714195724,353.50521474025,NA,NA,NA,"usgs_ws_03208700","03208700",48019209.6942083
"39",2018,2023,297.595990481984,317.325850193303,296.055623575659,0.0390593789452637,140.677105800057,"usgs_ws_02053800","02053800",283413786.56914
"40",2018,2023,326.296444612847,319.735605881692,NA,NA,NA,"usgs_ws_01652500","01652500",32594846.5125465
"41",2018,2023,271.75194682519,315.749033747146,254.068489354062,0.113224071023573,1008.82298039643,"usgs_ws_02013000","02013000",419461445.677496
"42",2018,2023,321.529652367601,327.905928453418,311.387557648266,0.0260102657353933,69.3959260125033,"usgs_ws_02060500","02060500",4613442943.13841
"43",2018,2023,305.890747444777,318.778962750065,279.859880577994,0.0657555228887252,393.067846784674,"usgs_ws_02056000","02056000",1318896498.48103
"44",2018,2023,343.908817857823,344.066971117109,329.106971321478,0.0253426837105198,73.8202112040341,"usgs_ws_02075045","02075045",5478165059.84464
"45",2018,2023,276.969904570973,306.222413449981,242.493589730917,0.115903908152403,1017.61475554711,"usgs_ws_02016000","02016000",1193758746.06934
"46",2018,2023,303.798369482493,310.318356317676,244.763197510893,0.126141866646937,1304.19010070498,"usgs_ws_01668000","01668000",4127911829.04237
"47",2018,2023,335.172840716161,337.93008066319,NA,NA,NA,"usgs_ws_01661800","01661800",17521831.4954999
"48",2018,2023,312.093707402195,327.739503218681,NA,NA,NA,"usgs_ws_01669000","01669000",72345930.9029209
"49",2018,2023,365.064515756207,361.793345683058,340.399680592303,0.037655857092454,179.457258887564,"usgs_ws_02073000","02073000",981525405.804484
"50",2018,2023,361.979048548031,357.339619322351,363.517146225334,0.00890964732335341,10.3419811070156,"usgs_ws_02070000","02070000",278486436.590555
"51",2018,2023,320.505147844778,323.7948702031,311.042451878516,0.0207900429793923,43.8315102116609,"usgs_ws_02066000","02066000",7678558027.17106
"52",2018,2023,278.107767046363,290.207134754721,264.156181153119,0.0469798176077311,169.94893857191,"usgs_ws_01638420","01638420",59861189.5381482
"53",2018,2023,247.945093581396,248.487360856589,214.745536361149,0.0815247995463405,373.502562283218,"usgs_ws_01632082","01632082",118181776.223707
"54",2018,2023,282.75002183347,312.167093925016,242.815924507853,0.124651543617422,1211.61349319652,"usgs_ws_02016500","02016500",3549379261.86498
"55",2018,2023,326.71305447236,350.440546735245,248.189851665164,0.173502591693053,2864.01531841667,"usgs_ws_02028500","02028500",245393985.112639
"56",2018,2023,263.422332483023,290.092464103285,199.805538792242,0.184727306935024,2151.68687370988,"usgs_ws_01635500","01635500",223978841.944323
"57",2018,2023,304.763062557623,322.525120652768,258.405671619061,0.112133755356913,1095.96702446538,"usgs_ws_02029000","02029000",11857653436.5887
"58",2018,2023,259.436629300637,320.628335820287,NA,NA,NA,"usgs_ws_01620500","01620500",44659598.0088622
"59",2018,2023,417.554841438299,383.903550608472,NA,NA,NA,"usgs_ws_02071530","02071530",68186938.410185
"60",2018,2023,283.860330420055,310.931533575606,251.928583999039,0.104644299607644,872.305754753339,"usgs_ws_02011460","02011460",157590657.587209
"61",2018,2023,294.288866119132,310.740400681975,279.368724337781,0.0532296543216038,246.240949482136,"usgs_ws_01673000","01673000",2791506385.69128
"62",2018,2023,305.139372881459,309.905484893792,264.578590830039,0.0849496373088507,620.403364967261,"usgs_ws_01646000","01646000",149646365.087063
"63",2018,2023,282.750707820065,278.909479723412,227.531204682729,0.117203532710519,950.612617696818,"usgs_ws_01643880","01643880",122168130.457453
"64",2018,2023,358.094408431978,386.369257969835,331.115716983165,0.0770635007060795,763.378450040733,"usgs_ws_03165500","03165500",3496114159.10409
"65",2018,2023,282.127488274415,305.85874850795,245.139937288552,0.110186074370227,936.337612683411,"usgs_ws_02011500","02011500",346648774.053348
"66",2018,2023,348.898714646259,370.986967237601,283.356742702519,0.136284279592541,2077.11620681363,"usgs_ws_03531500","03531500",826493815.399906
"67",2018,2023,305.727053354081,313.884116733755,268.646693420514,0.0814309553886311,581.319207300712,"usgs_ws_03175500","03175500",578022259.33723
"68",2018,2023,322.025480751122,319.116091038687,243.779276448809,0.150384491362035,1967.76144479461,"usgs_ws_01667500","01667500",1210019740.46022
"69",2018,2023,289.874099146991,307.336043390496,266.748698301109,0.0706958032743345,414.506040408497,"usgs_ws_01673800","01673800",200730882.143942
"70",2018,2023,325.201909247901,346.613957618756,NA,NA,NA,"usgs_ws_02018500","02018500",88676820.5584542
"71",2018,2023,320.643242340263,358.453712583708,273.121772608709,0.134710537656445,1828.24362089573,"usgs_ws_03524500","03524500",225654466.800083
"72",2018,2023,307.919674095051,303.231119225283,NA,NA,NA,"usgs_ws_02079640","02079640",138607271.447473
"73",2018,2023,331.769342541959,349.482694288898,271.718787599129,0.128306748469076,1661.17619378461,"usgs_ws_02027000","02027000",240729505.758264
"74",2018,2023,353.432966619249,359.030459476485,325.118243600174,0.0525647947320017,330.515641929216,"usgs_ws_02056900","02056900",297708998.721141
"75",2018,2023,376.53525407541,374.97437641165,347.924281505979,0.0438959764426494,258.788620809288,"usgs_ws_03165000","03165000",102072840.922244
"76",2018,2023,288.620835812027,329.35261258038,228.291722153776,0.180248983736486,2585.33052788587,"usgs_ws_03208500","03208500",740436166.079864
"77",2018,2023,NA,319.953322415927,NA,NA,NA,"usgs_ws_01654500","01654500",9615198.40411969
"78",2018,2023,312.552945344762,313.184034256773,284.149126988674,0.054679812945612,275.033501747938,"usgs_ws_02030500","02030500",586227939.031891
"79",2018,2023,331.799295732561,358.46123879271,300.18896013194,0.0883572639356251,850.955164140796,"usgs_ws_03171000","03171000",7164832865.49279
"80",2018,2023,317.188384104371,379.428859492954,NA,NA,NA,"usgs_ws_02024915","02024915",70184162.7172679
"81",2018,2023,299.595994685137,333.525725851002,279.858795931739,0.0891950179595876,736.820506429682,"usgs_ws_03524000","03524000",1380470168.15182
"82",2018,2023,303.112051604142,306.100224725254,278.589820658089,0.0510068173794256,227.848553518668,"usgs_ws_02051500","02051500",1429637356.96726
"83",2018,2023,298.603949815584,311.674001832924,246.305216968149,0.121146239439126,1196.5102919801,"usgs_ws_01664000","01664000",1603218330.32013
"84",2018,2023,321.32780755439,327.797059064619,319.997197527724,0.0129163939343369,17.4099296900661,"usgs_ws_02074500","02074500",288622122.537259
"85",2018,2023,313.936154214239,326.739454648718,293.246074814409,0.0542895891573972,285.635063385354,"usgs_ws_02055100","02055100",30260425.2791649
"86",2018,2023,309.106059999231,314.748147154181,312.866825567089,0.00920041868327943,8.25264600574975,"usgs_ws_02077500","02077500",746336122.351962
"87",2018,2023,320.427135338878,315.695332146519,227.632039382849,0.181519973682127,2731.41055455327,"usgs_ws_02031000","02031000",246607887.90553
"88",2018,2023,294.200666912375,306.587935732991,NA,NA,NA,"usgs_ws_01660400","01660400",90667126.4938592
"89",2018,2023,320.598766954594,317.176499445969,268.751388358939,0.0959598036949402,840.808994322158,"usgs_ws_01653000","01653000",87625394.9855376
"90",2018,2023,265.727453117529,312.115600241149,236.919253059359,0.139693962233345,1439.37720227307,"usgs_ws_02015700","02015700",283788240.656139
"91",2018,2023,253.89547285511,260.249948751029,213.225988296499,0.105229004802325,650.939865834027,"usgs_ws_01621050","01621050",37059064.7025727
"92",2018,2023,318.891601362025,315.289942461342,315.917950574276,0.00607491853348651,3.70149000571057,"usgs_ws_02064000","02064000",427385214.956092
"93",2018,2023,324.644828333127,318.730066335194,230.481334228554,0.181062467628933,2781.59779165061,"usgs_ws_01666500","01666500",464293046.257376
"94",2018,2023,302.305893846779,303.506366747017,283.466658116204,0.0379164176233597,126.324643350711,"usgs_ws_02051000","02051000",144937406.448347
"95",2018,2023,293.597533060278,312.801890935691,274.460434256783,0.065290992632034,367.517202047043,"usgs_ws_01671025","01671025",1207710904.84417
"96",2018,2023,321.705921610818,326.890291309012,311.560738997536,0.0243629223573848,60.7995989157831,"usgs_ws_02062500","02062500",6223099594.926
"97",2018,2023,348.918096874048,364.105445877823,NA,NA,NA,"usgs_ws_02027500","02027500",123527986.977875
"98",2018,2023,337.174960421556,337.831428811201,323.159624384272,0.0249089821972273,68.6870733544436,"usgs_ws_02075500","02075500",6698712228.55323
"99",2018,2023,NA,321.984175214915,NA,NA,NA,"usgs_ws_02011490","02011490",12689912.2379998
"100",2018,2023,261.053448202568,265.748286371222,198.435631127397,0.155457026267523,1412.33767944393,"usgs_ws_01634000","01634000",1994017493.52069
"101",2018,2023,312.9517079481,311.040593935131,301.089321175744,0.0206548790700414,40.5660677065418,"usgs_ws_02042500","02042500",651065126.134058
"102",2018,2023,307.131033272152,319.355418515678,261.574960905776,0.102865964736093,927.228767607028,"usgs_ws_02035000","02035000",16184361368.2907
"103",2018,2023,310.926122197847,313.144993704191,314.872507315074,0.00632077620172549,3.91360825515269,"usgs_ws_02077000","02077000",1416008028.38206
"104",2018,2023,281.864825363189,309.661392161111,247.457015836362,0.111423042481469,970.988486022792,"usgs_ws_02013100","02013100",1583226778.02646
"105",2018,2023,340.25251220288,336.62373197041,215.606767141174,0.238458059880249,5032.47259740729,"usgs_ws_01665500","01665500",296487823.971996
"106",2018,2023,279.705673602414,286.567295621957,264.156181153119,0.0414826071718354,131.854437317519,"usgs_ws_01638480","01638480",231530033.229766
"107",2018,2023,295.324452877936,337.277527016397,NA,NA,NA,"usgs_ws_01626000","01626000",328514897.362503
"108",2018,2023,330.686493253701,335.133624960278,310.176932382264,0.0409181469714469,177.209261998052,"usgs_ws_02061500","02061500",814828423.80029
"109",2018,2023,298.481259511553,320.245034518613,253.724778022977,0.116622979150957,1150.29151034007,"usgs_ws_02025500","02025500",8428090228.51836
"110",2018,2023,310.285612017476,338.628870078128,292.312886545497,0.074426312293889,545.254911496463,"usgs_ws_03490000","03490000",1738263722.03573
"111",2018,2023,327.83740543031,360.93381265074,279.582643551646,0.126741731698331,1673.65115477609,"usgs_ws_03473000","03473000",785212583.985672
"112",2018,2023,309.507213610214,308.18469096677,308.051366273829,0.00260810502237638,0.64772218050512,"usgs_ws_02039500","02039500",782176002.350829
"113",2018,2023,319.680244364705,352.701322628727,NA,NA,NA,"usgs_ws_03471500","03471500",198287155.934274
"114",2018,2023,277.697431230308,274.048778641224,212.965833300372,0.142662795239491,1322.43644129869,"usgs_ws_01632000","01632000",542767682.476967
"115",2018,2023,310.636044202624,324.477217627236,250.585336554526,0.133048705296766,1542.94594321185,"usgs_ws_02017500","02017500",271938885.682366
"116",2018,2023,294.510489201982,332.424387507659,226.991346123489,0.187620829960542,2852.0707637172,"usgs_ws_01626850","01626850",382484766.219302
"117",2018,2023,298.049861949247,333.80182617116,238.811871010506,0.165309924144958,2301.73901626772,"usgs_ws_03209200","03209200",1362554358.44218
"118",2018,2023,322.891120730746,325.685146465156,313.467391458856,0.019962661721175,40.9811317647309,"usgs_ws_02079500","02079500",20366675573.7567
"119",2018,2023,293.327340506816,306.724143877561,271.911649907999,0.0604136720834836,308.335980126582,"usgs_ws_02054500","02054500",658458238.142593
"120",2018,2023,308.001423336214,316.370253945477,NA,NA,NA,"usgs_ws_02022500","02022500",90906193.368695
"121",2018,2023,302.77579694061,339.685329515192,217.030596650199,0.219642106833863,3959.78941031659,"usgs_ws_03208950","03208950",172188912.950058
"122",2018,2023,280.665547026914,294.825230653477,216.096048901449,0.159053595069959,1761.33346465377,"usgs_ws_01643700","01643700",315311574.332072
"123",2018,2023,311.624821474173,329.580096890817,259.775152915599,0.120695273400564,1313.91837471746,"usgs_ws_02018000","02018000",851865579.038167
"124",2018,2023,334.562531250059,340.938969567992,342.352089028493,0.0122315081644087,17.2221804359358,"usgs_ws_02049500","02049500",1587615689.12163
"125",2018,2023,372.649606029864,367.422678864585,345.806856478056,0.0393160380542389,202.516291423033,"usgs_ws_02072500","02072500",669886699.671033
"126",2018,2023,280.230846074213,288.46322936141,NA,NA,NA,"usgs_ws_01638350","01638350",81829833.9597626
"127",2018,2023,293.565565563572,306.86836708941,263.536825503707,0.0770764560392485,492.718709035381,"usgs_ws_01674000","01674000",663316340.43919
"128",2018,2023,268.946715541139,282.593892596191,212.320318516099,0.14634716682991,1388.52824926659,"usgs_ws_01625000","01625000",964748478.119823
"129",2018,2023,334.904539781701,335.970629142998,320.00348262184,0.0270269578559553,79.6879698393066,"usgs_ws_02076000","02076000",7150792121.92409
"130",2018,2023,305.009580728554,329.19126591202,295.319601524664,0.056302780484207,304.323207275624,"usgs_ws_03521500","03521500",355023859.517368
"131",2018,2023,314.017285128571,313.591350513089,NA,NA,NA,"usgs_ws_01654000","01654000",61781349.3063163
"132",2018,2023,293.597533060278,312.870781964461,274.460434256783,0.0654032942601623,368.840247493682,"usgs_ws_01671020","01671020",1195019430.59464
"133",2018,2023,296.488382959978,311.03409275388,284.183458109575,0.0452197005615569,180.657571630731,"usgs_ws_01672500","01672500",1022231010.17991
"134",2018,2023,309.838826098821,339.978975263417,254.592094295602,0.143643669087145,1875.2582346688,"usgs_ws_03209000","03209000",572746327.341673
"135",2018,2023,307.502774608552,331.310437703915,NA,NA,NA,"usgs_ws_01636210","01636210",36245223.4625335
"136",2018,2023,275.459205563824,292.235313011075,237.999678839639,0.103391686959312,771.02632290991,"usgs_ws_01644280","01644280",197014722.305778
"137",2018,2023,270.851102890137,289.997319397489,213.62475654333,0.153925487325348,1579.03344661058,"usgs_ws_01631000","01631000",4230045448.71749
"138",2018,2023,313.288865934142,346.500214778907,284.424290523089,0.09869585861301,964.929629660511,"usgs_ws_03170000","03170000",800468899.861655
"139",2018,2023,302.819491844674,331.428421958417,304.781846398053,0.0510560154704104,255.393617790059,"usgs_ws_03488000","03488000",572312493.930823
"140",2018,2023,282.735075427134,285.411957198178,NA,NA,NA,"usgs_ws_01643805","01643805",98653506.585549
"141",2018,2023,321.268651551392,346.32811406892,288.441737037534,0.0910943893295201,842.735937331231,"usgs_ws_03176500","03176500",9794840721.79541
"142",2018,2023,306.636106450223,305.387272855155,299.015971630939,0.0134581278942558,16.7032532169872,"usgs_ws_02039000","02039000",180131274.456192
"143",2018,2023,339.987574382582,365.109845349369,307.44235133659,0.0856655559983174,835.976651225985,"usgs_ws_03168000","03168000",5726801560.68145
"144",2018,2023,337.385170274885,305.257670253929,229.709133024164,0.190099578348412,3055.64778886208,"usgs_ws_02032640","02032640",280429242.505543
"145",2018,2023,269.829946058513,268.587694235763,NA,NA,NA,"usgs_ws_01615000","01615000",150507297.201678
"146",2018,2023,300.81515916311,320.706979758806,259.553358082669,0.106209664747238,972.997699853547,"usgs_ws_02026000","02026000",9444441426.31322
"147",2018,2023,361.505882112225,394.45049998255,335.049890104993,0.0818308175787663,885.616635589048,"usgs_ws_03164000","03164000",2954905986.34597
"148",2018,2023,293.501856381514,315.648474573012,247.36393677338,0.122021153249389,1213.65973759934,"usgs_ws_02024000","02024000",1673771710.86912
"149",2018,2023,295.813079204028,318.505418130387,250.201011308611,0.120716298156341,1210.14916248659,"usgs_ws_02024752","02024752",7961404152.46684
"150",2018,2023,336.456211726423,337.431507192982,332.307589720889,0.00811216836049588,7.40279934211805,"usgs_ws_02058400","02058400",909415393.031254
"151",2018,2023,350.887147427589,376.620931316014,269.026624728039,0.169138365927002,3156.65127000115,"usgs_ws_03529500","03529500",290185382.705737
"152",2018,2023,302.273962472839,304.690720825186,299.099633451349,0.00928438934872925,7.86289061536437,"usgs_ws_02040000","02040000",1877236920.11687
"153",2018,2023,318.990028699274,309.036563360444,257.841204586269,0.111113437339139,1076.53582044516,"usgs_ws_02034000","02034000",1715497565.62336
"154",2018,2023,246.582965447117,259.988351957561,204.765206168624,0.121478401132025,829.670868232424,"usgs_ws_01632900","01632900",242136650.317969
"155",2018,2023,285.498996218382,315.502394328702,251.951659602051,0.111817991215175,1010.72059608548,"usgs_ws_03173000","03173000",773227016.28835
"156",2018,2023,314.178071085322,314.467375098561,NA,NA,NA,"usgs_ws_01673550","01673550",66078662.1987425
"157",2018,2023,NA,311.102661325889,NA,NA,NA,"usgs_ws_01645784","01645784",2042210.76794874
"158",2018,2023,306.873961696906,337.225158185214,289.948513978609,0.0769359213250089,573.791166029084,"usgs_ws_03478400","03478400",69749571.750196
"159",2018,2023,348.489505003103,355.471963649557,307.838064977544,0.0762714258354656,661.71376793277,"usgs_ws_02061000","02061000",294024722.017034
"160",2018,2023,310.745567631009,313.172902604496,311.266734151859,0.00409916703459736,1.63284129763257,"usgs_ws_02046000","02046000",291446814.970076
"161",2018,2023,317.610406764783,318.662361208897,311.831333669341,0.0116380433342021,13.5278718735205,"usgs_ws_02047000","02047000",3730477372.58245
"162",2018,2023,321.475128090258,326.261180041105,306.184425305052,0.0329788521901891,109.96466094556,"usgs_ws_02059500","02059500",485703761.838651
"163",2018,2023,307.304927276517,299.999125724547,298.674921578006,0.0153900067323863,21.6008752158066,"usgs_ws_02041000","02041000",408541002.191427
"164",2018,2023,260.130218866862,263.259591146941,190.654357997589,0.172447792826192,1684.70134917761,"usgs_ws_01616100","01616100",28446307.5602715
"165",2018,2023,303.933540903717,313.299729661123,274.297947188009,0.0685107267547206,414.522157133658,"usgs_ws_01674500","01674500",1559335859.90549
"166",2018,2023,305.239099040233,303.872867577077,NA,NA,NA,"usgs_ws_01658500","01658500",19725900.3190089
"167",2018,2023,296.573309935347,333.880030326349,217.440730729939,0.210374684896053,3535.31116142253,"usgs_ws_03207800","03207800",768290208.766574
"168",2018,2023,279.894087640969,286.369943368011,NA,NA,NA,"usgs_ws_01643590","01643590",20399448.1462486
"169",2018,2023,300.363260572084,316.305855721335,274.794506451617,0.0704713031035856,438.519940926372,"usgs_ws_02055000","02055000",993928750.789965
"170",2018,2023,270.973758992942,306.236909323604,213.730921640029,0.17707819032333,2179.5983261281,"usgs_ws_02020500","02020500",364961358.476462
"171",2018,2023,314.339582717791,325.989627494465,233.352501133314,0.173261081396388,2546.04468455351,"usgs_ws_02030000","02030000",299384470.642828
"172",2018,2023,279.391343774482,313.725509044725,283.467975046049,0.064193778013991,351.828698501617,"usgs_ws_01662800","01662800",66665826.823936
"173",2018,2023,291.155099196704,321.269097298197,NA,NA,NA,"usgs_ws_01670300","01670300",14451379.0095834
"174",2018,2023,311.33038558547,308.1639928718,299.638311041805,0.0197380136475303,36.5696501030183,"usgs_ws_02045500","02045500",1493310197.58654
"175",2018,2023,283.418773404412,309.696587774998,251.928583999039,0.102680462863923,836.549636190085,"usgs_ws_02011470","02011470",195632586.421466
"176",2018,2023,264.147746277014,273.501356041958,216.205899354469,0.12232036882851,944.780009834574,"usgs_ws_01636316","01636316",55343159.3744726
"177",2018,2023,265.22868383027,299.167700970471,198.388881859269,0.201668859468287,2629.29773223566,"usgs_ws_01634500","01634500",264227056.477521
"178",2018,2023,297.308236064049,330.582114744717,279.782400221194,0.0852845196479238,665.819486686318,"usgs_ws_03474000","03474000",341053098.204821
"179",2018,2023,388.521827983312,370.967176883954,368.161741253099,0.0293563292314373,121.761562660134,"usgs_ws_02069700","02069700",221502850.269753
"180",2018,2023,279.823666387209,290.609901715622,223.894543663815,0.135257030043626,1282.55810685818,"usgs_ws_01644000","01644000",858758018.70125
"181",2018,2023,311.067809601879,307.064023153985,304.749793624839,0.0103906214173473,10.2172150200061,"usgs_ws_02038000","02038000",85695863.4688673
"182",2018,2023,267.242291423503,284.853567037101,233.872508672221,0.098833241996487,670.461290268187,"usgs_ws_01638500","01638500",24734568589.6518
"183",2018,2023,309.733096662929,317.775506297167,312.472098319816,0.0130495584787967,16.7181031625902,"usgs_ws_02077303","02077303",526773223.247774
"184",2018,2023,351.511243530984,350.38704671337,334.708964002257,0.0271841811371012,88.2304488904489,"usgs_ws_02071000","02071000",2710709999.84841
"185",2018,2023,397.192202770443,388.621067365865,340.602532145412,0.0812320864228223,930.272484715155,"usgs_ws_02068500","02068500",321904888.090359
"186",2018,2023,355.808164059817,355.157291450944,336.021872519627,0.0322079601791546,126.347537623902,"usgs_ws_02074000","02074000",1408838904.68747
"187",2018,2023,403.857800254216,434.795021046374,365.103417751212,0.0870245826109447,1219.32222723036,"usgs_ws_03161000","03161000",533712043.008783
"188",2018,2023,312.6301780481,315.863806399586,299.572471931449,0.0278812920128319,74.3946033495075,"usgs_ws_02052500","02052500",179871003.549627
