"","start_year","end_year","prism_precip","daymet_precip","nldas_precip","daymet_ndays_with_data","prism_ndays_with_data","nldas2_ndays_with_data","daymet_missing","prism_missing","nldas2_missing","var","CV","nldas2_dif_from_mean","prism_dif_from_mean","daymet_dif_from_mean","hydrocode"
"1",2018,2023,292.143913616722,316.219775780662,248.409338454103,2190,2191,2191,0,0,0,1181.76926900183,0.120370985139769,-37.1816708297258,6.55290433289264,30.6287664968332,"usgs_ws_02019500"
"2",2018,2023,258.633352855983,282.562001834158,203.097818129127,2190,2191,2191,0,0,0,1661.88872520424,0.164315370378918,-44.9999061439622,10.5356285828935,34.4642775610687,"usgs_ws_01622000"
"3",2018,2023,294.868407041143,308.147559680039,256.506395526174,2190,2191,2191,0,0,0,719.131609574695,0.0935983652977987,-30.0010585562781,8.36095295869109,21.640105597587,"usgs_ws_02011400"
"4",2018,2023,290.171539092206,324.611887928225,NA,2190,2191,0,0,0,2191,NA,NA,NA,NA,NA,"usgs_ws_03473500"
"5",2018,2023,293.512784020164,315.682450355214,273.259635544047,2190,2191,2191,0,0,0,450.229890850929,0.072134979520208,-20.8919877624277,-0.638839286310827,21.5308270487386,"usgs_ws_01670400"
"6",2018,2023,290.501795394269,307.59688988859,282.512683191609,2190,2191,2191,0,0,0,164.214265862216,0.0436558459704466,-11.0244396332134,-3.03532743055382,14.0597670637672,"usgs_ws_02036500"
"7",2018,2023,301.54165784848,294.916596216529,224.209261943999,2190,2191,2191,0,0,0,1837.28633631365,0.156690416153625,-49.3465767256704,27.9858191788109,21.3607575468596,"usgs_ws_01656000"
"8",2018,2023,287.270073045911,304.56277144038,280.925036664989,2190,2191,2191,0,0,0,149.673234958172,0.042053248368507,-9.99425705210416,-3.6492206711826,13.6434777232868,"usgs_ws_01671100"
"9",2018,2023,324.497523867261,310.987489465125,320.361620952859,2190,2191,2191,0,0,0,47.9168439356007,0.021725868278019,1.74607619111072,5.88197910551293,-7.62805529662359,"usgs_ws_02065500"
"10",2018,2023,285.888603752352,305.621190845232,246.279946434341,2190,2191,2191,0,0,0,913.267336024486,0.108214430737741,-32.9833005763009,6.62535674171033,26.3579438345906,"usgs_ws_02011800"
"11",2018,2023,287.065821360855,307.853857222197,244.623527185919,2190,2191,2191,0,0,0,1038.59423438348,0.11515986764313,-35.2242080704047,7.21808610453149,28.0061219658731,"usgs_ws_02012500"
"12",2018,2023,333.677554715686,344.353076655902,343.549955324947,2190,2191,2191,0,0,0,35.3460110596657,0.0174589784081941,3.02309309276842,-6.84930751649216,3.82621442372368,"usgs_ws_02047500"
"13",2018,2023,315.645202101141,321.288643748773,315.508334867519,2190,2191,2191,0,0,0,10.8798561720949,0.0103894895619329,-1.97239203829207,-1.83552480466989,3.80791684296196,"usgs_ws_02038850"
"14",2018,2023,305.490366414813,301.670300323982,295.395399597091,2190,2191,2191,0,0,0,25.9792731869243,0.0169418395175066,-5.45662251487073,4.63834430285073,0.818278212020005,"usgs_ws_02044500"
"15",2018,2023,347.8969901195,350.234749811673,317.533767063614,2190,2191,2191,0,0,0,332.79078456812,0.0538835495457841,-21.0214019346485,9.34182112123779,11.6795808134107,"usgs_ws_02056650"
"16",2018,2023,311.985168555001,344.885653074247,282.967955090999,2190,2191,2191,0,0,0,959.70698039355,0.0988865492440766,-30.3116371490831,-1.29442368508165,31.6060608341647,"usgs_ws_01669520"
"17",2018,2023,322.001627532683,310.191626951266,NA,2190,2191,0,0,0,2191,NA,NA,NA,NA,NA,"usgs_ws_03177710"
"18",2018,2023,264.848190348988,279.890134634369,196.217798009719,2190,2191,2191,0,0,0,1989.57512612585,0.180596335950519,-50.767576321306,17.8628160179626,32.9047603033434,"usgs_ws_01613900"
"19",2018,2023,303.027107521547,305.594576294611,298.79589910539,2190,2191,2191,0,0,0,11.786172014142,0.0113501199698239,-3.67662853512593,0.554579881030804,3.12204865409518,"usgs_ws_02041650"
"20",2018,2023,271.436296803519,288.519668692543,212.886099275534,2190,2191,2191,0,0,0,1573.40067473704,0.153974984354216,-44.7279223149978,13.8222752129867,30.9056471020112,"usgs_ws_01628500"
"21",2018,2023,284.499304754999,312.802877945918,229.804127732379,2190,2191,2191,0,0,0,1780.24119698649,0.153038022013,-45.8979757453865,8.7972012772338,37.1007744681527,"usgs_ws_02021500"
"22",2018,2023,376.155009533134,370.01383795078,345.806856478056,2190,2191,2191,0,0,0,257.450389046537,0.0440813671487233,-18.185044842601,12.1631082124777,6.02193663012326,"usgs_ws_02072000"
"23",2018,2023,262.01604450122,263.148763552987,204.095705314968,2190,2191,2191,0,0,0,1140.55207186061,0.138930025288355,-38.9911324747573,18.9292067114951,20.0619257632622,"usgs_ws_01633000"
"24",2018,2023,286.498224020234,309.265579635597,249.639202841514,2190,2191,2191,0,0,0,905.374122259935,0.106775473336107,-32.1617993242675,4.69722185445244,27.4645774698151,"usgs_ws_03167000"
"25",2018,2023,316.670521358427,352.604371283612,267.083344151109,2190,2191,2191,0,0,0,1843.995965939,0.137581234772831,-45.0360681132736,4.55110909404425,40.4849590192294,"usgs_ws_03208800"
"26",2018,2023,298.291918228429,330.022900696273,292.850297697802,2190,2191,2191,0,0,0,403.044816009303,0.0653823372014403,-14.2047411763656,-8.76312064573904,22.9678618221046,"usgs_ws_03475000"
"27",2018,2023,342.673283761915,311.461503667655,227.023212282429,2190,2191,2191,0,0,0,3579.82321698649,0.203703389994128,-66.6961209549039,48.9539505245819,17.7421704303221,"usgs_ws_02032250"
"28",2018,2023,294.432946524212,309.707425856022,271.911649907999,2190,2191,2191,0,0,0,361.506533274422,0.0651102605781106,-20.1056908547453,2.41560576146725,17.6900850932781,"usgs_ws_02054530"
"29",2018,2023,298.246654595272,337.847619874099,255.196215684819,2190,2191,2191,0,0,0,1708.80522597618,0.139138803293597,-41.9006143665773,1.14982454387518,40.7507898227021,"usgs_ws_02014000"
"30",2018,2023,305.91967929272,320.745137946029,243.391604323456,2190,2191,2191,0,0,0,1685.5205912569,0.141560102759752,-46.6272028639457,15.9008721053183,30.7263307586273,"usgs_ws_01663500"
"31",2018,2023,271.389502418857,287.937404272242,208.860905511909,2190,2191,2191,0,0,0,1739.45852384897,0.16287741986958,-47.2016985557604,15.3268983511879,31.8748002045725,"usgs_ws_01629500"
"32",2018,2023,304.869243072382,336.330139883285,272.704612124063,2190,2191,2191,0,0,0,1012.09321580456,0.10443136046752,-31.9300529025136,0.234578045805449,31.6954748567082,"usgs_ws_03527000"
"33",2018,2023,280.224939616557,289.48263665348,NA,2190,2191,0,0,0,2191,NA,NA,NA,NA,NA,"usgs_ws_01636690"
"34",2018,2023,326.234735573059,331.792434317774,304.242692301136,2190,2191,2191,0,0,0,212.254377965746,0.0454205824396307,-16.5139284295204,5.47811484240236,11.0358135871181,"usgs_ws_02059485"
"35",2018,2023,305.65109461189,308.552442147096,282.847255644494,2190,2191,2191,0,0,0,198.198250384082,0.0470819160638357,-16.1696751566657,6.63416381072972,9.53551134593607,"usgs_ws_02052000"
"36",2018,2023,299.591360753312,322.590236165166,224.247592673359,2190,2191,2191,0,0,0,2646.15119794204,0.182321527484537,-57.8954705239197,17.4482975560329,40.4471729678868,"usgs_ws_01627500"
"37",2018,2023,306.306888291074,318.145851130152,263.507707116962,2190,2191,2191,0,0,0,826.20962191429,0.0971119686019624,-32.4791083957678,10.320072778345,22.1590356174228,"usgs_ws_02037500"
"38",2018,2023,318.020714195724,353.50521474025,NA,2190,2191,0,0,0,2191,NA,NA,NA,NA,NA,"usgs_ws_03208700"
"39",2018,2023,297.595990481984,317.325850193303,296.055623575659,2190,2191,2191,0,0,0,140.677105800057,0.0390593789452637,-7.60353117465633,-6.06316426833121,13.6666954429875,"usgs_ws_02053800"
"40",2018,2023,326.296444612847,319.735605881692,NA,2190,2191,0,0,0,2191,NA,NA,NA,NA,NA,"usgs_ws_01652500"
"41",2018,2023,271.75194682519,315.749033747146,254.068489354062,2190,2191,2191,0,0,0,1008.82298039643,0.113224071023573,-26.4546672880705,-8.77120981694304,35.2258771050135,"usgs_ws_02013000"
"42",2018,2023,321.529652367601,327.905928453418,311.387557648266,2190,2191,2191,0,0,0,69.3959260125033,0.0260102657353933,-8.8868218414957,1.2552728778395,7.6315489636562,"usgs_ws_02060500"
"43",2018,2023,305.890747444777,318.778962750065,279.859880577994,2190,2191,2191,0,0,0,393.067846784674,0.0657555228887252,-21.6499830129513,4.38088385383185,17.2690991591195,"usgs_ws_02056000"
"44",2018,2023,343.908817857823,344.066971117109,329.106971321478,2190,2191,2191,0,0,0,73.8202112040341,0.0253426837105198,-9.92061544399195,4.88123109235278,5.03938435163911,"usgs_ws_02075045"
"45",2018,2023,276.969904570973,306.222413449981,242.493589730917,2190,2191,2191,0,0,0,1017.61475554711,0.115903908152403,-32.7350461863734,1.74126865368265,30.9937775326906,"usgs_ws_02016000"
"46",2018,2023,303.798369482493,310.318356317676,244.763197510893,2190,2191,2191,0,0,0,1304.19010070498,0.126141866646937,-41.5301102594611,17.5050617121391,24.0250485473219,"usgs_ws_01668000"
"47",2018,2023,335.172840716161,337.93008066319,NA,2190,2191,0,0,0,2191,NA,NA,NA,NA,NA,"usgs_ws_01661800"
"48",2018,2023,312.093707402195,327.739503218681,NA,2190,2191,0,0,0,2191,NA,NA,NA,NA,NA,"usgs_ws_01669000"
"49",2018,2023,365.064515756207,361.793345683058,340.399680592303,2190,2191,2191,0,0,0,179.457258887564,0.037655857092454,-15.3528334182195,9.31200174568443,6.04083167253498,"usgs_ws_02073000"
"50",2018,2023,361.979048548031,357.339619322351,363.517146225334,2190,2191,2191,0,0,0,10.3419811070156,0.00890964732335341,2.57187486009519,1.03377718279233,-3.60565204288758,"usgs_ws_02070000"
"51",2018,2023,320.505147844778,323.7948702031,311.042451878516,2190,2191,2191,0,0,0,43.8315102116609,0.0207900429793923,-7.405038096949,2.05765786931346,5.3473802276356,"usgs_ws_02066000"
"52",2018,2023,278.107767046363,290.207134754721,264.156181153119,2190,2191,2191,0,0,0,169.94893857191,0.0469798176077311,-13.3341798316155,0.617406061628799,12.7167737699867,"usgs_ws_01638420"
"53",2018,2023,247.945093581396,248.487360856589,214.745536361149,2190,2191,2191,0,0,0,373.502562283218,0.0815247995463405,-22.3137939052292,10.8857633150179,11.4280305902112,"usgs_ws_01632082"
"54",2018,2023,282.75002183347,312.167093925016,242.815924507853,2190,2191,2191,0,0,0,1211.61349319652,0.124651543617422,-36.4284222475933,3.50567507802339,32.9227471695699,"usgs_ws_02016500"
"55",2018,2023,326.71305447236,350.440546735245,248.189851665164,2190,2191,2191,0,0,0,2864.01531841667,0.173502591693053,-60.2579659590923,18.2652368481035,41.9927291109888,"usgs_ws_02028500"
"56",2018,2023,263.422332483023,290.092464103285,199.805538792242,2190,2191,2191,0,0,0,2151.68687370988,0.184727306935024,-51.3012396672746,12.3155540235064,38.9856856437681,"usgs_ws_01635500"
"57",2018,2023,304.763062557623,322.525120652768,258.405671619061,2190,2191,2191,0,0,0,1095.96702446538,0.112133755356913,-36.82561332409,9.53177761447245,27.2938357096176,"usgs_ws_02029000"
"58",2018,2023,259.436629300637,320.628335820287,NA,2190,2191,0,0,0,2191,NA,NA,NA,NA,NA,"usgs_ws_01620500"
"59",2018,2023,417.554841438299,383.903550608472,NA,2190,2191,0,0,0,2191,NA,NA,NA,NA,NA,"usgs_ws_02071530"
"60",2018,2023,283.860330420055,310.931533575606,251.928583999039,2190,2191,2191,0,0,0,872.305754753339,0.104644299607644,-30.3115653325275,1.62018108848821,28.6913842440392,"usgs_ws_02011460"
"61",2018,2023,294.288866119132,310.740400681975,279.368724337781,2190,2191,2191,0,0,0,246.240949482136,0.0532296543216038,-15.4306060418478,-0.510464260497599,15.9410703023453,"usgs_ws_01673000"
"62",2018,2023,305.139372881459,309.905484893792,264.578590830039,2190,2191,2191,0,0,0,620.403364967261,0.0849496373088507,-28.6292253717243,11.9315566796954,16.6976686920288,"usgs_ws_01646000"
"63",2018,2023,282.750707820065,278.909479723412,227.531204682729,2190,2191,2191,0,0,0,950.612617696818,0.117203532710519,-35.5325927260065,19.6869104113299,15.8456823146767,"usgs_ws_01643880"
"64",2018,2023,358.094408431978,386.369257969835,331.115716983165,2190,2191,2191,0,0,0,763.378450040733,0.0770635007060795,-27.4107441451613,-0.432052696347796,27.8427968415091,"usgs_ws_03165500"
"65",2018,2023,282.127488274415,305.85874850795,245.139937288552,2190,2191,2191,0,0,0,936.337612683411,0.110186074370227,-32.5687874017536,4.41876358410912,28.1500238176445,"usgs_ws_02011500"
"66",2018,2023,348.898714646259,370.986967237601,283.356742702519,2190,2191,2191,0,0,0,2077.11620681363,0.136284279592541,-51.0573988262739,14.4845731174658,36.5728257088081,"usgs_ws_03531500"
"67",2018,2023,305.727053354081,313.884116733755,268.646693420514,2190,2191,2191,0,0,0,581.319207300712,0.0814309553886311,-27.4392610822693,9.64109885129733,17.798162230972,"usgs_ws_03175500"
"68",2018,2023,322.025480751122,319.116091038687,243.779276448809,2190,2191,2191,0,0,0,1967.76144479461,0.150384491362035,-51.1943396307301,27.0518646715828,24.1424749591474,"usgs_ws_01667500"
"69",2018,2023,289.874099146991,307.336043390496,266.748698301109,2190,2191,2191,0,0,0,414.506040408497,0.0706958032743345,-21.2375819784231,1.88781886745915,19.3497631109639,"usgs_ws_01673800"
"70",2018,2023,325.201909247901,346.613957618756,NA,2190,2191,0,0,0,2191,NA,NA,NA,NA,NA,"usgs_ws_02018500"
"71",2018,2023,320.643242340263,358.453712583708,273.121772608709,2190,2191,2191,0,0,0,1828.24362089573,0.134710537656445,-44.2844699021844,3.23699982936932,41.047470072815,"usgs_ws_03524500"
"72",2018,2023,307.919674095051,303.231119225283,NA,2190,2191,0,0,0,2191,NA,NA,NA,NA,NA,"usgs_ws_02079640"
"73",2018,2023,331.769342541959,349.482694288898,271.718787599129,2190,2191,2191,0,0,0,1661.17619378461,0.128306748469076,-45.9381538775328,14.1124010652971,31.8257528122357,"usgs_ws_02027000"
"74",2018,2023,353.432966619249,359.030459476485,325.118243600174,2190,2191,2191,0,0,0,330.515641929216,0.0525647947320017,-20.7423129651289,7.57241005394633,13.1699029111825,"usgs_ws_02056900"
"75",2018,2023,376.53525407541,374.97437641165,347.924281505979,2190,2191,2191,0,0,0,258.788620809288,0.0438959764426494,-18.5536891583671,10.0572834110636,8.49640574730353,"usgs_ws_03165000"
"76",2018,2023,288.620835812027,329.35261258038,228.291722153776,2190,2191,2191,0,0,0,2585.33052788587,0.180248983736486,-53.796668028285,6.53244562996588,47.2642223983192,"usgs_ws_03208500"
"77",2018,2023,NA,319.953322415927,NA,2190,0,0,0,2191,2191,NA,NA,NA,NA,NA,"usgs_ws_01654500"
"78",2018,2023,312.552945344762,313.184034256773,284.149126988674,2190,2191,2191,0,0,0,275.033501747938,0.054679812945612,-19.1462418747291,9.25757648135908,9.88866539336999,"usgs_ws_02030500"
"79",2018,2023,331.799295732561,358.46123879271,300.18896013194,2190,2191,2191,0,0,0,850.955164140796,0.0883572639356251,-29.9608714204633,1.64946418015745,28.3114072403058,"usgs_ws_03171000"
"80",2018,2023,317.188384104371,379.428859492954,NA,2190,2191,0,0,0,2191,NA,NA,NA,NA,NA,"usgs_ws_02024915"
"81",2018,2023,299.595994685137,333.525725851002,279.858795931739,2190,2191,2191,0,0,0,736.820506429682,0.0891950179595876,-24.468042890887,-4.73084413748904,29.198887028376,"usgs_ws_03524000"
"82",2018,2023,303.112051604142,306.100224725254,278.589820658089,2190,2191,2191,0,0,0,227.848553518668,0.0510068173794256,-17.3442116710728,7.17801927498016,10.1661923960926,"usgs_ws_02051500"
"83",2018,2023,298.603949815584,311.674001832924,246.305216968149,2190,2191,2191,0,0,0,1196.5102919801,0.121146239439126,-39.22250590407,13.0762269433649,26.1462789607052,"usgs_ws_01664000"
"84",2018,2023,321.32780755439,327.797059064619,319.997197527724,2190,2191,2191,0,0,0,17.4099296900661,0.0129163939343369,-3.04349052118715,-1.71288049452073,4.75637101570794,"usgs_ws_02074500"
"85",2018,2023,313.936154214239,326.739454648718,293.246074814409,2190,2191,2191,0,0,0,285.635063385354,0.0542895891573972,-18.0611530780464,2.62892632178358,15.4322267562629,"usgs_ws_02055100"
"86",2018,2023,309.106059999231,314.748147154181,312.866825567089,2190,2191,2191,0,0,0,8.25264600574975,0.00920041868327943,0.626481326922203,-3.13428424093615,2.50780291401389,"usgs_ws_02077500"
"87",2018,2023,320.427135338878,315.695332146519,227.632039382849,2190,2191,2191,0,0,0,2731.41055455327,0.181519973682127,-60.2861295732329,32.5089663827963,27.7771631904366,"usgs_ws_02031000"
"88",2018,2023,294.200666912375,306.587935732991,NA,2190,2191,0,0,0,2191,NA,NA,NA,NA,NA,"usgs_ws_01660400"
"89",2018,2023,320.598766954594,317.176499445969,268.751388358939,2190,2191,2191,0,0,0,840.808994322158,0.0959598036949402,-33.4241632275616,18.423215368093,15.0009478594686,"usgs_ws_01653000"
"90",2018,2023,265.727453117529,312.115600241149,236.919253059359,2190,2191,2191,0,0,0,1439.37720227307,0.139693962233345,-34.6681824133199,-5.8599823551499,40.5281647684699,"usgs_ws_02015700"
"91",2018,2023,253.89547285511,260.249948751029,213.225988296499,2190,2191,2191,0,0,0,650.939865834027,0.105229004802325,-29.2311483377138,11.4383362208976,17.7928121168163,"usgs_ws_01621050"
"92",2018,2023,318.891601362025,315.289942461342,315.917950574276,2190,2191,2191,0,0,0,3.70149000571057,0.00607491853348651,-0.781880891605397,2.19176989614419,-1.40988900453885,"usgs_ws_02064000"
"93",2018,2023,324.644828333127,318.730066335194,230.481334228554,2190,2191,2191,0,0,0,2781.59779165061,0.181062467628933,-60.8040754037377,33.3594187008355,27.4446567029022,"usgs_ws_01666500"
"94",2018,2023,302.305893846779,303.506366747017,283.466658116204,2190,2191,2191,0,0,0,126.324643350711,0.0379164176233597,-12.9596481204628,5.87958761011254,7.08006051035017,"usgs_ws_02051000"
"95",2018,2023,293.597533060278,312.801890935691,274.460434256783,2190,2191,2191,0,0,0,367.517202047043,0.065290992632034,-19.1595184941344,-0.0224196906393104,19.1819381847737,"usgs_ws_01671025"
"96",2018,2023,321.705921610818,326.890291309012,311.560738997536,2190,2191,2191,0,0,0,60.7995989157831,0.0243629223573848,-8.49157830825305,1.65360430502966,6.83797400322345,"usgs_ws_02062500"
"97",2018,2023,348.918096874048,364.105445877823,NA,2190,2191,0,0,0,2191,NA,NA,NA,NA,NA,"usgs_ws_02027500"
"98",2018,2023,337.174960421556,337.831428811201,323.159624384272,2190,2191,2191,0,0,0,68.6870733544436,0.0249089821972273,-9.56238015473787,4.45295588254686,5.10942427219095,"usgs_ws_02075500"
"99",2018,2023,NA,321.984175214915,NA,2190,0,0,0,2191,2191,NA,NA,NA,NA,NA,"usgs_ws_02011490"
"100",2018,2023,261.053448202568,265.748286371222,198.435631127397,2190,2191,2191,0,0,0,1412.33767944393,0.155457026267523,-43.3101574396656,19.3076596355058,24.0024978041598,"usgs_ws_01634000"
"101",2018,2023,312.9517079481,311.040593935131,301.089321175744,2190,2191,2191,0,0,0,40.5660677065418,0.0206548790700414,-7.27121984391431,4.59116692844179,2.68005291547252,"usgs_ws_02042500"
"102",2018,2023,307.131033272152,319.355418515678,261.574960905776,2190,2191,2191,0,0,0,927.228767607028,0.102865964736093,-34.4455099920922,11.1105623742832,23.3349476178091,"usgs_ws_02035000"
"103",2018,2023,310.926122197847,313.144993704191,314.872507315074,2190,2191,2191,0,0,0,3.91360825515269,0.00632077620172549,1.89129957603643,-2.05508554119007,0.163785965153693,"usgs_ws_02077000"
"104",2018,2023,281.864825363189,309.661392161111,247.457015836362,2190,2191,2191,0,0,0,970.988486022792,0.111423042481469,-32.2040619505253,2.20374757630151,30.0003143742238,"usgs_ws_02013100"
"105",2018,2023,340.25251220288,336.62373197041,215.606767141174,2190,2191,2191,0,0,0,5032.47259740729,0.238458059880249,-81.8875699636471,42.7581750980583,39.1293948655888,"usgs_ws_01665500"
"106",2018,2023,279.705673602414,286.567295621957,264.156181153119,2190,2191,2191,0,0,0,131.854437317519,0.0414826071718354,-12.6535356393777,2.89595680991749,9.75757882946016,"usgs_ws_01638480"
"107",2018,2023,295.324452877936,337.277527016397,NA,2190,2191,0,0,0,2191,NA,NA,NA,NA,NA,"usgs_ws_01626000"
"108",2018,2023,330.686493253701,335.133624960278,310.176932382264,2190,2191,2191,0,0,0,177.209261998052,0.0409181469714469,-15.1554178164836,5.35414305495357,9.80127476153007,"usgs_ws_02061500"
"109",2018,2023,298.481259511553,320.245034518613,253.724778022977,2190,2191,2191,0,0,0,1150.29151034007,0.116622979150957,-37.0922459947375,7.66423549383904,29.4280105008986,"usgs_ws_02025500"
"110",2018,2023,310.285612017476,338.628870078128,292.312886545497,2190,2191,2191,0,0,0,545.254911496463,0.074426312293889,-21.4295696682033,-3.45684419622444,24.8864138644277,"usgs_ws_03490000"
"111",2018,2023,327.83740543031,360.93381265074,279.582643551646,2190,2191,2191,0,0,0,1673.65115477609,0.126741731698331,-43.2019769925861,5.05278488607792,38.1491921065082,"usgs_ws_03473000"
"112",2018,2023,309.507213610214,308.18469096677,308.051366273829,2190,2191,2191,0,0,0,0.64772218050512,0.00260810502237638,-0.52972400977535,0.926123326609854,-0.396399316834504,"usgs_ws_02039500"
"113",2018,2023,319.680244364705,352.701322628727,NA,2190,2191,0,0,0,2191,NA,NA,NA,NA,NA,"usgs_ws_03471500"
"114",2018,2023,277.697431230308,274.048778641224,212.965833300372,2190,2191,2191,0,0,0,1322.43644129869,0.142662795239491,-41.9381810902624,22.7934168396728,19.1447642505896,"usgs_ws_01632000"
"115",2018,2023,310.636044202624,324.477217627236,250.585336554526,2190,2191,2191,0,0,0,1542.94594321185,0.133048705296766,-44.6475295736029,15.4031780744958,29.2443514991071,"usgs_ws_02017500"
"116",2018,2023,294.510489201982,332.424387507659,226.991346123489,2190,2191,2191,0,0,0,2852.0707637172,0.187620829960542,-57.6507281542208,9.86841492427209,47.7823132299487,"usgs_ws_01626850"
"117",2018,2023,298.049861949247,333.80182617116,238.811871010506,2190,2191,2191,0,0,0,2301.73901626772,0.165309924144958,-51.409315366465,7.8286755722761,43.5806397941888,"usgs_ws_03209200"
"118",2018,2023,322.891120730746,325.685146465156,313.467391458856,2190,2191,2191,0,0,0,40.9811317647309,0.019962661721175,-7.2138280927299,2.20990117915977,5.00392691357007,"usgs_ws_02079500"
"119",2018,2023,293.327340506816,306.724143877561,271.911649907999,2190,2191,2191,0,0,0,308.335980126582,0.0604136720834836,-18.7427281894598,2.67296240935713,16.0697657801026,"usgs_ws_02054500"
"120",2018,2023,308.001423336214,316.370253945477,NA,2190,2191,0,0,0,2191,NA,NA,NA,NA,NA,"usgs_ws_02022500"
"121",2018,2023,302.77579694061,339.685329515192,217.030596650199,2190,2191,2191,0,0,0,3959.78941031659,0.219642106833863,-69.4666443851345,16.2785559052763,53.1880884798583,"usgs_ws_03208950"
"122",2018,2023,280.665547026914,294.825230653477,216.096048901449,2190,2191,2191,0,0,0,1761.33346465377,0.159053595069959,-47.7662266258309,16.8032714996337,30.9629551261971,"usgs_ws_01643700"
"123",2018,2023,311.624821474173,329.580096890817,259.775152915599,2190,2191,2191,0,0,0,1313.91837471746,0.120695273400564,-40.5515375112639,11.2981310473102,29.2534064639537,"usgs_ws_02018000"
"124",2018,2023,334.562531250059,340.938969567992,342.352089028493,2190,2191,2191,0,0,0,17.2221804359358,0.0122315081644087,3.06755907964509,-4.72199869878904,1.65443961914394,"usgs_ws_02049500"
"125",2018,2023,372.649606029864,367.422678864585,345.806856478056,2190,2191,2191,0,0,0,202.516291423033,0.0393160380542389,-16.1528573127791,10.6898922390288,5.46296507375035,"usgs_ws_02072500"
"126",2018,2023,280.230846074213,288.46322936141,NA,2190,2191,0,0,0,2191,NA,NA,NA,NA,NA,"usgs_ws_01638350"
"127",2018,2023,293.565565563572,306.86836708941,263.536825503707,2190,2191,2191,0,0,0,492.718709035381,0.0770764560392485,-24.4534272151893,5.57531284467569,18.8781143705137,"usgs_ws_01674000"
"128",2018,2023,268.946715541139,282.593892596191,212.320318516099,2190,2191,2191,0,0,0,1388.52824926659,0.14634716682991,-42.2999903683773,14.3264066566626,27.9735837117146,"usgs_ws_01625000"
"129",2018,2023,334.904539781701,335.970629142998,320.00348262184,2190,2191,2191,0,0,0,79.6879698393066,0.0270269578559553,-10.2894012270063,4.61165593285466,5.67774529415163,"usgs_ws_02076000"
"130",2018,2023,305.009580728554,329.19126591202,295.319601524664,2190,2191,2191,0,0,0,304.323207275624,0.056302780484207,-14.5205478637486,-4.83056865985867,19.3511165236072,"usgs_ws_03521500"
"131",2018,2023,314.017285128571,313.591350513089,NA,2190,2191,0,0,0,2191,NA,NA,NA,NA,NA,"usgs_ws_01654000"
"132",2018,2023,293.597533060278,312.870781964461,274.460434256783,2190,2191,2191,0,0,0,368.840247493682,0.0654032942601623,-19.1824821703912,-0.0453833668960897,19.2278655372872,"usgs_ws_01671020"
"133",2018,2023,296.488382959978,311.03409275388,284.183458109575,2190,2191,2191,0,0,0,180.657571630731,0.0452197005615569,-13.0518531649025,-0.746928314499542,13.798781479402,"usgs_ws_01672500"
"134",2018,2023,309.838826098821,339.978975263417,254.592094295602,2190,2191,2191,0,0,0,1875.2582346688,0.143643669087145,-46.8778709236782,8.36886087954093,38.5090100441372,"usgs_ws_03209000"
"135",2018,2023,307.502774608552,331.310437703915,NA,2190,2191,0,0,0,2191,NA,NA,NA,NA,NA,"usgs_ws_01636210"
"136",2018,2023,275.459205563824,292.235313011075,237.999678839639,2190,2191,2191,0,0,0,771.02632290991,0.103391686959312,-30.5650536318737,6.89447309231156,23.6705805395621,"usgs_ws_01644280"
"137",2018,2023,270.851102890137,289.997319397489,213.62475654333,2190,2191,2191,0,0,0,1579.03344661058,0.153925487325348,-44.5329697336552,12.6933766131515,31.8395931205035,"usgs_ws_01631000"
"138",2018,2023,313.288865934142,346.500214778907,284.424290523089,2190,2191,2191,0,0,0,964.929629660511,0.09869585861301,-30.313499888957,-1.44892447790374,31.7624243668608,"usgs_ws_03170000"
"139",2018,2023,302.819491844674,331.428421958417,304.781846398053,2190,2191,2191,0,0,0,255.393617790059,0.0510560154704104,-8.2280736689948,-10.190428222374,18.4185018913688,"usgs_ws_03488000"
"140",2018,2023,282.735075427134,285.411957198178,NA,2190,2191,0,0,0,2191,NA,NA,NA,NA,NA,"usgs_ws_01643805"
"141",2018,2023,321.268651551392,346.32811406892,288.441737037534,2190,2191,2191,0,0,0,842.735937331231,0.0910943893295201,-30.2377638484148,2.58915066544324,27.6486131829716,"usgs_ws_03176500"
"142",2018,2023,306.636106450223,305.387272855155,299.015971630939,2190,2191,2191,0,0,0,16.7032532169872,0.0134581278942558,-4.6638120144998,2.95632280478407,1.70748920971567,"usgs_ws_02039000"
"143",2018,2023,339.987574382582,365.109845349369,307.44235133659,2190,2191,2191,0,0,0,835.976651225985,0.0856655559983174,-30.0709056862569,2.47431735973498,27.5965883265219,"usgs_ws_03168000"
"144",2018,2023,337.385170274885,305.257670253929,229.709133024164,2190,2191,2191,0,0,0,3055.64778886208,0.190099578348412,-61.074858160162,46.6011790905593,14.4736790696028,"usgs_ws_02032640"
"145",2018,2023,269.829946058513,268.587694235763,NA,2190,2191,0,0,0,2191,NA,NA,NA,NA,NA,"usgs_ws_01615000"
"146",2018,2023,300.81515916311,320.706979758806,259.553358082669,2190,2191,2191,0,0,0,972.997699853547,0.106209664747238,-34.1384742521925,7.12332682824803,27.0151474239444,"usgs_ws_02026000"
"147",2018,2023,361.505882112225,394.45049998255,335.049890104993,2190,2191,2191,0,0,0,885.616635589048,0.0818308175787663,-28.6188672949301,-2.16287528769743,30.7817425826275,"usgs_ws_03164000"
"148",2018,2023,293.501856381514,315.648474573012,247.36393677338,2190,2191,2191,0,0,0,1213.65973759934,0.122021153249389,-38.1408191359222,7.99710047221208,30.1437186637101,"usgs_ws_02024000"
"149",2018,2023,295.813079204028,318.505418130387,250.201011308611,2190,2191,2191,0,0,0,1210.14916248659,0.120716298156341,-37.9721582390644,7.63990965635287,30.3322485827115,"usgs_ws_02024752"
"150",2018,2023,336.456211726423,337.431507192982,332.307589720889,2190,2191,2191,0,0,0,7.40279934211805,0.00811216836049588,-3.09084649254225,1.05777551299178,2.03307097955047,"usgs_ws_02058400"
"151",2018,2023,350.887147427589,376.620931316014,269.026624728039,2190,2191,2191,0,0,0,3156.65127000115,0.169138365927002,-63.1516097625084,18.7089129370413,44.442696825467,"usgs_ws_03529500"
"152",2018,2023,302.273962472839,304.690720825186,299.099633451349,2190,2191,2191,0,0,0,7.86289061536437,0.00928438934872925,-2.92180546510872,0.252523556380822,2.66928190872795,"usgs_ws_02040000"
"153",2018,2023,318.990028699274,309.036563360444,257.841204586269,2190,2191,2191,0,0,0,1076.53582044516,0.111113437339139,-37.4480609623932,23.7007631506115,13.7472978117818,"usgs_ws_02034000"
"154",2018,2023,246.582965447117,259.988351957561,204.765206168624,2190,2191,2191,0,0,0,829.670868232424,0.121478401132025,-32.34696835581,9.47079092268336,22.8761774331266,"usgs_ws_01632900"
"155",2018,2023,285.498996218382,315.502394328702,251.951659602051,2190,2191,2191,0,0,0,1010.72059608548,0.111817991215175,-32.3660237809938,1.18131283533705,31.1847109456568,"usgs_ws_03173000"
"156",2018,2023,314.178071085322,314.467375098561,NA,2190,2191,0,0,0,2191,NA,NA,NA,NA,NA,"usgs_ws_01673550"
"157",2018,2023,NA,311.102661325889,NA,2190,0,0,0,2191,2191,NA,NA,NA,NA,NA,"usgs_ws_01645784"
"158",2018,2023,306.873961696906,337.225158185214,289.948513978609,2190,2191,2191,0,0,0,573.791166029084,0.0769359213250089,-21.4006973083006,-4.47524959000322,25.8759468983038,"usgs_ws_03478400"
"159",2018,2023,348.489505003103,355.471963649557,307.838064977544,2190,2191,2191,0,0,0,661.71376793277,0.0762714258354656,-29.4284462325238,11.2229937930348,18.205452439489,"usgs_ws_02061000"
"160",2018,2023,310.745567631009,313.172902604496,311.266734151859,2190,2191,2191,0,0,0,1.63284129763257,0.00409916703459736,-0.461667310595374,-0.982833831445816,1.44450114204119,"usgs_ws_02046000"
"161",2018,2023,317.610406764783,318.662361208897,311.831333669341,2190,2191,2191,0,0,0,13.5278718735205,0.0116380433342021,-4.20336687833253,1.57570621710897,2.62766066122362,"usgs_ws_02047000"
"162",2018,2023,321.475128090258,326.261180041105,306.184425305052,2190,2191,2191,0,0,0,109.96466094556,0.0329788521901891,-11.7891525070866,3.50155027812002,8.28760222896659,"usgs_ws_02059500"
"163",2018,2023,307.304927276517,299.999125724547,298.674921578006,2190,2191,2191,0,0,0,21.6008752158066,0.0153900067323863,-3.31806994835085,5.31193575016084,-1.99386580180999,"usgs_ws_02041000"
"164",2018,2023,260.130218866862,263.259591146941,190.654357997589,2190,2191,2191,0,0,0,1684.70134917761,0.172447792826192,-47.360364672875,22.1154961963978,25.2448684764772,"usgs_ws_01616100"
"165",2018,2023,303.933540903717,313.299729661123,274.297947188009,2190,2191,2191,0,0,0,414.522157133658,0.0685107267547206,-22.8791253962739,6.75646831943419,16.1226570768397,"usgs_ws_01674500"
"166",2018,2023,305.239099040233,303.872867577077,NA,2190,2191,0,0,0,2191,NA,NA,NA,NA,NA,"usgs_ws_01658500"
"167",2018,2023,296.573309935347,333.880030326349,217.440730729939,2190,2191,2191,0,0,0,3535.31116142253,0.210374684896053,-65.1906262672727,13.941952938135,51.2486733291376,"usgs_ws_03207800"
"168",2018,2023,279.894087640969,286.369943368011,NA,2190,2191,0,0,0,2191,NA,NA,NA,NA,NA,"usgs_ws_01643590"
"169",2018,2023,300.363260572084,316.305855721335,274.794506451617,2190,2191,2191,0,0,0,438.519940926372,0.0704713031035856,-22.3600344633947,3.20871965707221,19.1513148063224,"usgs_ws_02055000"
"170",2018,2023,270.973758992942,306.236909323604,213.730921640029,2190,2191,2191,0,0,0,2179.5983261281,0.17707819032333,-49.9162750121625,7.32656234075029,42.5897126714123,"usgs_ws_02020500"
"171",2018,2023,314.339582717791,325.989627494465,233.352501133314,2190,2191,2191,0,0,0,2546.04468455351,0.173261081396388,-57.8747359818759,23.1123456026007,34.7623903792752,"usgs_ws_02030000"
"172",2018,2023,279.391343774482,313.725509044725,283.467975046049,2190,2191,2191,0,0,0,351.828698501617,0.064193778013991,-8.72696757570321,-12.8035988472698,21.530566422973,"usgs_ws_01662800"
"173",2018,2023,291.155099196704,321.269097298197,NA,2190,2191,0,0,0,2191,NA,NA,NA,NA,NA,"usgs_ws_01670300"
"174",2018,2023,311.33038558547,308.1639928718,299.638311041805,2190,2191,2191,0,0,0,36.5696501030183,0.0197380136475303,-6.73925212455333,4.95282241911178,1.78642970544149,"usgs_ws_02045500"
"175",2018,2023,283.418773404412,309.696587774998,251.928583999039,2190,2191,2191,0,0,0,836.549636190085,0.102680462863923,-29.7527310604441,1.73745834492888,28.0152727155153,"usgs_ws_02011470"
"176",2018,2023,264.147746277014,273.501356041958,216.205899354469,2190,2191,2191,0,0,0,944.780009834574,0.12232036882851,-35.0791012033444,12.8627457192002,22.2163554841442,"usgs_ws_01636316"
"177",2018,2023,265.22868383027,299.167700970471,198.388881859269,2190,2191,2191,0,0,0,2629.29773223566,0.201668859468287,-55.8728736940677,10.9669282769331,44.9059454171346,"usgs_ws_01634500"
"178",2018,2023,297.308236064049,330.582114744717,279.782400221194,2190,2191,2191,0,0,0,665.819486686318,0.0852845196479238,-22.7751834554593,-5.24934761260408,28.0245310680635,"usgs_ws_03474000"
"179",2018,2023,388.521827983312,370.967176883954,368.161741253099,2190,2191,2191,0,0,0,121.761562660134,0.0293563292314373,-7.72184078702264,12.6382459431898,-4.91640515616723,"usgs_ws_02069700"
"180",2018,2023,279.823666387209,290.609901715622,223.894543663815,2190,2191,2191,0,0,0,1282.55810685818,0.135257030043626,-40.8814935917334,15.0476291316602,25.8338644600732,"usgs_ws_01644000"
"181",2018,2023,311.067809601879,307.064023153985,304.749793624839,2190,2191,2191,0,0,0,10.2172150200061,0.0103906214173473,-2.87741516872853,3.4406008083111,-0.563185639582628,"usgs_ws_02038000"
"182",2018,2023,267.242291423503,284.853567037101,233.872508672221,2190,2191,2191,0,0,0,670.461290268187,0.098833241996487,-28.1169470387204,5.25283571256108,22.8641113261593,"usgs_ws_01638500"
"183",2018,2023,309.733096662929,317.775506297167,312.472098319816,2190,2191,2191,0,0,0,16.7181031625902,0.0130495584787967,-0.854802106821239,-3.59380376370837,4.44860587052955,"usgs_ws_02077303"
"184",2018,2023,351.511243530984,350.38704671337,334.708964002257,2190,2191,2191,0,0,0,88.2304488904489,0.0271841811371012,-10.8267874132798,5.97549211544674,4.85129529783308,"usgs_ws_02071000"
"185",2018,2023,397.192202770443,388.621067365865,340.602532145412,2190,2191,2191,0,0,0,930.272484715155,0.0812320864228223,-34.8694019484944,21.7202686765366,13.1491332719579,"usgs_ws_02068500"
"186",2018,2023,355.808164059817,355.157291450944,336.021872519627,2190,2191,2191,0,0,0,126.347537623902,0.0322079601791546,-12.9739034905026,6.81238804968791,6.16151544081464,"usgs_ws_02074000"
"187",2018,2023,403.857800254216,434.795021046374,365.103417751212,2190,2191,2191,0,0,0,1219.32222723036,0.0870245826109447,-36.1486619327222,2.6057205702823,33.54294136244,"usgs_ws_03161000"
"188",2018,2023,312.6301780481,315.863806399586,299.572471931449,2190,2191,2191,0,0,0,74.3946033495075,0.0278812920128319,-9.78301352826242,3.27469258838823,6.50832093987418,"usgs_ws_02052500"
