"","start_year","end_year","prism_precip","daymet_precip","nldas_precip","daymet_ndays_with_data","prism_ndays_with_data","nldas2_ndays_with_data","daymet_missing","prism_missing","nldas2_missing","var","CV","nldas2_dif_from_mean","prism_dif_from_mean","daymet_dif_from_mean","hydrocode"
"1",2019,2023,230.600884408188,250.363545142071,197.919651797111,1825,1826,1826,0,0,0,701.497945573237,0.117041217582619,-28.3750419853457,4.30619062573135,24.0688513596143,"usgs_ws_02019500"
"2",2019,2023,195.354524925809,215.854617945463,145.087471842927,1825,1826,1826,0,0,0,1325.8365678249,0.196363079405254,-40.3447330618059,9.9223200210761,30.4224130407299,"usgs_ws_01622000"
"3",2019,2023,231.516971233094,240.551936678697,200.508861350514,1825,1826,1826,0,0,0,441.096893471997,0.0936797549096482,-23.6837284035878,7.32438147899234,16.3593469245955,"usgs_ws_02011400"
"4",2019,2023,234.037768635504,263.121736602493,NA,1825,1826,0,0,0,1826,NA,NA,NA,NA,NA,"usgs_ws_03473500"
"5",2019,2023,227.575065985571,243.731960657863,207.237880732214,1825,1826,1826,0,0,0,334.410703183421,0.0808505063002863,-18.9437550596686,1.39343019368843,17.5503248659801,"usgs_ws_01670400"
"6",2019,2023,230.428455911914,240.521263189289,224.007238212859,1825,1826,1826,0,0,0,69.3016360665113,0.0359364432574736,-7.64508089182834,-1.22386319277368,8.86894408460205,"usgs_ws_02036500"
"7",2019,2023,232.066834491265,225.114415401117,161.081160925709,1825,1826,1826,0,0,0,1531.25994357886,0.189877223533538,-45.0063093469882,25.9793642185681,19.0269451284202,"usgs_ws_01656000"
"8",2019,2023,223.957453563736,236.293267772337,220.449927236794,1825,1826,1826,0,0,0,69.2477487414185,0.036674813987067,-6.45028895416178,-2.94276262721976,9.39305158138154,"usgs_ws_01671100"
"9",2019,2023,257.110689509931,245.720881139346,257.278189250029,1825,1826,1826,0,0,0,43.887860274475,0.0261467159916275,3.90826928359357,3.74076954349593,-7.64903882708947,"usgs_ws_02065500"
"10",2019,2023,224.576792325659,238.685891869956,193.555050508844,1825,1826,1826,0,0,0,533.034666210319,0.105451827695563,-25.3841943926425,5.63754742417277,19.7466469684698,"usgs_ws_02011800"
"11",2019,2023,225.520921252418,240.770105593275,192.609386049929,1825,1826,1826,0,0,0,605.860279896479,0.112069572582918,-27.024084915278,5.88745028721047,21.1366346280676,"usgs_ws_02012500"
"12",2019,2023,272.766738900298,279.530114461872,286.143788498862,1825,1826,1826,0,0,0,44.7382315361484,0.0239325149762226,6.66357454518459,-6.71347505337934,0.0499005081948098,"usgs_ws_02047500"
"13",2019,2023,246.90477153201,253.773084267311,253.605073093319,1825,1826,1826,0,0,0,15.3493314328274,0.0155823052538927,2.17743012910552,-4.52287143220335,2.34544130309783,"usgs_ws_02038850"
"14",2019,2023,242.673283585772,238.699314595524,241.790967501107,1825,1826,1826,0,0,0,4.35487148288567,0.00865709909491637,0.736445606972723,1.61876169163773,-2.35520729861048,"usgs_ws_02044500"
"15",2019,2023,268.415037732068,269.277019054109,252.615214291079,1825,1826,1826,0,0,0,87.9988617545474,0.0356093301709502,-10.8205427346728,4.97928070631616,5.84126202835665,"usgs_ws_02056650"
"16",2019,2023,246.027544871489,273.017702280748,225.916965622064,1825,1826,1826,0,0,0,558.563898085768,0.0951751218687603,-22.4037719693694,-2.29319271994464,24.6969646893141,"usgs_ws_01669520"
"17",2019,2023,260.195238674106,250.741922938889,NA,1825,1826,0,0,0,1826,NA,NA,NA,NA,NA,"usgs_ws_03177710"
"18",2019,2023,194.757102413162,211.152924840445,136.677883968419,1825,1826,1826,0,0,0,1531.42505351819,0.216370981465441,-44.1847531055898,13.8944653391536,30.2902877664362,"usgs_ws_01613900"
"19",2019,2023,238.944024876244,241.700139545456,239.280928590055,1825,1826,1826,0,0,0,2.26037563815924,0.00626504583310204,-0.694102413863362,-1.0310061276742,1.72510854153754,"usgs_ws_02041650"
"20",2019,2023,205.358189793404,219.522325825818,157.081773865624,1825,1826,1826,0,0,0,1071.67626891171,0.168755609511792,-36.9056559626576,11.3707599651218,25.5348959975358,"usgs_ws_01628500"
"21",2019,2023,220.325479779379,245.530373567642,179.864712126189,1825,1826,1826,0,0,0,1097.38991375109,0.153906555442697,-35.3754763648809,5.08529128830904,30.2901850765718,"usgs_ws_02021500"
"22",2019,2023,295.762962039631,292.669052029874,271.331410749526,1825,1826,1826,0,0,0,176.96131883306,0.0464174696373369,-15.2563975234846,9.17515376662095,6.08124375686361,"usgs_ws_02072000"
"23",2019,2023,198.443984086121,199.218847314739,148.422121609517,1825,1826,1826,0,0,0,847.182413503834,0.159900385426992,-33.606196060609,16.4156664159957,17.1905296446133,"usgs_ws_01633000"
"24",2019,2023,228.153393406901,249.928589083902,195.703320369697,1825,1826,1826,0,0,0,744.591025669884,0.12149506001487,-28.8917805838031,3.55829245340121,25.3334881304019,"usgs_ws_03167000"
"25",2019,2023,255.074351809916,284.635137408895,211.810975721369,1825,1826,1826,0,0,0,1341.48638021646,0.146208821677412,-38.6958459253576,4.5675301631893,34.1283157621683,"usgs_ws_03208800"
"26",2019,2023,241.029702200756,267.841911100365,238.712603109132,1825,1826,1826,0,0,0,262.130013054129,0.0649709931779748,-10.4821356942852,-8.16503660266207,18.6471722969473,"usgs_ws_03475000"
"27",2019,2023,260.3321172192,237.966628860157,167.931538640659,1825,1826,1826,0,0,0,2323.8326422068,0.217069751050037,-54.1452229326795,38.2553556458614,15.889867286818,"usgs_ws_02032250"
"28",2019,2023,236.063187591472,246.860410472605,216.886486336159,1825,1826,1826,0,0,0,230.460336852966,0.0650787427762779,-16.3835417972528,2.79315945805968,13.5903823391932,"usgs_ws_02054530"
"29",2019,2023,235.467836034011,269.914998251606,209.462480358694,1825,1826,1826,0,0,0,919.565404706301,0.127262512116114,-28.8192911894093,-2.81393551409286,31.6332267035022,"usgs_ws_02014000"
"30",2019,2023,228.601454024201,240.254088923684,167.544265465652,1825,1826,1826,0,0,0,1525.08043367882,0.184093133109362,-44.5890040055267,16.4681845530222,28.1208194525045,"usgs_ws_01663500"
"31",2019,2023,205.299429232072,219.26541845096,152.953918066809,1825,1826,1826,0,0,0,1222.05274620201,0.181593429127335,-39.552337183138,12.7931739821246,26.7591632010134,"usgs_ws_01629500"
"32",2019,2023,244.379711678101,272.445698213634,222.869234587684,1825,1826,1826,0,0,0,618.037661754197,0.100826861944774,-23.6956469054553,-2.1851698150391,25.8808167204944,"usgs_ws_03527000"
"33",2019,2023,211.846215014832,219.561382872728,NA,1825,1826,0,0,0,1826,NA,NA,NA,NA,NA,"usgs_ws_01636690"
"34",2019,2023,250.639514483662,258.760590005403,244.587520979749,1825,1826,1826,0,0,0,50.5757297678646,0.0282961999375033,-6.74168750985564,-0.689694005942869,7.43138151579853,"usgs_ws_02059485"
"35",2019,2023,244.794928805017,245.336400343775,230.008127842539,1825,1826,1826,0,0,0,75.64976866723,0.0362333467330863,-10.0383578212381,4.74844314124016,5.28991467999791,"usgs_ws_02052000"
"36",2019,2023,225.226529789099,243.69145870382,168.408843360346,1825,1826,1826,0,0,0,1539.44587731588,0.18468909969466,-44.0334339240757,12.7842525046772,31.2491814193985,"usgs_ws_01627500"
"37",2019,2023,238.43000397024,248.390539108927,206.671157413195,1825,1826,1826,0,0,0,474.723900659532,0.094254161779737,-24.492742750926,7.26610380611962,17.2266389448064,"usgs_ws_02037500"
"38",2019,2023,258.279343422642,285.389010588783,NA,1825,1826,0,0,0,1826,NA,NA,NA,NA,NA,"usgs_ws_03208700"
"39",2019,2023,236.368254029364,251.017636363004,235.387417586499,1825,1826,1826,0,0,0,76.6450303143767,0.0363380107611856,-5.5370184064567,-4.55618196359205,10.0932003700487,"usgs_ws_02053800"
"40",2019,2023,249.116127093995,246.401314291057,NA,1825,1826,0,0,0,1826,NA,NA,NA,NA,NA,"usgs_ws_01652500"
"41",2019,2023,216.014218252356,251.727293697927,207.699910509269,1825,1826,1826,0,0,0,547.160323578105,0.103894094596833,-17.4472303105816,-9.13292256749435,26.5801528780759,"usgs_ws_02013000"
"42",2019,2023,252.366107101178,256.439044010417,248.031146437492,1825,1826,1826,0,0,0,17.6789067698568,0.0166665997156628,-4.24761941220353,0.0873412514822007,4.16027816072133,"usgs_ws_02060500"
"43",2019,2023,243.474817438166,251.558700861862,224.321657673984,1825,1826,1826,0,0,0,195.674870296417,0.0583371769854484,-15.4634009840198,3.68975878016167,11.7736422038581,"usgs_ws_02056000"
"44",2019,2023,270.454482528363,269.927669705935,262.456524144522,1825,1826,1826,0,0,0,20.0104810098911,0.0167155908615056,-5.15636798175126,2.84159040208993,2.31477757966138,"usgs_ws_02075045"
"45",2019,2023,216.558452466827,240.465381456553,189.150706595067,1825,1826,1826,0,0,0,659.320273938485,0.11921190478183,-26.2408069110825,1.16693896067835,25.0738679504042,"usgs_ws_02016000"
"46",2019,2023,230.505259832765,235.867975212715,175.687513082601,1825,1826,1826,0,0,0,1109.23868286758,0.155617214558401,-38.3327362934257,16.4850104567379,21.8477258366878,"usgs_ws_01668000"
"47",2019,2023,263.509160352971,268.023836303245,NA,1825,1826,0,0,0,1826,NA,NA,NA,NA,NA,"usgs_ws_01661800"
"48",2019,2023,239.880371344659,258.695409762671,NA,1825,1826,0,0,0,1826,NA,NA,NA,NA,NA,"usgs_ws_01669000"
"49",2019,2023,286.338497858192,284.687173792465,269.081575151413,1825,1826,1826,0,0,0,90.6771602372278,0.0340044284144642,-10.95417378261,6.30274892416844,4.65142485844154,"usgs_ws_02073000"
"50",2019,2023,285.411297974539,281.740383197453,290.138697152174,1825,1826,1826,0,0,0,17.7259325945674,0.0147332260409198,4.37523771078543,-0.352161466849338,-4.02307624393603,"usgs_ws_02070000"
"51",2019,2023,250.836767158768,252.695018242134,247.062458938108,1825,1826,1826,0,0,0,8.23737065779058,0.0114712390213714,-3.13562250822878,0.638685712431538,2.49693679579721,"usgs_ws_02066000"
"52",2019,2023,209.634659256526,219.667203927504,195.784541870249,1825,1826,1826,0,0,0,143.809875188309,0.0575540057469885,-12.577593147844,1.27252423843328,11.3050689094107,"usgs_ws_01638420"
"53",2019,2023,186.195392164347,188.40388064548,157.082989475359,1825,1826,1826,0,0,0,305.567939231279,0.0986331664249666,-20.1444312863698,8.96797140261853,11.1764598837512,"usgs_ws_01632082"
"54",2019,2023,222.510603502792,246.156126735707,192.323866944313,1825,1826,1826,0,0,0,728.04367120956,0.12246294203284,-28.006332116624,2.18040444185459,25.8259276747694,"usgs_ws_02016500"
"55",2019,2023,246.38329870233,259.163672970895,195.776469031244,1825,1826,1826,0,0,0,1123.72113318163,0.143394394404805,-37.998011203579,12.6088184675071,25.3891927360719,"usgs_ws_02028500"
"56",2019,2023,202.613244586391,220.381666426938,139.782926327556,1825,1826,1826,0,0,0,1793.25376880298,0.225738245165237,-47.8096861194057,15.0206321394293,32.7890539799764,"usgs_ws_01635500"
"57",2019,2023,237.891334747508,252.804053628948,202.905134273126,1825,1826,1826,0,0,0,656.054260158223,0.110785194112654,-28.2950399434013,6.69116053098045,21.6038794124208,"usgs_ws_02029000"
"58",2019,2023,195.830433859939,247.112189415814,NA,1825,1826,0,0,0,1826,NA,NA,NA,NA,NA,"usgs_ws_01620500"
"59",2019,2023,328.892835118269,305.714101981702,NA,1825,1826,0,0,0,1826,NA,NA,NA,NA,NA,"usgs_ws_02071530"
"60",2019,2023,222.541832747126,241.978635127177,196.429660328849,1825,1826,1826,0,0,0,522.390656723624,0.103740960324473,-23.8870490722019,2.22512334607549,21.6619257261264,"usgs_ws_02011460"
"61",2019,2023,229.03588610463,240.420251998546,216.520947926633,1825,1826,1826,0,0,0,142.900699921233,0.0522791868153208,-12.1380807499699,0.376857428026909,11.761223321943,"usgs_ws_01673000"
"62",2019,2023,237.129624837851,242.131160590729,198.413279510239,1825,1826,1826,0,0,0,572.53731359701,0.105925930439789,-27.4780754693673,11.238269858245,16.2398056111223,"usgs_ws_01646000"
"63",2019,2023,214.68221321495,210.898428827497,158.503750085089,1825,1826,1826,0,0,0,985.923184073993,0.161275052938641,-36.1910472907561,19.9874158391046,16.2036314516515,"usgs_ws_01643880"
"64",2019,2023,281.677525435552,305.436422579099,261.015033131441,1825,1826,1826,0,0,0,494.113937025937,0.0786272167978085,-21.6946272505897,-1.03213494647872,22.7267621970685,"usgs_ws_03165500"
"65",2019,2023,221.706403643024,238.358502752877,191.547913598219,1825,1826,1826,0,0,0,563.009697258849,0.10924198228686,-25.6563597331542,4.5021303116508,21.1542294215033,"usgs_ws_02011500"
"66",2019,2023,282.855483299961,301.480442368888,232.288466438001,1825,1826,1826,0,0,0,1281.90697130958,0.131530709105015,-39.9196642642825,10.6473525976775,29.2723116666049,"usgs_ws_03531500"
"67",2019,2023,246.581929169324,253.277942676751,215.561713967239,1825,1826,1826,0,0,0,404.934042690577,0.084382300201506,-22.912147970532,8.10806723155244,14.8040807389796,"usgs_ws_03175500"
"68",2019,2023,243.763829660035,244.364004157281,179.284889259654,1825,1826,1826,0,0,0,1398.86419340693,0.168118129790581,-43.1860184326694,21.2929219677117,21.8930964649578,"usgs_ws_01667500"
"69",2019,2023,225.537954101288,239.793136407797,201.122899083669,1825,1826,1826,0,0,0,382.448731468249,0.0880314174936765,-21.0284307805821,3.38662423703681,17.6418065435453,"usgs_ws_01673800"
"70",2019,2023,260.851655206898,274.348417718007,NA,1825,1826,0,0,0,1826,NA,NA,NA,NA,NA,"usgs_ws_02018500"
"71",2019,2023,256.596370404151,289.625328955005,219.392093988399,1825,1826,1826,0,0,0,1234.62959674136,0.137682850086202,-35.8125037941194,1.39177262163304,34.4207311724863,"usgs_ws_03524500"
"72",2019,2023,242.496267786954,239.76722902844,NA,1825,1826,0,0,0,1826,NA,NA,NA,NA,NA,"usgs_ws_02079640"
"73",2019,2023,247.592409944795,261.02303271082,212.541834383749,1825,1826,1826,0,0,0,626.558511045433,0.10412909199034,-27.8439246293721,7.20665093167361,20.6372736976985,"usgs_ws_02027000"
"74",2019,2023,275.847961921279,277.898367070316,258.485737146199,1825,1826,1826,0,0,0,113.750201831054,0.0393928327031463,-12.2582848997323,5.10393987534729,7.15434502438507,"usgs_ws_02056900"
"75",2019,2023,296.61684768786,295.318655224869,278.509547171649,1825,1826,1826,0,0,0,102.017624866696,0.034811080127169,-11.6388028564771,6.46849765973434,5.17030519674267,"usgs_ws_03165000"
"76",2019,2023,230.020823005953,264.980873259227,177.190206369996,1825,1826,1826,0,0,0,1953.41339345047,0.197253654781721,-46.8737611750626,5.95685546089416,40.9169057141685,"usgs_ws_03208500"
"77",2019,2023,NA,248.122417350364,NA,1825,0,0,0,1826,1826,NA,NA,NA,NA,NA,"usgs_ws_01654500"
"78",2019,2023,243.359687496075,244.714694299546,223.758130794877,1825,1826,1826,0,0,0,137.539103745497,0.0494261211573164,-13.5193734019559,6.08218329924262,7.43719010271326,"usgs_ws_02030500"
"79",2019,2023,261.941738418733,285.33186607426,234.685607871189,1825,1826,1826,0,0,0,642.5063656898,0.097246923668715,-25.9674629168719,1.28866763067236,24.6787952861995,"usgs_ws_03171000"
"80",2019,2023,242.664731686305,292.056394229375,NA,1825,1826,0,0,0,1826,NA,NA,NA,NA,NA,"usgs_ws_02024915"
"81",2019,2023,239.760592203272,270.476810997282,225.513371759579,1825,1826,1826,0,0,0,528.030042575887,0.0936957394129033,-19.7368865604653,-5.48966611677255,25.2265526772379,"usgs_ws_03524000"
"82",2019,2023,240.988411657181,241.938338598605,225.601024327619,1825,1826,1826,0,0,0,84.0969812688275,0.0388288545119741,-10.5749005335159,4.81248679604579,5.76241373747015,"usgs_ws_02051500"
"83",2019,2023,225.224678285713,233.91753892483,172.236858073619,1825,1826,1826,0,0,0,1114.63021786487,0.158634073465101,-38.2228336877683,14.764986524326,23.4578471634422,"usgs_ws_01664000"
"84",2019,2023,251.279119954085,253.944283927322,253.109045266409,1825,1826,1826,0,0,0,1.85822487893451,0.005392755742915,0.331562217137161,-1.49836309518699,1.1668008780498,"usgs_ws_02074500"
"85",2019,2023,247.939032070249,257.341582540853,236.998426330459,1825,1826,1826,0,0,0,103.658135651046,0.0411486653535218,-10.4279206500613,0.512685089728677,9.91523556033269,"usgs_ws_02055100"
"86",2019,2023,239.423563185356,242.054288780454,247.241105877251,1825,1826,1826,0,0,0,15.8229604153208,0.0163758954720568,4.33478659623071,-3.48275609566389,-0.852030500566798,"usgs_ws_02077500"
"87",2019,2023,241.256288403071,238.951249902519,171.629922527549,1825,1826,1826,0,0,0,1564.21752450816,0.182024779116897,-45.6492310834973,23.9771347920245,21.6720962914728,"usgs_ws_02031000"
"88",2019,2023,224.639621587341,236.476798844157,NA,1825,1826,0,0,0,1826,NA,NA,NA,NA,NA,"usgs_ws_01660400"
"89",2019,2023,246.745222961943,246.023854432566,203.706349297629,1825,1826,1826,0,0,0,607.272709948894,0.106146905840237,-28.4521262664169,14.5867473978972,13.8653788685197,"usgs_ws_01653000"
"90",2019,2023,205.218145330421,242.163386741824,179.985816803509,1825,1826,1826,0,0,0,977.94524487849,0.149539736877371,-29.1366328217423,-3.9043042948305,33.0409371165728,"usgs_ws_02015700"
"91",2019,2023,189.692229644821,198.215067700606,154.840228421749,1825,1826,1826,0,0,0,528.112906707461,0.127024294984382,-26.0756135006428,8.77638772242895,17.2992257782138,"usgs_ws_01621050"
"92",2019,2023,250.950709480173,248.31189476138,251.059179330086,1825,1826,1826,0,0,0,2.42044688831752,0.00622044533980956,0.951918139539202,0.843448289626934,-1.79536642916611,"usgs_ws_02064000"
"93",2019,2023,245.061523061253,242.514553426945,164.505867499459,1825,1826,1826,0,0,0,2096.84262957361,0.21066966204548,-52.8547804964268,27.7008750653674,25.1539054310594,"usgs_ws_01666500"
"94",2019,2023,238.681376424676,237.316242380367,224.349610444984,1825,1826,1826,0,0,0,62.5661084672158,0.033882653268039,-9.09946597169181,5.23230000800038,3.86716596369143,"usgs_ws_02051000"
"95",2019,2023,227.787427133082,241.815085322599,209.577115263117,1825,1826,1826,0,0,0,261.279561039898,0.0713985386621555,-16.8160939764825,1.39421789348285,15.4218760829997,"usgs_ws_01671025"
"96",2019,2023,251.755944778133,254.987180319562,247.613164439617,1825,1826,1826,0,0,0,13.6632703758424,0.0147001602890431,-3.83893207281994,0.303848265695564,3.53508380712438,"usgs_ws_02062500"
"97",2019,2023,260.391966285824,278.177287378685,NA,1825,1826,0,0,0,1826,NA,NA,NA,NA,NA,"usgs_ws_02027500"
"98",2019,2023,264.453432258024,264.164540063425,257.231786881972,1825,1826,1826,0,0,0,16.7164478854181,0.0156082326427767,-4.71813285250187,2.50351252355034,2.21462032895153,"usgs_ws_02075500"
"99",2019,2023,NA,250.219211570098,NA,1825,0,0,0,1826,1826,NA,NA,NA,NA,NA,"usgs_ws_02011490"
"100",2019,2023,197.786110553579,201.644511596123,142.981509116772,1825,1826,1826,0,0,0,1076.62990952411,0.18147845818452,-37.8225346387191,16.9820667980878,20.8404678406314,"usgs_ws_01634000"
"101",2019,2023,245.16097451725,243.702129002142,244.441034680174,1825,1826,1826,0,0,0,0.532087534497869,0.00298420505154908,0.00632194698530952,0.726261784061307,-0.732583731046589,"usgs_ws_02042500"
"102",2019,2023,238.868765006419,249.251447288169,204.870297346869,1825,1826,1826,0,0,0,538.897060778908,0.100495560114829,-26.1265392002837,7.87192845926717,18.2546107410165,"usgs_ws_02035000"
"103",2019,2023,240.498531301976,242.173625845872,246.014551059181,1825,1826,1826,0,0,0,7.99752036451633,0.0116428173472513,3.11898165683797,-2.39703810036698,-0.721943556470961,"usgs_ws_02077000"
"104",2019,2023,222.16787300258,243.643235821,197.136543387731,1825,1826,1826,0,0,0,541.771851925443,0.1053295518619,-23.8460073493728,1.18532226547666,22.6606850838961,"usgs_ws_02013100"
"105",2019,2023,254.122058921154,260.733866052161,154.003993718214,1825,1826,1826,0,0,0,3576.43477032307,0.268232401103257,-68.9493125122957,31.1687526906444,37.7805598216513,"usgs_ws_01665500"
"106",2019,2023,212.965080821574,217.170311829326,195.784541870249,1825,1826,1826,0,0,0,128.367673871517,0.0543038107520267,-12.8554363034672,4.32510264785751,8.5303336556097,"usgs_ws_01638480"
"107",2019,2023,221.748565686643,253.615315384007,NA,1825,1826,0,0,0,1826,NA,NA,NA,NA,NA,"usgs_ws_01626000"
"108",2019,2023,255.867154701656,259.716782576276,243.880626897239,1825,1826,1826,0,0,0,68.213385044966,0.0326248512781372,-9.27422782781792,2.7122999765993,6.56192785121866,"usgs_ws_02061500"
"109",2019,2023,234.522351134419,252.550225514617,200.134726446569,1825,1826,1826,0,0,0,709.14958814886,0.11625253075911,-28.9343745852993,5.45325010255047,23.4811244827488,"usgs_ws_02025500"
"110",2019,2023,250.271313572942,275.157047333289,241.279436516219,1825,1826,1826,0,0,0,307.974352077813,0.0686670910569965,-14.2898292912643,-5.29795223454096,19.5877815258052,"usgs_ws_03490000"
"111",2019,2023,264.872083288021,291.039089870406,228.687232866039,1825,1826,1826,0,0,0,980.301617572788,0.119716412182139,-32.8455691421162,3.33928127986604,29.5062878622502,"usgs_ws_03473000"
"112",2019,2023,242.697497528785,243.383111454711,245.988906775867,1825,1826,1826,0,0,0,3.01560175715928,0.00711632748964516,1.96573485607917,-1.32567439100251,-0.64006046507663,"usgs_ws_02039500"
"113",2019,2023,255.554557316246,284.521437996968,NA,1825,1826,0,0,0,1826,NA,NA,NA,NA,NA,"usgs_ws_03471500"
"114",2019,2023,209.489302663691,207.263767151098,157.466966060659,1825,1826,1826,0,0,0,865.166318799621,0.153671282107282,-33.9397125644903,18.0826240385415,15.8570885259489,"usgs_ws_01632000"
"115",2019,2023,246.189791544934,261.876137372897,202.269637235716,1825,1826,1826,0,0,0,954.662709763953,0.130491635403683,-34.5088848154663,9.4112694937516,25.0976153217147,"usgs_ws_02017500"
"116",2019,2023,220.881012045671,250.113198123645,173.147218622479,1825,1826,1826,0,0,0,1509.46628967319,0.180947143566338,-41.566590974786,6.16720244840616,35.3993885263799,"usgs_ws_01626850"
"117",2019,2023,237.344379493421,268.70377774303,186.207937486287,1825,1826,1826,0,0,0,1733.98520323209,0.180458424021571,-44.5440940879587,6.59234791917478,37.9517461687839,"usgs_ws_03209200"
"118",2019,2023,252.714710447144,254.241766953038,248.797148467558,1825,1826,1826,0,0,0,7.88717731475383,0.0111481246878076,-3.12072682168878,0.796835157897561,2.32389166379122,"usgs_ws_02079500"
"119",2019,2023,235.167643186356,244.907090651395,216.886486336159,1825,1826,1826,0,0,0,202.368633149465,0.0612328170471725,-15.4339203884776,2.84723646171898,12.5866839267586,"usgs_ws_02054500"
"120",2019,2023,243.956493832194,251.662280787171,NA,1825,1826,0,0,0,1826,NA,NA,NA,NA,NA,"usgs_ws_02022500"
"121",2019,2023,239.009556365694,273.4836644228,162.211555236909,1825,1826,1826,0,0,0,3244.64656439777,0.253274326156607,-62.6900367715585,14.1079643572262,48.5820724143323,"usgs_ws_03208950"
"122",2019,2023,211.32446515439,220.383654389068,145.878384999679,1825,1826,1826,0,0,0,1652.71558066533,0.211155927892864,-46.6504498480333,18.7956303066773,27.8548195413559,"usgs_ws_01643700"
"123",2019,2023,248.009796176198,264.619328219537,210.549247818439,1825,1826,1826,0,0,0,767.123805423991,0.114896964564815,-30.5102095862857,6.9503387714731,23.5598708148126,"usgs_ws_02018000"
"124",2019,2023,274.482667275062,277.720484960891,285.012124501937,1825,1826,1826,0,0,0,29.0868233426298,0.0193255675472771,5.94036558930651,-4.58909163756789,-1.35127395173856,"usgs_ws_02049500"
"125",2019,2023,292.543523064424,290.18889274922,271.331410749526,1825,1826,1826,0,0,0,135.183770024985,0.0408407024988907,-13.3565314381973,7.85558087670086,5.5009505614965,"usgs_ws_02072500"
"126",2019,2023,213.113534334051,218.800050321082,NA,1825,1826,0,0,0,1826,NA,NA,NA,NA,NA,"usgs_ws_01638350"
"127",2019,2023,227.926532994196,239.748738715653,198.979802453957,1825,1826,1826,0,0,0,439.963986833321,0.0943905746549728,-23.2385556006453,5.70817493959458,17.5303806610508,"usgs_ws_01674000"
"128",2019,2023,204.859592293025,215.666033570304,159.136107381942,1825,1826,1826,0,0,0,900.508133392481,0.155306790014443,-34.0844703664814,11.6390145446011,22.4454558218803,"usgs_ws_01625000"
"129",2019,2023,262.442751981015,262.593344536031,254.267193871953,1825,1826,1826,0,0,0,22.6978688988688,0.0183403359410984,-5.50056959104688,2.67498851801543,2.82558107303146,"usgs_ws_02076000"
"130",2019,2023,245.473320634557,267.890403673036,241.733710383574,1825,1826,1826,0,0,0,200.113816770383,0.0562026505401295,-9.96543451348148,-6.22582426249883,16.1912587759803,"usgs_ws_03521500"
"131",2019,2023,242.425159897067,244.265637208075,NA,1825,1826,0,0,0,1826,NA,NA,NA,NA,NA,"usgs_ws_01654000"
"132",2019,2023,227.787427133082,241.882009147515,209.577115263117,1825,1826,1826,0,0,0,262.31314490753,0.0715325718296909,-16.8384019181211,1.37190995184426,15.4664919662768,"usgs_ws_01671020"
"133",2019,2023,231.415606415202,240.877564228379,222.312280604669,1825,1826,1826,0,0,0,86.1781570833096,0.0400942107296461,-9.2228698114142,-0.11954400088166,9.34241381229589,"usgs_ws_01672500"
"134",2019,2023,246.423704106985,273.794411687421,199.734534160724,1825,1826,1826,0,0,0,1402.31661383233,0.156041587438303,-40.2496824909862,6.43948745527518,33.810195035711,"usgs_ws_03209000"
"135",2019,2023,226.548419982774,244.845497883626,NA,1825,1826,0,0,0,1826,NA,NA,NA,NA,NA,"usgs_ws_01636210"
"136",2019,2023,209.63830395798,224.746072460872,169.322885848679,1825,1826,1826,0,0,0,820.884536785774,0.142375706422756,-31.9128682404979,8.40254986880325,23.5103183716947,"usgs_ws_01644280"
"137",2019,2023,205.09118252164,220.379269661691,155.603719070254,1825,1826,1826,0,0,0,1146.43443361296,0.174809203556654,-38.0876713476074,11.3997921037781,26.6878792438292,"usgs_ws_01631000"
"138",2019,2023,247.754012250195,276.252539046857,220.590873375897,1825,1826,1826,0,0,0,774.703861391701,0.112141816143516,-27.6082681817528,-0.445129307454437,28.0533974892073,"usgs_ws_03170000"
"139",2019,2023,244.613022810903,270.002466068925,250.486275346177,1825,1826,1826,0,0,0,176.666770770339,0.0521170093804775,-4.54764606249131,-10.4208985977649,14.9685446602563,"usgs_ws_03488000"
"140",2019,2023,215.5777295752,216.378029859029,NA,1825,1826,0,0,0,1826,NA,NA,NA,NA,NA,"usgs_ws_01643805"
"141",2019,2023,254.524918769807,276.186747498619,226.583832064252,1825,1826,1826,0,0,0,618.398061625427,0.0985121821614887,-25.8480007133068,2.09308599224744,23.7549147210594,"usgs_ws_03176500"
"142",2019,2023,240.042356507983,239.963622187926,237.282209948269,1825,1826,1826,0,0,0,2.46909662053981,0.00657198582041574,-1.81385293312371,0.946293626590375,0.867559306533309,"usgs_ws_02039000"
"143",2019,2023,267.92113380143,290.011158655833,240.255208652734,1825,1826,1826,0,0,0,621.504528852033,0.0936997604755578,-25.8072917172647,1.85863343143097,23.9486582858337,"usgs_ws_03168000"
"144",2019,2023,254.432315478737,235.635584001171,170.479884504954,1825,1826,1826,0,0,0,1941.09882624813,0.200097120189796,-49.7027101566665,34.2497208171161,15.4529893395504,"usgs_ws_02032640"
"145",2019,2023,201.682971282121,201.574704762123,NA,1825,1826,0,0,0,1826,NA,NA,NA,NA,NA,"usgs_ws_01615000"
"146",2019,2023,236.036742205325,252.731940329835,204.524878236072,1825,1826,1826,0,0,0,599.274674490859,0.105929531258258,-26.5729753543383,4.93888861491448,21.6340867394238,"usgs_ws_02026000"
"147",2019,2023,284.241530297995,311.641055929426,264.034161205339,1825,1826,1826,0,0,0,570.91469929077,0.0833586091917968,-22.6047546055811,-2.3973855129251,25.0021401185062,"usgs_ws_03164000"
"148",2019,2023,228.415466778148,247.153318017173,193.137232142701,1825,1826,1826,0,0,0,752.233073541299,0.123044508512382,-29.7647735033061,5.51346113214021,24.2513123711659,"usgs_ws_02024000"
"149",2019,2023,232.648373320013,251.479896986094,197.599950665159,1825,1826,1826,0,0,0,747.677804954401,0.120328146369646,-29.6427896585967,5.40563299625757,24.2371566623391,"usgs_ws_02024752"
"150",2019,2023,264.805521161994,263.109198943314,263.822134291069,1825,1826,1826,0,0,0,0.725472602928623,0.00322738593138673,-0.0901505077231377,0.893236363201424,-0.80308585547823,"usgs_ws_02058400"
"151",2019,2023,282.855572772084,305.464345166129,214.357711348574,1825,1826,1826,0,0,0,2250.58872238769,0.177307932018653,-53.2014984136883,15.2963630098214,37.9051354038668,"usgs_ws_03529500"
"152",2019,2023,237.309555525696,239.617200925071,237.231723521579,1825,1826,1826,0,0,0,1.83696459211471,0.00569347017484159,-0.821103135869464,-0.743271131752579,1.56437426762204,"usgs_ws_02040000"
"153",2019,2023,242.352061586309,236.575762461434,196.794185221469,1825,1826,1826,0,0,0,615.243269692235,0.11012264289371,-28.4464845349351,17.1113918299049,11.3350927050303,"usgs_ws_02034000"
"154",2019,2023,188.526438060644,196.92667306047,148.036646007659,1825,1826,1826,0,0,0,683.370325628474,0.14700199454339,-29.7932730352653,10.6965190177197,19.0967540175455,"usgs_ws_01632900"
"155",2019,2023,229.030690492768,253.627947870593,203.249088420787,1825,1826,1826,0,0,0,634.624259228715,0.110182822736724,-25.3868205072623,0.394781564718357,24.992038942544,"usgs_ws_03173000"
"156",2019,2023,244.393676366401,244.004744523764,NA,1825,1826,0,0,0,1826,NA,NA,NA,NA,NA,"usgs_ws_01673550"
"157",2019,2023,NA,243.404724512642,NA,1825,0,0,0,1826,1826,NA,NA,NA,NA,NA,"usgs_ws_01645784"
"158",2019,2023,248.871075992826,274.609704451063,241.505550811549,1825,1826,1826,0,0,0,302.102157382626,0.0681623402407753,-13.4898929402635,-6.12436775898701,19.6142606992505,"usgs_ws_03478400"
"159",2019,2023,268.646771709663,275.106469542365,240.985272971544,1825,1826,1826,0,0,0,328.523710658896,0.0692914495316443,-20.5942317696466,7.06726696847244,13.5269648011742,"usgs_ws_02061000"
"160",2019,2023,249.371838160807,251.872789089844,255.595633223339,1825,1826,1826,0,0,0,9.80832482869177,0.0124140773857986,3.31554639867579,-2.9082486638564,-0.407297734819394,"usgs_ws_02046000"
"161",2019,2023,258.941013088755,257.281582272617,256.882837225515,1825,1826,1826,0,0,0,1.19146602169305,0.00423568212783411,-0.81897363678047,1.23920222645916,-0.420228589678686,"usgs_ws_02047000"
"162",2019,2023,248.280136072845,254.54726706485,245.528813810882,1825,1826,1826,0,0,0,21.3632006923538,0.0185287466894555,-3.92325850531049,-1.17193624334695,5.09519474865743,"usgs_ws_02059500"
"163",2019,2023,242.358693101947,237.074890539684,240.319042296819,1825,1826,1826,0,0,0,7.10054425786098,0.0111066686625748,0.401500317335888,2.44115112246376,-2.84265143979965,"usgs_ws_02041000"
"164",2019,2023,193.5766787606,197.473601820468,124.810310630799,1825,1826,1826,0,0,0,1670.65888026874,0.237701977605079,-47.1432197731567,21.6231483566445,25.5200714165122,"usgs_ws_01616100"
"165",2019,2023,234.148797645881,242.56446473944,212.111800508009,1825,1826,1826,0,0,0,247.302909046076,0.0684899622289527,-17.4965537897676,4.54044334810447,12.9561104416632,"usgs_ws_01674500"
"166",2019,2023,234.979100215446,234.445083512929,NA,1825,1826,0,0,0,1826,NA,NA,NA,NA,NA,"usgs_ws_01658500"
"167",2019,2023,237.52892766749,269.612697743394,170.027453158279,1825,1826,1826,0,0,0,2583.8397170464,0.225194054767219,-55.695573031442,11.8059014777689,43.8896715536732,"usgs_ws_03207800"
"168",2019,2023,212.138539222538,217.690979566093,NA,1825,1826,0,0,0,1826,NA,NA,NA,NA,NA,"usgs_ws_01643590"
"169",2019,2023,240.259046894468,250.644592414307,219.491581574931,1825,1826,1826,0,0,0,251.609542650187,0.066986113005906,-17.3068253863044,3.4606399332325,13.8461854530719,"usgs_ws_02055000"
"170",2019,2023,207.867518173823,238.788571074961,164.819291553222,1825,1826,1826,0,0,0,1380.11927344311,0.182263870665638,-39.0058353807797,4.04239123982069,34.963444140959,"usgs_ws_02020500"
"171",2019,2023,238.210872694788,246.147916384735,182.704365515619,1825,1826,1826,0,0,0,1194.84219144155,0.155456747344681,-39.6500193494281,15.8564878297407,23.7935315196874,"usgs_ws_02030000"
"172",2019,2023,208.778300456013,235.198752012814,202.516049442269,1825,1826,1826,0,0,0,300.902515923186,0.0804952528482811,-12.9816511947629,-6.71940018101907,19.701051375782,"usgs_ws_01662800"
"173",2019,2023,227.988174960627,251.265988695864,NA,1825,1826,0,0,0,1826,NA,NA,NA,NA,NA,"usgs_ws_01670300"
"174",2019,2023,251.389634255228,246.668839356586,246.012176768748,1825,1826,1826,0,0,0,8.60569320803609,0.0118276920943229,-2.01137335810608,3.36608412837421,-1.35471077026813,"usgs_ws_02045500"
"175",2019,2023,222.42564456906,240.99724970039,196.429660328849,1825,1826,1826,0,0,0,501.160956026939,0.101780121937877,-23.5211912039173,2.47479303629368,21.0463981676237,"usgs_ws_02011470"
"176",2019,2023,196.421974578008,203.508309797911,149.584544481319,1825,1826,1826,0,0,0,858.622245138313,0.159971606500639,-33.5870651377601,13.2503649589287,20.3367001788313,"usgs_ws_01636316"
"177",2019,2023,198.407096641936,226.750636153185,141.028957184139,1825,1826,1826,0,0,0,1907.30222748938,0.231404263873306,-47.6999394756142,9.67819998218246,38.0217394934318,"usgs_ws_01634500"
"178",2019,2023,240.942548061076,268.430706136872,225.445894501544,1825,1826,1826,0,0,0,473.906522878113,0.0888765387369826,-19.49382173162,-3.99716817208767,23.4909899037077,"usgs_ws_03474000"
"179",2019,2023,309.8542911666,294.391617871559,293.666136064864,1825,1826,1826,0,0,0,83.612825813142,0.0305508929106476,-5.63787896947673,10.5502761322587,-4.91239716278193,"usgs_ws_02069700"
"180",2019,2023,212.711002391429,219.069672860571,154.291714739725,1825,1826,1826,0,0,0,1274.90495302896,0.182771677034338,-41.0657485908501,17.3535390608543,23.7122095299958,"usgs_ws_01644000"
"181",2019,2023,248.146515777715,242.958996786658,251.441083735789,1825,1826,1826,0,0,0,18.2850550542611,0.0172760988039959,3.92555163573496,0.630983677661163,-4.55653531339613,"usgs_ws_02038000"
"182",2019,2023,201.216289080013,215.245053335145,172.601242408614,1825,1826,1826,0,0,0,472.353622145024,0.110686190607895,-23.7529525326433,4.86209413875548,18.8908583938878,"usgs_ws_01638500"
"183",2019,2023,239.9026286392,244.086121553276,246.515046954996,1825,1826,1826,0,0,0,11.1875612587184,0.0137361963503674,3.01378123917158,-3.5986370766239,0.584855837452324,"usgs_ws_02077303"
"184",2019,2023,278.522444121258,277.175214707572,NA,1825,1826,NA,0,0,NA,NA,NA,NA,NA,NA,"usgs_ws_02071000"
"185",2019,2023,317.874830620867,310.203784861071,267.843937737682,1825,1826,1826,0,0,0,726.048639009063,0.0902264028519031,-30.7969133355242,19.2339795476602,11.562933787864,"usgs_ws_02068500"
"186",2019,2023,279.358231418643,278.424972512935,266.479055931093,1825,1826,1826,0,0,0,51.5748427340844,0.0261381469617342,-8.27503068979718,4.6041447977525,3.67088589204462,"usgs_ws_02074000"
"187",2019,2023,313.902992691402,340.446235522192,281.036938300219,1825,1826,1826,0,0,0,885.697644604536,0.0954493679195456,-30.7584505377187,2.10760385346435,28.6508466842544,"usgs_ws_03161000"
"188",2019,2023,254.478676841386,255.587320677748,246.131155671579,1825,1826,1826,0,0,0,26.7215429100272,0.020507701246224,-5.93456205865843,2.41295911114804,3.52160294751039,"usgs_ws_02052500"
