"","start_year","end_year","prism_precip","daymet_precip","nldas_precip","CV","var","hydrocode","gage","area"
"1",2019,2023,230.600884408188,250.363545142071,197.919651797111,0.117041217582619,701.497945573237,"usgs_ws_02019500","02019500",5365784522.49612
"2",2019,2023,195.354524925809,215.854617945463,145.087471842927,0.196363079405254,1325.8365678249,"usgs_ws_01622000","01622000",971856267.58662
"3",2019,2023,231.516971233094,240.551936678697,200.508861350514,0.0936797549096482,441.096893471997,"usgs_ws_02011400","02011400",407332735.234042
"4",2019,2023,234.037768635504,263.121736602493,NA,NA,NA,"usgs_ws_03473500","03473500",19156091.5240318
"5",2019,2023,227.575065985571,243.731960657863,207.237880732214,0.0808505063002863,334.410703183421,"usgs_ws_01670400","01670400",886099663.319639
"6",2019,2023,230.428455911914,240.521263189289,224.007238212859,0.0359364432574736,69.3016360665113,"usgs_ws_02036500","02036500",57886589.7215646
"7",2019,2023,232.066834491265,225.114415401117,161.081160925709,0.189877223533538,1531.25994357886,"usgs_ws_01656000","01656000",241631463.662678
"8",2019,2023,223.957453563736,236.293267772337,220.449927236794,0.036674813987067,69.2477487414185,"usgs_ws_01671100","01671100",276332504.781457
"9",2019,2023,257.110689509931,245.720881139346,257.278189250029,0.0261467159916275,43.887860274475,"usgs_ws_02065500","02065500",252647034.169526
"10",2019,2023,224.576792325659,238.685891869956,193.555050508844,0.105451827695563,533.034666210319,"usgs_ws_02011800","02011800",893169520.411534
"11",2019,2023,225.520921252418,240.770105593275,192.609386049929,0.112069572582918,605.860279896479,"usgs_ws_02012500","02012500",1061345672.12231
"12",2019,2023,272.766738900298,279.530114461872,286.143788498862,0.0239325149762226,44.7382315361484,"usgs_ws_02047500","02047500",749848252.778392
"13",2019,2023,246.90477153201,253.773084267311,253.605073093319,0.0155823052538927,15.3493314328274,"usgs_ws_02038850","02038850",22096843.5505302
"14",2019,2023,242.673283585772,238.699314595524,241.790967501107,0.00865709909491637,4.35487148288567,"usgs_ws_02044500","02044500",820524386.158795
"15",2019,2023,268.415037732068,269.277019054109,252.615214291079,0.0356093301709502,87.9988617545474,"usgs_ws_02056650","02056650",144486541.602307
"16",2019,2023,246.027544871489,273.017702280748,225.916965622064,0.0951751218687603,558.563898085768,"usgs_ws_01669520","01669520",282985893.809692
"17",2019,2023,260.195238674106,250.741922938889,NA,NA,NA,"usgs_ws_03177710","03177710",114620314.0111
"18",2019,2023,194.757102413162,211.152924840445,136.677883968419,0.216370981465441,1531.42505351819,"usgs_ws_01613900","01613900",41272610.2911715
"19",2019,2023,238.944024876244,241.700139545456,239.280928590055,0.00626504583310204,2.26037563815924,"usgs_ws_02041650","02041650",3475473272.4327
"20",2019,2023,205.358189793404,219.522325825818,157.081773865624,0.168755609511792,1071.67626891171,"usgs_ws_01628500","01628500",2793593902.13781
"21",2019,2023,220.325479779379,245.530373567642,179.864712126189,0.153906555442697,1097.38991375109,"usgs_ws_02021500","02021500",851391440.152936
"22",2019,2023,295.762962039631,292.669052029874,271.331410749526,0.0464174696373369,176.96131883306,"usgs_ws_02072000","02072000",556864395.508404
"23",2019,2023,198.443984086121,199.218847314739,148.422121609517,0.159900385426992,847.182413503834,"usgs_ws_01633000","01633000",1315748433.86932
"24",2019,2023,228.153393406901,249.928589083902,195.703320369697,0.12149506001487,744.591025669884,"usgs_ws_03167000","03167000",667477710.26182
"25",2019,2023,255.074351809916,284.635137408895,211.810975721369,0.146208821677412,1341.48638021646,"usgs_ws_03208800","03208800",95043793.8748591
"26",2019,2023,241.029702200756,267.841911100365,238.712603109132,0.0649709931779748,262.130013054129,"usgs_ws_03475000","03475000",534069647.552109
"27",2019,2023,260.3321172192,237.966628860157,167.931538640659,0.217069751050037,2323.8326422068,"usgs_ws_02032250","02032250",199283814.488085
"28",2019,2023,236.063187591472,246.860410472605,216.886486336159,0.0650787427762779,230.460336852966,"usgs_ws_02054530","02054530",727631546.04281
"29",2019,2023,235.467836034011,269.914998251606,209.462480358694,0.127262512116114,919.565404706301,"usgs_ws_02014000","02014000",396744127.706971
"30",2019,2023,228.601454024201,240.254088923684,167.544265465652,0.184093133109362,1525.08043367882,"usgs_ws_01663500","01663500",738284290.783199
"31",2019,2023,205.299429232072,219.26541845096,152.953918066809,0.181593429127335,1222.05274620201,"usgs_ws_01629500","01629500",3551793889.98061
"32",2019,2023,244.379711678101,272.445698213634,222.869234587684,0.100826861944774,618.037661754197,"usgs_ws_03527000","03527000",2907445818.5179
"33",2019,2023,211.846215014832,219.561382872728,NA,NA,NA,"usgs_ws_01636690","01636690",34994960.5588756
"34",2019,2023,250.639514483662,258.760590005403,244.587520979749,0.0282961999375033,50.5757297678646,"usgs_ws_02059485","02059485",322836034.276773
"35",2019,2023,244.794928805017,245.336400343775,230.008127842539,0.0362333467330863,75.64976866723,"usgs_ws_02052000","02052000",1927152204.95598
"36",2019,2023,225.226529789099,243.69145870382,168.408843360346,0.18468909969466,1539.44587731588,"usgs_ws_01627500","01627500",547846787.671377
"37",2019,2023,238.43000397024,248.390539108927,206.671157413195,0.094254161779737,474.723900659532,"usgs_ws_02037500","02037500",17481116130.8158
"38",2019,2023,258.279343422642,285.389010588783,NA,NA,NA,"usgs_ws_03208700","03208700",48019209.6942083
"39",2019,2023,236.368254029364,251.017636363004,235.387417586499,0.0363380107611856,76.6450303143767,"usgs_ws_02053800","02053800",283413786.56914
"40",2019,2023,249.116127093995,246.401314291057,NA,NA,NA,"usgs_ws_01652500","01652500",32594846.5125465
"41",2019,2023,216.014218252356,251.727293697927,207.699910509269,0.103894094596833,547.160323578105,"usgs_ws_02013000","02013000",419461445.677496
"42",2019,2023,252.366107101178,256.439044010417,248.031146437492,0.0166665997156628,17.6789067698568,"usgs_ws_02060500","02060500",4613442943.13841
"43",2019,2023,243.474817438166,251.558700861862,224.321657673984,0.0583371769854484,195.674870296417,"usgs_ws_02056000","02056000",1318896498.48103
"44",2019,2023,270.454482528363,269.927669705935,262.456524144522,0.0167155908615056,20.0104810098911,"usgs_ws_02075045","02075045",5478165059.84464
"45",2019,2023,216.558452466827,240.465381456553,189.150706595067,0.11921190478183,659.320273938485,"usgs_ws_02016000","02016000",1193758746.06934
"46",2019,2023,230.505259832765,235.867975212715,175.687513082601,0.155617214558401,1109.23868286758,"usgs_ws_01668000","01668000",4127911829.04237
"47",2019,2023,263.509160352971,268.023836303245,NA,NA,NA,"usgs_ws_01661800","01661800",17521831.4954999
"48",2019,2023,239.880371344659,258.695409762671,NA,NA,NA,"usgs_ws_01669000","01669000",72345930.9029209
"49",2019,2023,286.338497858192,284.687173792465,269.081575151413,0.0340044284144642,90.6771602372278,"usgs_ws_02073000","02073000",981525405.804484
"50",2019,2023,285.411297974539,281.740383197453,290.138697152174,0.0147332260409198,17.7259325945674,"usgs_ws_02070000","02070000",278486436.590555
"51",2019,2023,250.836767158768,252.695018242134,247.062458938108,0.0114712390213714,8.23737065779058,"usgs_ws_02066000","02066000",7678558027.17106
"52",2019,2023,209.634659256526,219.667203927504,195.784541870249,0.0575540057469885,143.809875188309,"usgs_ws_01638420","01638420",59861189.5381482
"53",2019,2023,186.195392164347,188.40388064548,157.082989475359,0.0986331664249666,305.567939231279,"usgs_ws_01632082","01632082",118181776.223707
"54",2019,2023,222.510603502792,246.156126735707,192.323866944313,0.12246294203284,728.04367120956,"usgs_ws_02016500","02016500",3549379261.86498
"55",2019,2023,246.38329870233,259.163672970895,195.776469031244,0.143394394404805,1123.72113318163,"usgs_ws_02028500","02028500",245393985.112639
"56",2019,2023,202.613244586391,220.381666426938,139.782926327556,0.225738245165237,1793.25376880298,"usgs_ws_01635500","01635500",223978841.944323
"57",2019,2023,237.891334747508,252.804053628948,202.905134273126,0.110785194112654,656.054260158223,"usgs_ws_02029000","02029000",11857653436.5887
"58",2019,2023,195.830433859939,247.112189415814,NA,NA,NA,"usgs_ws_01620500","01620500",44659598.0088622
"59",2019,2023,328.892835118269,305.714101981702,NA,NA,NA,"usgs_ws_02071530","02071530",68186938.410185
"60",2019,2023,222.541832747126,241.978635127177,196.429660328849,0.103740960324473,522.390656723624,"usgs_ws_02011460","02011460",157590657.587209
"61",2019,2023,229.03588610463,240.420251998546,216.520947926633,0.0522791868153208,142.900699921233,"usgs_ws_01673000","01673000",2791506385.69128
"62",2019,2023,237.129624837851,242.131160590729,198.413279510239,0.105925930439789,572.53731359701,"usgs_ws_01646000","01646000",149646365.087063
"63",2019,2023,214.68221321495,210.898428827497,158.503750085089,0.161275052938641,985.923184073993,"usgs_ws_01643880","01643880",122168130.457453
"64",2019,2023,281.677525435552,305.436422579099,261.015033131441,0.0786272167978085,494.113937025937,"usgs_ws_03165500","03165500",3496114159.10409
"65",2019,2023,221.706403643024,238.358502752877,191.547913598219,0.10924198228686,563.009697258849,"usgs_ws_02011500","02011500",346648774.053348
"66",2019,2023,282.855483299961,301.480442368888,232.288466438001,0.131530709105015,1281.90697130958,"usgs_ws_03531500","03531500",826493815.399906
"67",2019,2023,246.581929169324,253.277942676751,215.561713967239,0.084382300201506,404.934042690577,"usgs_ws_03175500","03175500",578022259.33723
"68",2019,2023,243.763829660035,244.364004157281,179.284889259654,0.168118129790581,1398.86419340693,"usgs_ws_01667500","01667500",1210019740.46022
"69",2019,2023,225.537954101288,239.793136407797,201.122899083669,0.0880314174936765,382.448731468249,"usgs_ws_01673800","01673800",200730882.143942
"70",2019,2023,260.851655206898,274.348417718007,NA,NA,NA,"usgs_ws_02018500","02018500",88676820.5584542
"71",2019,2023,256.596370404151,289.625328955005,219.392093988399,0.137682850086202,1234.62959674136,"usgs_ws_03524500","03524500",225654466.800083
"72",2019,2023,242.496267786954,239.76722902844,NA,NA,NA,"usgs_ws_02079640","02079640",138607271.447473
"73",2019,2023,247.592409944795,261.02303271082,212.541834383749,0.10412909199034,626.558511045433,"usgs_ws_02027000","02027000",240729505.758264
"74",2019,2023,275.847961921279,277.898367070316,258.485737146199,0.0393928327031463,113.750201831054,"usgs_ws_02056900","02056900",297708998.721141
"75",2019,2023,296.61684768786,295.318655224869,278.509547171649,0.034811080127169,102.017624866696,"usgs_ws_03165000","03165000",102072840.922244
"76",2019,2023,230.020823005953,264.980873259227,177.190206369996,0.197253654781721,1953.41339345047,"usgs_ws_03208500","03208500",740436166.079864
"77",2019,2023,NA,248.122417350364,NA,NA,NA,"usgs_ws_01654500","01654500",9615198.40411969
"78",2019,2023,243.359687496075,244.714694299546,223.758130794877,0.0494261211573164,137.539103745497,"usgs_ws_02030500","02030500",586227939.031891
"79",2019,2023,261.941738418733,285.33186607426,234.685607871189,0.097246923668715,642.5063656898,"usgs_ws_03171000","03171000",7164832865.49279
"80",2019,2023,242.664731686305,292.056394229375,NA,NA,NA,"usgs_ws_02024915","02024915",70184162.7172679
"81",2019,2023,239.760592203272,270.476810997282,225.513371759579,0.0936957394129033,528.030042575887,"usgs_ws_03524000","03524000",1380470168.15182
"82",2019,2023,240.988411657181,241.938338598605,225.601024327619,0.0388288545119741,84.0969812688275,"usgs_ws_02051500","02051500",1429637356.96726
"83",2019,2023,225.224678285713,233.91753892483,172.236858073619,0.158634073465101,1114.63021786487,"usgs_ws_01664000","01664000",1603218330.32013
"84",2019,2023,251.279119954085,253.944283927322,253.109045266409,0.005392755742915,1.85822487893451,"usgs_ws_02074500","02074500",288622122.537259
"85",2019,2023,247.939032070249,257.341582540853,236.998426330459,0.0411486653535218,103.658135651046,"usgs_ws_02055100","02055100",30260425.2791649
"86",2019,2023,239.423563185356,242.054288780454,247.241105877251,0.0163758954720568,15.8229604153208,"usgs_ws_02077500","02077500",746336122.351962
"87",2019,2023,241.256288403071,238.951249902519,171.629922527549,0.182024779116897,1564.21752450816,"usgs_ws_02031000","02031000",246607887.90553
"88",2019,2023,224.639621587341,236.476798844157,NA,NA,NA,"usgs_ws_01660400","01660400",90667126.4938592
"89",2019,2023,246.745222961943,246.023854432566,203.706349297629,0.106146905840237,607.272709948894,"usgs_ws_01653000","01653000",87625394.9855376
"90",2019,2023,205.218145330421,242.163386741824,179.985816803509,0.149539736877371,977.94524487849,"usgs_ws_02015700","02015700",283788240.656139
"91",2019,2023,189.692229644821,198.215067700606,154.840228421749,0.127024294984382,528.112906707461,"usgs_ws_01621050","01621050",37059064.7025727
"92",2019,2023,250.950709480173,248.31189476138,251.059179330086,0.00622044533980956,2.42044688831752,"usgs_ws_02064000","02064000",427385214.956092
"93",2019,2023,245.061523061253,242.514553426945,164.505867499459,0.21066966204548,2096.84262957361,"usgs_ws_01666500","01666500",464293046.257376
"94",2019,2023,238.681376424676,237.316242380367,224.349610444984,0.033882653268039,62.5661084672158,"usgs_ws_02051000","02051000",144937406.448347
"95",2019,2023,227.787427133082,241.815085322599,209.577115263117,0.0713985386621555,261.279561039898,"usgs_ws_01671025","01671025",1207710904.84417
"96",2019,2023,251.755944778133,254.987180319562,247.613164439617,0.0147001602890431,13.6632703758424,"usgs_ws_02062500","02062500",6223099594.926
"97",2019,2023,260.391966285824,278.177287378685,NA,NA,NA,"usgs_ws_02027500","02027500",123527986.977875
"98",2019,2023,264.453432258024,264.164540063425,257.231786881972,0.0156082326427767,16.7164478854181,"usgs_ws_02075500","02075500",6698712228.55323
"99",2019,2023,NA,250.219211570098,NA,NA,NA,"usgs_ws_02011490","02011490",12689912.2379998
"100",2019,2023,197.786110553579,201.644511596123,142.981509116772,0.18147845818452,1076.62990952411,"usgs_ws_01634000","01634000",1994017493.52069
"101",2019,2023,245.16097451725,243.702129002142,244.441034680174,0.00298420505154908,0.532087534497869,"usgs_ws_02042500","02042500",651065126.134058
"102",2019,2023,238.868765006419,249.251447288169,204.870297346869,0.100495560114829,538.897060778908,"usgs_ws_02035000","02035000",16184361368.2907
"103",2019,2023,240.498531301976,242.173625845872,246.014551059181,0.0116428173472513,7.99752036451633,"usgs_ws_02077000","02077000",1416008028.38206
"104",2019,2023,222.16787300258,243.643235821,197.136543387731,0.1053295518619,541.771851925443,"usgs_ws_02013100","02013100",1583226778.02646
"105",2019,2023,254.122058921154,260.733866052161,154.003993718214,0.268232401103257,3576.43477032307,"usgs_ws_01665500","01665500",296487823.971996
"106",2019,2023,212.965080821574,217.170311829326,195.784541870249,0.0543038107520267,128.367673871517,"usgs_ws_01638480","01638480",231530033.229766
"107",2019,2023,221.748565686643,253.615315384007,NA,NA,NA,"usgs_ws_01626000","01626000",328514897.362503
"108",2019,2023,255.867154701656,259.716782576276,243.880626897239,0.0326248512781372,68.213385044966,"usgs_ws_02061500","02061500",814828423.80029
"109",2019,2023,234.522351134419,252.550225514617,200.134726446569,0.11625253075911,709.14958814886,"usgs_ws_02025500","02025500",8428090228.51836
"110",2019,2023,250.271313572942,275.157047333289,241.279436516219,0.0686670910569965,307.974352077813,"usgs_ws_03490000","03490000",1738263722.03573
"111",2019,2023,264.872083288021,291.039089870406,228.687232866039,0.119716412182139,980.301617572788,"usgs_ws_03473000","03473000",785212583.985672
"112",2019,2023,242.697497528785,243.383111454711,245.988906775867,0.00711632748964516,3.01560175715928,"usgs_ws_02039500","02039500",782176002.350829
"113",2019,2023,255.554557316246,284.521437996968,NA,NA,NA,"usgs_ws_03471500","03471500",198287155.934274
"114",2019,2023,209.489302663691,207.263767151098,157.466966060659,0.153671282107282,865.166318799621,"usgs_ws_01632000","01632000",542767682.476967
"115",2019,2023,246.189791544934,261.876137372897,202.269637235716,0.130491635403683,954.662709763953,"usgs_ws_02017500","02017500",271938885.682366
"116",2019,2023,220.881012045671,250.113198123645,173.147218622479,0.180947143566338,1509.46628967319,"usgs_ws_01626850","01626850",382484766.219302
"117",2019,2023,237.344379493421,268.70377774303,186.207937486287,0.180458424021571,1733.98520323209,"usgs_ws_03209200","03209200",1362554358.44218
"118",2019,2023,252.714710447144,254.241766953038,248.797148467558,0.0111481246878076,7.88717731475383,"usgs_ws_02079500","02079500",20366675573.7567
"119",2019,2023,235.167643186356,244.907090651395,216.886486336159,0.0612328170471725,202.368633149465,"usgs_ws_02054500","02054500",658458238.142593
"120",2019,2023,243.956493832194,251.662280787171,NA,NA,NA,"usgs_ws_02022500","02022500",90906193.368695
"121",2019,2023,239.009556365694,273.4836644228,162.211555236909,0.253274326156607,3244.64656439777,"usgs_ws_03208950","03208950",172188912.950058
"122",2019,2023,211.32446515439,220.383654389068,145.878384999679,0.211155927892864,1652.71558066533,"usgs_ws_01643700","01643700",315311574.332072
"123",2019,2023,248.009796176198,264.619328219537,210.549247818439,0.114896964564815,767.123805423991,"usgs_ws_02018000","02018000",851865579.038167
"124",2019,2023,274.482667275062,277.720484960891,285.012124501937,0.0193255675472771,29.0868233426298,"usgs_ws_02049500","02049500",1587615689.12163
"125",2019,2023,292.543523064424,290.18889274922,271.331410749526,0.0408407024988907,135.183770024985,"usgs_ws_02072500","02072500",669886699.671033
"126",2019,2023,213.113534334051,218.800050321082,NA,NA,NA,"usgs_ws_01638350","01638350",81829833.9597626
"127",2019,2023,227.926532994196,239.748738715653,198.979802453957,0.0943905746549728,439.963986833321,"usgs_ws_01674000","01674000",663316340.43919
"128",2019,2023,204.859592293025,215.666033570304,159.136107381942,0.155306790014443,900.508133392481,"usgs_ws_01625000","01625000",964748478.119823
"129",2019,2023,262.442751981015,262.593344536031,254.267193871953,0.0183403359410984,22.6978688988688,"usgs_ws_02076000","02076000",7150792121.92409
"130",2019,2023,245.473320634557,267.890403673036,241.733710383574,0.0562026505401295,200.113816770383,"usgs_ws_03521500","03521500",355023859.517368
"131",2019,2023,242.425159897067,244.265637208075,NA,NA,NA,"usgs_ws_01654000","01654000",61781349.3063163
"132",2019,2023,227.787427133082,241.882009147515,209.577115263117,0.0715325718296909,262.31314490753,"usgs_ws_01671020","01671020",1195019430.59464
"133",2019,2023,231.415606415202,240.877564228379,222.312280604669,0.0400942107296461,86.1781570833096,"usgs_ws_01672500","01672500",1022231010.17991
"134",2019,2023,246.423704106985,273.794411687421,199.734534160724,0.156041587438303,1402.31661383233,"usgs_ws_03209000","03209000",572746327.341673
"135",2019,2023,226.548419982774,244.845497883626,NA,NA,NA,"usgs_ws_01636210","01636210",36245223.4625335
"136",2019,2023,209.63830395798,224.746072460872,169.322885848679,0.142375706422756,820.884536785774,"usgs_ws_01644280","01644280",197014722.305778
"137",2019,2023,205.09118252164,220.379269661691,155.603719070254,0.174809203556654,1146.43443361296,"usgs_ws_01631000","01631000",4230045448.71749
"138",2019,2023,247.754012250195,276.252539046857,220.590873375897,0.112141816143516,774.703861391701,"usgs_ws_03170000","03170000",800468899.861655
"139",2019,2023,244.613022810903,270.002466068925,250.486275346177,0.0521170093804775,176.666770770339,"usgs_ws_03488000","03488000",572312493.930823
"140",2019,2023,215.5777295752,216.378029859029,NA,NA,NA,"usgs_ws_01643805","01643805",98653506.585549
"141",2019,2023,254.524918769807,276.186747498619,226.583832064252,0.0985121821614887,618.398061625427,"usgs_ws_03176500","03176500",9794840721.79541
"142",2019,2023,240.042356507983,239.963622187926,237.282209948269,0.00657198582041574,2.46909662053981,"usgs_ws_02039000","02039000",180131274.456192
"143",2019,2023,267.92113380143,290.011158655833,240.255208652734,0.0936997604755578,621.504528852033,"usgs_ws_03168000","03168000",5726801560.68145
"144",2019,2023,254.432315478737,235.635584001171,170.479884504954,0.200097120189796,1941.09882624813,"usgs_ws_02032640","02032640",280429242.505543
"145",2019,2023,201.682971282121,201.574704762123,NA,NA,NA,"usgs_ws_01615000","01615000",150507297.201678
"146",2019,2023,236.036742205325,252.731940329835,204.524878236072,0.105929531258258,599.274674490859,"usgs_ws_02026000","02026000",9444441426.31322
"147",2019,2023,284.241530297995,311.641055929426,264.034161205339,0.0833586091917968,570.91469929077,"usgs_ws_03164000","03164000",2954905986.34597
"148",2019,2023,228.415466778148,247.153318017173,193.137232142701,0.123044508512382,752.233073541299,"usgs_ws_02024000","02024000",1673771710.86912
"149",2019,2023,232.648373320013,251.479896986094,197.599950665159,0.120328146369646,747.677804954401,"usgs_ws_02024752","02024752",7961404152.46684
"150",2019,2023,264.805521161994,263.109198943314,263.822134291069,0.00322738593138673,0.725472602928623,"usgs_ws_02058400","02058400",909415393.031254
"151",2019,2023,282.855572772084,305.464345166129,214.357711348574,0.177307932018653,2250.58872238769,"usgs_ws_03529500","03529500",290185382.705737
"152",2019,2023,237.309555525696,239.617200925071,237.231723521579,0.00569347017484159,1.83696459211471,"usgs_ws_02040000","02040000",1877236920.11687
"153",2019,2023,242.352061586309,236.575762461434,196.794185221469,0.11012264289371,615.243269692235,"usgs_ws_02034000","02034000",1715497565.62336
"154",2019,2023,188.526438060644,196.92667306047,148.036646007659,0.14700199454339,683.370325628474,"usgs_ws_01632900","01632900",242136650.317969
"155",2019,2023,229.030690492768,253.627947870593,203.249088420787,0.110182822736724,634.624259228715,"usgs_ws_03173000","03173000",773227016.28835
"156",2019,2023,244.393676366401,244.004744523764,NA,NA,NA,"usgs_ws_01673550","01673550",66078662.1987425
"157",2019,2023,NA,243.404724512642,NA,NA,NA,"usgs_ws_01645784","01645784",2042210.76794874
"158",2019,2023,248.871075992826,274.609704451063,241.505550811549,0.0681623402407753,302.102157382626,"usgs_ws_03478400","03478400",69749571.750196
"159",2019,2023,268.646771709663,275.106469542365,240.985272971544,0.0692914495316443,328.523710658896,"usgs_ws_02061000","02061000",294024722.017034
"160",2019,2023,249.371838160807,251.872789089844,255.595633223339,0.0124140773857986,9.80832482869177,"usgs_ws_02046000","02046000",291446814.970076
"161",2019,2023,258.941013088755,257.281582272617,256.882837225515,0.00423568212783411,1.19146602169305,"usgs_ws_02047000","02047000",3730477372.58245
"162",2019,2023,248.280136072845,254.54726706485,245.528813810882,0.0185287466894555,21.3632006923538,"usgs_ws_02059500","02059500",485703761.838651
"163",2019,2023,242.358693101947,237.074890539684,240.319042296819,0.0111066686625748,7.10054425786098,"usgs_ws_02041000","02041000",408541002.191427
"164",2019,2023,193.5766787606,197.473601820468,124.810310630799,0.237701977605079,1670.65888026874,"usgs_ws_01616100","01616100",28446307.5602715
"165",2019,2023,234.148797645881,242.56446473944,212.111800508009,0.0684899622289527,247.302909046076,"usgs_ws_01674500","01674500",1559335859.90549
"166",2019,2023,234.979100215446,234.445083512929,NA,NA,NA,"usgs_ws_01658500","01658500",19725900.3190089
"167",2019,2023,237.52892766749,269.612697743394,170.027453158279,0.225194054767219,2583.8397170464,"usgs_ws_03207800","03207800",768290208.766574
"168",2019,2023,212.138539222538,217.690979566093,NA,NA,NA,"usgs_ws_01643590","01643590",20399448.1462486
"169",2019,2023,240.259046894468,250.644592414307,219.491581574931,0.066986113005906,251.609542650187,"usgs_ws_02055000","02055000",993928750.789965
"170",2019,2023,207.867518173823,238.788571074961,164.819291553222,0.182263870665638,1380.11927344311,"usgs_ws_02020500","02020500",364961358.476462
"171",2019,2023,238.210872694788,246.147916384735,182.704365515619,0.155456747344681,1194.84219144155,"usgs_ws_02030000","02030000",299384470.642828
"172",2019,2023,208.778300456013,235.198752012814,202.516049442269,0.0804952528482811,300.902515923186,"usgs_ws_01662800","01662800",66665826.823936
"173",2019,2023,227.988174960627,251.265988695864,NA,NA,NA,"usgs_ws_01670300","01670300",14451379.0095834
"174",2019,2023,251.389634255228,246.668839356586,246.012176768748,0.0118276920943229,8.60569320803609,"usgs_ws_02045500","02045500",1493310197.58654
"175",2019,2023,222.42564456906,240.99724970039,196.429660328849,0.101780121937877,501.160956026939,"usgs_ws_02011470","02011470",195632586.421466
"176",2019,2023,196.421974578008,203.508309797911,149.584544481319,0.159971606500639,858.622245138313,"usgs_ws_01636316","01636316",55343159.3744726
"177",2019,2023,198.407096641936,226.750636153185,141.028957184139,0.231404263873306,1907.30222748938,"usgs_ws_01634500","01634500",264227056.477521
"178",2019,2023,240.942548061076,268.430706136872,225.445894501544,0.0888765387369826,473.906522878113,"usgs_ws_03474000","03474000",341053098.204821
"179",2019,2023,309.8542911666,294.391617871559,293.666136064864,0.0305508929106476,83.612825813142,"usgs_ws_02069700","02069700",221502850.269753
"180",2019,2023,212.711002391429,219.069672860571,154.291714739725,0.182771677034338,1274.90495302896,"usgs_ws_01644000","01644000",858758018.70125
"181",2019,2023,248.146515777715,242.958996786658,251.441083735789,0.0172760988039959,18.2850550542611,"usgs_ws_02038000","02038000",85695863.4688673
"182",2019,2023,201.216289080013,215.245053335145,172.601242408614,0.110686190607895,472.353622145024,"usgs_ws_01638500","01638500",24734568589.6518
"183",2019,2023,239.9026286392,244.086121553276,246.515046954996,0.0137361963503674,11.1875612587184,"usgs_ws_02077303","02077303",526773223.247774
"184",2019,2023,317.874830620867,310.203784861071,267.843937737682,0.0902264028519031,726.048639009063,"usgs_ws_02068500","02068500",321904888.090359
"185",2019,2023,279.358231418643,278.424972512935,266.479055931093,0.0261381469617342,51.5748427340844,"usgs_ws_02074000","02074000",1408838904.68747
"186",2019,2023,313.902992691402,340.446235522192,281.036938300219,0.0954493679195456,885.697644604536,"usgs_ws_03161000","03161000",533712043.008783
"187",2019,2023,254.478676841386,255.587320677748,246.131155671579,0.020507701246224,26.7215429100272,"usgs_ws_02052500","02052500",179871003.549627
